7.856262265004688e-5
7.565665396669363e-5
6.154773177668993e-5
5.380157781509354e-5
8.124524456698534e-5
7.954451100489202e-5
8.08723444128967e-5
7.987576607504376e-5
7.959047229144645e-5
7.955126349179498e-5
7.957518930212792e-5
7.957661245439063e-5
7.957115919643432e-5
7.956834382671918e-5
7.956096247563327e-5
7.955743726228981e-5
7.95647271728539e-5
7.956705555256516e-5
7.955991614572167e-5
7.956630835725953e-5
7.95609695366517e-5
7.95599636452815e-5
7.955996336772575e-5
7.955991534058793e-5
7.955996336772575e-5
0.00011011499041058137
7.288945108685496e-5
9.262445565405564e-5
6.984549751543057e-5
8.322467457511085e-5
8.03359821051064e-5
7.973940068983776e-5
7.959726972217585e-5
7.95649817487698e-5
7.956323890467853e-5
7.956670662256915e-5
7.956092064087539e-5
7.956024377264725e-5
7.956005486187134e-5
7.956043726109474e-5
