7.856262264971381e-5
3.3562393241926e-5
7.783042482489844e-5
0.00018184342157467892
0.0979042691571872
0.0004167907121578329
0.019769287696027038
0.014037231993400234
0.010499905243168572
0.4540612053935442
0.49229160254866666
0.07103487826463184
0.009714705444436311
0.2187336581824012
0.0411968707627649
0.04926211363876232
0.048725020063814406
0.05832406505760723
0.005746672490054561
0.02151006364424246
0.02096870181815469
0.015963729632675006
0.007647712716584265
0.010909253589469592
0.00937616810256936
0.008280542326076445
0.00779678288554253
0.007617876718017058
0.007247065940923059
0.006631248005014578
0.006918786833997159
0.006704433805353127
0.006515833003004512
0.00630696602751557
0.006250572028331347
0.0061925157789245455
0.006007175893837147
0.006124512122991255
0.00593102633640652
0.0060930559269072315
0.006116383959439253
0.006103937316638053
0.006086532537303735
0.00606907629624398
0.0060171206459620485
0.0060007107104557145
0.005991937233713829
0.005977877268480869
0.0059388082690319255
0.005866873321769717
0.005892951850039574
0.005873914291938509
0.00581790553058148
0.005853707968535127
0.005773654670025663
0.00559721275701508
0.005638906928888798
0.005593430906157049
0.0053118858649287
0.0051481797277503905
0.004845548064818517
0.005034709730481701
0.005096540003979855
0.0049579942248323405
0.004892360921861405
0.004790065631754881
0.0047121208620810595
0.004623377808902873
0.004620241554904481
0.004621755121095972
0.004480668817309019
0.004536570928560302
0.004492668773108721
0.004479892567263444
0.004429143902191179
0.004454528461523832
0.004411427938827761
0.004440003288384897
0.004385756454685086
0.004430635048676135
0.004438231744706034
0.0044396614423144465
0.004439918100467843
0.004443024621136882
0.004446693876176133
0.004448230846218926
0.004440717141387163
0.00440848615878453
0.004267784285271303
0.004271044245932054
0.004269156672376151
0.004271342156876301
0.004270000787706896
0.004270947899572941
0.004270091460034209
0.004270604046324067
0.00427018817557423
0.004270443494474474
0.004270220064229391
0.004270249559513939
0.0042702333955085825
0.004270238971611828
0.00427024095536066
0.004270241833149391
0.004270245848816634
0.0042702402284504615
0.004270238969521611
0.00427024782075025
0.004270241540329289
0.00427023680529548
0.0042702370036190596
0.004270243035522037
0.00427023680529548
0.0026087383218181825
0.004269121674280618
0.004270100866881066
0.004270232002716479
0.00427023668534976
0.004270235914777598
0.004270236077026479
0.00427023857947284
0.004270240303508199
0.00427023988689923
0.004270236077151823
0.004235037619825466
0.004159182384465665
0.004210928672472192
0.0041921553446476745
0.004166753168177939
0.004147693807185049
0.004126047920811726
0.004109004652379511
0.004075464240140048
0.004089964208136898
0.004085624942441246
0.004076084009034475
0.004056679622527537
0.004008460192667207
0.003970964306924674
0.003982201885356584
0.003984323513062216
0.003983879398703927
0.003982915042299751
0.00398144255865196
0.003971263513481427
0.003970553653922848
0.003968031133567584
0.004540632902210184
0.003950887059258057
0.00395617749378685
0.0039420731467105785
0.004049771666345348
0.003934389108328329
0.00389702330389885
0.003910721730487454
0.003863444198454191
0.0038845910829207186
0.0038450887824996727
0.003831314801512553
0.003809518835695025
0.0037904729789378644
0.003763070680878111
0.0037833744645547895
0.003788376476254962
0.003779293157844088
0.0037721913211354874
0.0037632032731144127
0.0037180570190415985
0.0037438929846996816
0.0036433585023406545
0.0037324236977586134
0.0037107097588606752
0.0037260851282190366
0.003730238045950962
0.0037333654167955865
0.0037320137325942415
0.00372963996582909
0.003730580444808562
0.0037152344000959125
0.0037292845547651776
0.0037299678076363474
0.0037303583305871024
0.003729936769271802
0.0037299618092953013
0.003729962631320638
0.0037299672654793614
0.003729965749006303
0.003729965615644426
0.003729966252577599
0.0037299651527450406
0.0037299648592945545
0.0037299672851830445
0.0037299651680967605
0.0037299648592458157
0.0037299648592945545
0.0037315526050603065
0.0037321049799434736
0.0037322548464793215
0.0037338322141791114
0.003733133698241353
0.0037325539918156014
0.0037324122308036722
0.0037317610485354535
0.0037321404158969784
0.0037310388418838603
0.0037319039368848284
0.0037311929211268913
0.0037322090298220756
0.003731896616263164
0.0037318949967327653
0.003731832650783584
0.0037320223868684277
0.0037348008683351086
0.003735572255129327
0.003735266113889857
0.003729198803117839
0.003734522759527681
0.0037291178974272476
0.00373400029665949
0.003730658812830079
0.003733734076126982
0.0037339549389332483
0.003733809056988502
0.003733936085936085
0.003733849564000802
0.003733924140508993
0.0037304852306736525
0.0037336509130496687
0.003733899150171971
0.003733916978275076
0.003733914161752727
0.0037339082877390073
0.0037339164421490434
0.0037339137745870943
0.003733916431091333
0.0037339160919149794
0.0037339137745870943
0.0037339164315172146
0.0037339137745870943
0.0037339141962209332
