7.856262265004688e-5
8.775296137775168e-5
8.116563688786993e-5
7.935759043720125e-5
4.9074229171441885e-5
0.00012824054371363136
0.00014168475413389725
0.0003499971020218817
0.01005617385585389
0.0012393569464609344
0.0038226050284264623
0.45414259293636705
0.4947286064301699
0.021967729594285945
0.004262322428467247
0.01511687317609045
0.005764878602983359
0.003972726154297668
0.004736047343541161
0.0031272787303184835
0.004092369333512091
0.003921140946411605
0.0037931954757052244
0.0036133992335901644
0.0037221976756579567
0.0035244462848876834
0.003077608857693037
0.0032868189883892285
0.003217267072457952
0.003066918062358037
0.003169194558315769
0.003113041343279499
0.003095562578916522
0.003086167205314183
0.003090011649722446
0.003094258173070963
0.003091661552240277
0.0030933031915240106
0.003090490517297484
0.0030916975691988036
0.0030905662342288753
0.0030912471703424815
0.003089411650444962
0.003087686911813825
0.0030805543799486967
0.0030790042708865872
0.003078331827060965
0.00307854004052166
0.0030787529902496225
0.003078637482882951
0.0030787237212079877
0.003078734361099955
0.0030787264829977845
0.0030787221532638798
0.003078722417544144
0.003078725209435529
0.0030787229661538573
0.003078725536347804
0.003078725234162194
0.0030787252433926993
0.0030787252384858466
0.0030787252416105693
0.0030787252517257002
0.003078725514389924
0.003078725238452318
0.0030787252517257002
0.0030609476542352576
0.0030473416535024
0.0030351199654226058
0.003115905493637494
0.0030125573549023565
0.003020463215888336
0.0030149258906737586
0.003016661742105131
0.0030270142113204557
0.0030190029895137416
0.003047144847982297
0.0030203518418829844
0.003035031968861235
0.0030216231962882922
0.003022447119130134
0.0030218894216068604
0.0030219841355253463
0.0030220402926347534
0.003021993232583009
0.0030220019947276855
0.003021997420216027
0.0030219993828021208
0.0030219996177386355
0.0030220005525326554
0.0030219996353761935
0.00302199961796612
0.0030219996180859132
0.00302199961796612
0.41111619381283115
0.003022279717442844
0.0030220320939373657
0.003022003059917844
0.0030219992899461756
0.0030219993551861
0.003021999640102302
0.003021999353436833
0.0030219993551867663
0.003021999355230509
0.0030219993551861
0.0030210508964781946
0.003015643681108404
0.003014917929325067
0.0030074819209521264
0.0029793205390995503
0.003003511159655581
0.0030068145187210904
0.0030073658385360025
0.003007459215951025
0.0030073984766192385
0.0030074528353950525
0.0030074613369679426
0.0030074598642529926
0.0030074596422222655
0.0030074592163910063
0.003007459215951025
0.0029928318539638177
0.003000794488054126
0.0030249970252945735
0.0029937489166839137
0.002997310365288275
0.0029966380078001453
0.00299716415465634
0.002999864134150987
0.0030004693100234014
0.003000033603046015
0.0030031224716546845
0.00300042433550729
0.0030000900838835776
0.0030000406785504197
0.0030000339429477885
0.0030000352288687138
0.003000033947749281
0.0030000339432074696
0.003000033943074243
0.0030000339432074696
0.0030000339430580336
0.0030000339432074696
0.003000033943313385
0.0030000339432074696
0.0030000339433154943
0.0030000339432074696
0.0030000339428780665
0.0030000339432074696
0.003000033942895386
0.0030000339432074696
0.003000033942885394
0.0030000339432074696
0.0030000339430167333
0.0030000339432074696
0.0030000339431184297
0.0030000339432074696
0.003004198457778662
0.0030005595589148726
0.0030001102697458926
0.003000047140072626
0.0030000358506528935
0.003000033984496442
0.003000033943810876
0.00300003394290671
0.0030000339432074696
