0.10409418259444582
-0.27270074231245556
0.0012956744781151682
-0.921392352441909
-0.2891341388787333
0.003404933270714013
-0.19378249873644934
-0.027380971794814562
-0.0021715564557573536
0.000647148940981627
-0.0007463153404049487
2.6863995046638917e-5
-0.00048809104913389467
-5.784007640847468e-5
2.0945335808561308e-6
-3.912563306523215e-5
-4.132961449660345e-6
-7.218056812984513e-7
-1.829797495107141e-7
6.824478323994993e-7
7.734766396778953e-8
-4.3360181636122375e-7
1.136274188093331e-8
-1.644384982956388e-8
1.136274188093331e-8
-0.4598026430449873
-0.29387689483611446
-0.3391260413088482
-0.2971220212073529
-0.8725539955744186
-0.13900392922795113
-0.021506814102874538
-0.003338272788770842
-0.000518886948614436
-8.004432322341965e-5
-1.2022560523495142e-5
-8.326904053119171e-7
-3.069199372583171e-7
-3.697349998976087e-8
8.894706875417474e-7
