0.10409418259444582
-1.682795647504733
-0.42237085168331684
-0.059976326790211476
-0.24798978082761053
-2.2228935934199523
-3.468283962697446
-9.467226347307504
18.64766776111035
-8.868588315127464
9.132311786872856
0.0017796913750585067
-0.13551527099683439
12.827413325820537
10.139130532634137
-12.23365525944175
-0.34973327706062524
1.736750088390944
0.3001736805462222
-1.205815267192788
-0.2156029142651716
0.22542280611750865
0.07599019323440527
-0.4401636314132062
-0.07352618150023087
-0.030298043372077674
0.956507961554673
0.12686415371631454
0.0703544436571854
-0.39492363107520473
-0.02414974454901157
0.02705556798663022
0.005454138070100518
-0.2617220908652152
-0.02387645092283272
-0.00041090523755491946
0.005574125809622635
0.0012448007722116086
0.009100687508803221
0.003080758990614247
0.006834136758983637
0.003996379022733864
0.008542858301055358
0.010400775878510888
0.013401338007205506
0.003787666448513094
-0.04058075983601362
-0.002945592701397887
0.0003550274355127898
-0.0013375198214415976
-1.5004122826421108e-5
0.0001626507697993455
1.2299357940604413e-5
-1.985894860748284e-6
4.72379112142234e-6
-5.31439882436028e-7
2.9030297919719904e-6
4.377070352720449e-7
-5.449001990215616e-8
6.358626643229458e-8
-3.007854634805097e-8
1.3884956215404282e-7
-1.466578477625737e-8
-1.1677671266270389e-7
1.4567580029060825e-7
-1.466578477625737e-8
-0.005782909535082835
-0.008806249699155248
-0.008834317268125837
1.2606168881814968
0.0019367771779973118
-0.003749893072244698
-0.0001160034513993397
0.0027315915341792453
-5.46364740860457e-5
0.0028700701373642864
-0.03454186630742221
0.0014828543373218016
-0.016538901880096938
0.0004251290526825648
-0.0005091074618221696
0.0001227163343297939
1.852771748307988e-5
-4.648165985637584e-5
5.015000627587022e-6
-2.7157611639642913e-6
1.67819563638258e-6
-9.297503272381878e-7
8.26533477514543e-8
-4.927265467469186e-7
2.1161266966480108e-7
6.125548130788161e-8
1.6187961966656862e-7
6.125548130788161e-8
0.8593579371843216
-0.0003671231604634739
-4.2920027633270315e-5
-5.300757337370519e-6
-1.1422165657561737e-6
-1.840713117845973e-8
1.6752905326429765e-7
1.3501047341757823e-7
-5.898034159300722e-8
-5.124726616434269e-8
-1.840713117845973e-8
1.1547616934605788e-5
0.001419111275452683
0.0011269566308795733
-0.0012243212497553026
-0.0019364515595608094
-0.0016804883325866608
-0.0013076692788597508
-0.0012388319696187238
-0.0012265609586349742
-0.0012355583175796719
-0.001228321765461986
-0.001226985712635015
-0.0012267888000900727
-0.0012265144174968892
-0.001226661632845071
-0.0012265609586349742
0.0008711573030984754
-0.0008866614800847619
0.48046302119372775
0.0013756852451646945
-1.480615759910374e-5
0.00020447248677158292
3.1798200091403966e-5
-9.261308347784631e-5
0.0004567047667970569
6.198877055511137e-5
0.0009011769717535805
0.00016849523035209445
7.671282924982921e-5
6.378310479739707e-5
6.207344477583173e-5
6.23527108762671e-5
6.216606280859907e-5
6.200982065930517e-5
6.207895149595716e-5
6.200982065930517e-5
6.21259607356356e-5
6.200982065930517e-5
6.219053114065658e-5
6.200982065930517e-5
6.217233729069319e-5
6.200982065930517e-5
6.224243230833478e-5
6.200982065930517e-5
6.225483085133682e-5
6.200982065930517e-5
6.210039774580621e-5
6.200982065930517e-5
6.210774992613362e-5
6.200982065930517e-5
6.217308068279073e-5
6.200982065930517e-5
0.0011760329360797983
0.00020534238820788735
8.176411452906092e-5
6.462245035448633e-5
6.259676592301428e-5
6.212365345594704e-5
6.202810083895403e-5
6.210985301442588e-5
6.200982065930517e-5
