0.10409522328155653
0.13493455154906245
-1.0598545892626254
-4.184069049150004
-18.112647616380112
-6.139747562893467
-19.90145466167254
-19.660512683793353
-19.643734587515826
0.18970570884717192
0.12072063299722191
-19.226922884529234
-19.713672338615954
-0.7917560455665887
-17.507738077104488
32.532891047207514
30.70649924264608
8.858498518861154
-34.81334395423825
-8.974864088262834
0.5452800093602156
0.049195171509436704
0.18079238734866063
-0.20609688550003857
2.359625949102655
0.6754712210869126
-0.9407131230022835
-0.4521967135935813
0.5410499911236198
-1.411731659910439
-0.09092861484974515
-0.35781255097291964
-0.0949071954531678
-0.47392359218449137
-0.13564601055636594
0.3075581720926494
-1.7001384983774022
0.02196598302069287
-2.8554150088966495
-0.16133160865866578
-0.024461797869778333
-0.017946584540807786
0.005642541081697531
-0.008663115677161668
-0.038480766215512954
-0.07740280139336754
-0.10027607722624238
-0.11689730483646997
-0.15020051118234187
-0.1811274611499339
-0.17492234758533953
-0.09158302915587316
0.22116229273690716
0.015893693159930618
-0.03875462329875309
-0.10786290172385363
-0.08143916528929691
0.002378648290635941
0.09013294402510301
-0.020436940896226576
0.4809282853628472
0.11943047196534706
0.2462517053486456
0.26850665771555127
0.3177485736202443
0.38323425515774606
0.36036934074372795
0.16848578808228123
-0.17689162543830256
-0.0017253165330973002
0.15317857901708418
0.06568392680618247
0.03642709792084157
-0.09090683681023579
0.010857062430141185
-0.05012504015096541
0.10991093843869118
-0.0002617125197183236
0.27728831517111224
0.04731607775164265
0.00829445800557216
0.0014030408003257947
0.000151235380664425
0.00045643365977722717
-0.005904922429597806
-0.006097105029221078
-0.0008410654880756362
0.018242092972722942
-0.13642413778934914
-0.09335407032403982
-0.05926251834452116
-0.05791370991122979
-0.051681148234015296
0.043024125332940276
-0.011774457174153466
0.023409618400054524
-0.004108613246408309
0.013882087527349575
-0.0011532186625722023
0.0006370779432391694
-0.0004737950049756905
-5.121338564393427e-5
3.285470031830481e-5
-9.779386838382245e-6
1.8288283534275318e-5
-6.107250290198647e-6
-2.7783839817048756e-6
7.685324674984296e-6
-1.912196772778058e-6
-3.1839603435142296e-6
-3.3656623268426827e-6
-3.7154432011672042e-6
-3.1839603435142296e-6
7.997958726547522
0.04782361586765998
0.00491952075956385
0.0005738674502887195
6.211766873916151e-5
4.768845203962197e-6
7.455967073411166e-7
-1.7293015139419921e-6
4.023638716995205e-7
6.621348285231634e-8
6.892499729683303e-7
0.0034290023134129857
0.06243658138112367
0.01179751309272204
0.024927873903038536
0.05758965375738304
0.08699496072863491
0.11981465654853582
0.13488596168476635
0.1639315976087487
0.07788849514654385
0.0674302658493796
0.04748192778379069
0.044233587478582734
0.09386694112255009
0.19455432479854842
0.1892533126933936
0.1939155963184041
0.196821142992899
0.1996114713651408
0.2033122476812277
0.2222463678486887
0.2200908288026473
0.2096606384598614
-1.0173964611355333
0.1674754010000047
-0.07664809864429234
0.09621272872862394
-0.6587495231734936
0.058167123670661125
-0.09109636842257751
-0.007364441084191519
0.2155572551611549
0.049822951236031435
0.06511776087573871
0.05918250307853835
0.044003707058664916
0.002769628503685593
-0.1358372706700113
-0.026004938489254094
-0.005609247105066387
0.0008482575638825624
0.005141066326874281
0.0027232764451830004
-0.033531091185962876
-0.011860152638598917
0.03527792886606896
-0.007625149179536303
0.03812825578219872
0.0014609190013181146
-0.002905809330983081
-0.0028075957736775764
0.003942939651119156
-0.0014954416875266993
0.0013761578857653615
-0.0583226443406793
-0.0015643214254492342
6.721364054512526e-5
-0.03426663006845903
-0.003110875617481355
-0.000386618965066606
-1.954585339922735e-5
2.2943525591532106e-5
-8.124623650024642e-6
1.2762844016055475e-5
5.914307404648349e-7
-3.861971499310664e-6
-2.0870475108886945e-6
-1.918704208926499e-6
-2.127274847870529e-6
-2.290334801618184e-6
-2.0870475108886945e-6
1.4341080272358664e-5
-8.098580395608176e-5
-6.026872921735467e-6
0.0027131639586451925
0.0007258418513405862
0.00018618226583567434
0.00020582587451438658
-0.00047920899860229977
0.00019344479301463126
-0.0050361924975096594
4.655993546253779e-5
-0.002567766258774179
-6.715574630602215e-5
4.0458220488735517e-5
4.044116665609299e-5
-3.430367379453663e-5
8.271169778813272e-5
0.011007482676394778
0.015406982750658544
0.010142053107991421
-0.0967768929958383
0.0038373285322081873
-0.035082817269815096
0.0005597115049161228
-0.022992531888508725
-0.0011336171667764836
0.00029923855489820823
-0.0006546434242632045
0.00016227371806714155
-0.00038351897002186547
8.607280436688245e-5
-0.0394702053098606
-0.0024240106466085665
-0.00011721896131386465
4.100295170902052e-5
9.092451544387937e-6
-7.554421489166346e-5
2.6798900431565367e-6
8.124010141882179e-6
8.301530675146607e-6
8.874354562682925e-6
8.124010141882179e-6
8.645396203226842e-6
8.124010141882179e-6
8.402237437251096e-6
