0.9966105746629623
0.9965844402549089
0.9965558651549871
0.996525073461354
0.9964725421918185
0.9962992369481543
0.9961973330259174
0.9961007144613458
0.9960022441304738
0.9998526701624084
0.9916941077211355
0.9943066596272648
0.9905592264562852
0.9905407465095925
0.9931978041951458
0.9905154912047678
0.9900837303731594
0.9883516064837177
0.9854092190038088
0.9830983013771124
0.9842825520386661
0.982839770666159
0.9826492573216742
0.9825894987255838
0.9824513610352041
0.9827214182728696
0.9823228947956585
0.9822479598050904
0.9834115895995662
0.982157628127563
0.9821394377897575
0.9820781182069643
0.9817896288412938
0.9809459288681244
0.9721346993279794
0.9995214131054907
0.9338776026682778
0.9721110420258603
0.9712996861286989
0.9888885501128704
0.9694198652487857
0.9775412336181742
0.9694193992730865
0.9629121259983112
0.9938897743392535
0.9628274210537352
0.9384103911155653
0.9720216863876568
0.9565887658913257
0.9561844343728522
0.9528701313439262
0.9968814769785662
0.95054156613916
0.9195445822161392
0.8150387294358367
0.9973361073948643
0.7106830806121306
0.8641622712687688
0.9798827300499062
0.8021239151777576
0.72425168336469
0.47123110875408913
0.99664686559582
0.4628218984429163
0.4038051583853175
0.9952835519609742
0.9970652376966433
0.3822050648586291
0.24280604941049205
0.1110349295851033
0.045698073636432635
0.7228659010553191
0.015893245142355683
0.005011293317972454
0.0013279748230585198
0.00045283483450686557
0.00035208819101351096
0.0005356391929292603
0.0007680124649513953
0.003248117049395982
0.0011379795901138023
0.0025295889163141627
0.003925921003614996
0.00027854282433470434
0.000602335832523726
0.0009540785331102475
0.006133343985612827
0.0013443110588810536
0.01512102220910383
0.0017748739028118354
0.0014782554616345478
0.0010563310866341102
0.0004193366312155722
0.00034715656736211686
0.00030255533564665926
0.0012352957414799581
0.0003361028617032136
0.19124755864869908
0.00041891714275199554
0.0006891284878992598
0.00040491159508937447
0.0005483628240253724
0.0013678559077426877
0.0005595043213588169
0.0008865996150189681
0.0003894329053671375
0.016817492046416638
0.000516451207895785
0.00028392784199127163
0.00016401613705008256
0.0025840297592863437
0.00036732112567033903
0.00019574715477382876
0.0003566163243210463
0.003239334842970565
0.0004699810988398334
0.000837157045321113
0.0005540608981212669
0.00018490375448959595
0.0002813590654697773
0.0007243538242562297
0.00039535642066429455
0.017062300949551523
0.0004384028242684357
0.0019356844588530042
0.0005199139619370685
0.0006899590321775007
0.0005687280685479079
0.0002872059392162174
0.00011028521371142519
0.00014024721641792137
0.00018531918491743182
0.0003290311466155327
0.00023880063868647605
0.001062349783298
0.9870621150110792
0.001101060926821884
0.03219844381705805
0.0006014563457112931
0.0005242593880028235
0.0016439117537095926
0.0007435919531252888
0.04793688224360637
0.0008133462308058115
0.0006692409362896723
0.0004928007665242484
0.000546439496321327
0.014942054989262488
0.0016096845228603662
0.9999095561817947
0.9858180884206857
0.03520072033146565
0.0020492323008586832
0.0027823021466520936
0.0020978506866328184
0.9957184570651806
0.002311246855707605
0.0014281147237582004
0.0013919161945913916
0.00035354032211887265
0.00044603752356231485
0.0004964153661247694
0.0005683150465510267
0.000546829382912728
0.0005167542787306023
0.000572071868368218
0.0005363599831449406
0.3566205031903876
0.0005463567725780827
0.0007011515509876554
0.0006649255432655821
0.0005693179670117066
0.000568726516757434
0.000618678475749479
0.0005954094212815564
0.0005590628650216645
0.0006736015227205017
0.0007345002044756299
0.0005936577445072588
0.0007079335700683753
0.020079693291746248
0.0007452132790164989
0.001085182596139933
0.000762908555380859
0.0005183337158632395
0.00017672183764266824
0.00018757126708546235
0.0001679852175521246
0.00016011771577378875
0.00016639679568730692
0.0002124019234263086
0.0004140624092933143
0.0004173917040635744
0.0002283290206513966
0.000505056558571082
0.00029513956367621663
0.00029736684281489456
0.00032145988734233466
0.0006412195933110376
0.0003762987904449844
0.00043826631653987036
0.0002751194390384071
0.000555237760360705
0.00029216153198030614
0.00028266202455784484
0.00020303152208256403
0.0002107982065343017
0.00028062002038392597
0.00023447986776020668
0.0003167096803761149
0.0002735011400100684
0.00020440116682107767
0.00034906151618618875
0.00023537251332467202
0.0004944286937778042
0.0002749063289790854
0.00028422744568040725
0.00028198630219189447
0.00024285037785976016
0.0003231810398416912
0.00025016011765321977
0.0002184808345735978
0.0002150565173911212
0.0002099595345750882
0.00023166532078444657
0.00021551470842279263
0.00020829774731356832
0.00020803619364651027
0.0002072082013793164
0.00020887152074494653
0.0002050000451919165
0.00022386892450060314
0.00021937458162279988
0.00027793395261976883
0.0002851478068413571
0.000279924906464335
0.0002355587728047337
0.00025278721642418844
0.0002777727353119319
0.00027544108832439074
0.0002891839700882026
0.000243621103606928
0.0005501457379168961
0.00025569041745632237
0.0002813904658535704
0.0002714846761751599
0.00029010291582465264
0.0002699369857604994
0.0004440756177175875
0.0002808325823446256
0.0002977577858596647
0.0002659089820620242
0.0002696976750288793
0.00036125241456097523
0.00028079910623762805
0.00029166341914443894
0.0002785290700770826
0.00032710818521791696
0.00029190011497087776
0.00031119258001688355
0.00029611443278815264
0.0002858300636225941
0.00028251393335609887
0.0002924047672837604
0.00027981540986138365
0.002431414643765395
0.00029646537588579047
0.00029580488617142464
0.00028782943546373785
0.0003224589933643607
0.0002939975394515848
0.0003003780914894727
0.0002992696877262002
0.0002959241822791392
0.0003526686378313437
0.000301041303608085
0.0003083462847556784
0.0002941049369747373
0.00030566266500092754
0.0003007358981368391
0.00031334492739026887
0.0002999663708619371
0.00030268596603177933
0.0004790571897571594
0.0003074062601111649
0.0003091767663530032
0.00030502908034768517
0.00031339467673308086
0.0003058858768099637
0.00031953110340676716
0.00030850342382110485
0.0003362699963003757
0.00031189098362516265
0.00031398509630770066
0.0003099010961644666
0.0003204740539637929
0.00031348936193525967
0.0003137639930244074
0.0003080467694117073
0.0003423450760108304
0.0003122964918801374
0.00036973899129588705
0.0003151154107415288
0.0003163962864608516
0.00031613935106833413
0.0003156689760377973
0.00031537344873044937
0.00030796212269446066
0.0006733552835438417
0.00031260619073653073
0.0009715734763035555
0.000319499352766206
0.0003151317102646489
0.0003168646977444456
0.00031858231267983816
0.000321311190492779
0.00032047703960985663
0.0003271612619452635
0.00032092520320614604
0.00032310426188153496
0.00032077619420811665
0.0003201955093105613
0.000315030213916101
0.00035392330559030905
0.0003170626513583352
0.0003294162037940085
0.00031952290249442905
0.0003224407181224853
0.0003223709897184346
0.0003268225427828786
0.0003236533253942464
0.00032386454901156547
0.00031935062945542825
0.0003358008154055736
0.00032126686791383863
0.00035099290177165177
0.00032273291016493566
0.00032389277844807607
0.00032546298221614034
0.0003254357213245962
0.0003288098612503898
0.0003261133381458059
0.00032638559075326423
0.0003209577381128037
0.00032362433965649195
0.00032551894506155366
0.0003270484088666037
0.00032662307249897715
0.00032898282991478123
0.0003268138452484637
0.00032751515237755546
0.000327290790739343
0.0003279071732092409
0.0003263387503333881
0.0003913513650788403
0.00032867581876794283
0.0003621389482819648
0.0003298112965444133
0.00032913681320545507
0.00032868960835069627
0.00032844045530555643
0.0003290374727401013
0.0003290914179166493
0.00033073432459612695
0.0003302861012260405
0.00033321819013065745
0.0003312681187132571
0.0003308786420053722
0.0003306131634147058
0.00033084295529661745
0.0003297702767102173
0.0003326187665590452
0.0003304802813659524
0.0003319640460993645
0.0003310883098888717
0.0003314641619419634
0.00033166399746797914
0.0003317699721492873
0.0003316584099026243
0.00033166537140799646
0.00033166338356255265
0.0003316640901512846
0.00033166399746797914
