0.9940422717309969
0.9885325400138993
0.9757845295411877
0.9440143533669144
0.9366067942629087
0.9212091912601058
0.9928094356427579
0.8919303882219064
0.7501458141373738
0.7710585655961726
0.7238356923931137
0.332686875037028
0.6326031703678981
0.18598375259395922
0.14726217347351755
0.14149406645714319
0.5552666126417269
0.15507336428637464
0.14367323942843047
0.8171602054335158
0.051630689651394446
0.016229999683756824
0.00934579861562218
0.0022914006280855825
0.0014697274080736067
0.0010937742172936749
0.0006084073350555164
0.0004331067375074604
0.00039331921115232094
0.0003349102661981962
0.00024180866746931207
0.00016296777639240867
0.00011719011528421586
9.0744216116323e-5
8.9065722405135e-5
0.00010154089936481592
0.00010396117881406042
0.00010401388556857682
0.00010502569256748417
0.00010489297824328725
0.00010352765828236521
0.00010053312224106437
9.716352549604679e-5
9.5733622921923e-5
9.586723110061035e-5
9.654923970020546e-5
9.84560669130552e-5
0.00010142352115694031
0.00010393535034258772
0.00010163654567518776
0.00010198438521336062
0.00010403648511642105
0.0001036176572442038
0.00010288487371495902
0.00010231732139709404
0.00010076728618374498
9.944718620846782e-5
9.402037990952072e-5
8.46797761189233e-5
0.00012563699764167602
8.072515580159756e-5
0.0005370644664050572
8.426207926182094e-5
8.565493149814696e-5
8.581057139289694e-5
9.669994298094897e-5
8.672409505644518e-5
8.744906384594575e-5
8.915605160841888e-5
8.822539250508132e-5
8.797171750163368e-5
8.798695754741459e-5
8.7975240588678e-5
8.814253230721159e-5
8.800099161582198e-5
8.797563777646067e-5
8.797592717157965e-5
8.794516563392918e-5
8.797523112735739e-5
8.797592649911756e-5
8.797592490394912e-5
8.797557796147437e-5
8.797592597781234e-5
8.797592483883454e-5
8.797592490472628e-5
8.797592483883454e-5
8.794189265948216e-5
8.797448338737635e-5
8.797592273501742e-5
8.797592459580672e-5
8.797592273501742e-5
8.791883169756431e-5
8.797494882278878e-5
8.797592431758483e-5
8.797592271730936e-5
8.797592607695526e-5
8.797592271730936e-5
8.797592273646071e-5
8.797592271730936e-5
8.797592273618315e-5
8.797592271730936e-5
8.797592273473986e-5
8.797592271730936e-5
8.797592274334409e-5
8.797592271730936e-5
8.79759227199739e-5
8.797592271730936e-5
8.797592274517596e-5
8.797592271730936e-5
8.797592274517596e-5
8.797592271730936e-5
8.797592274517596e-5
8.797592271730936e-5
8.797592274517596e-5
8.797592271730936e-5
8.797592274517596e-5
8.797592271730936e-5
8.797592274517596e-5
8.797592271730936e-5
8.797592274517596e-5
8.797592271730936e-5
8.791883422004654e-5
8.797495125900667e-5
8.79759243064826e-5
8.797592607678872e-5
8.797592271730936e-5
