0.9940422753061071
0.9988347559440001
0.9974986182078321
0.997077055538689
0.994243946341801
0.9940745698050738
0.9941755508065766
0.9940869552942218
0.9940767246335588
0.9940756305904491
0.9940761699756826
0.9940758713212885
0.9940760704536494
0.9940759037974038
0.9940758806109187
0.9940758965293298
0.9940758831800174
0.9940758813191332
0.9940758809702624
0.9940758807249789
0.9940758809358803
0.9940758809535195
0.9940758809372914
0.994075880937553
0.9940758809372914
0.9991775439075193
0.9987925088155489
0.999384765232732
0.9985058679055168
0.9939809737141699
0.994004684184433
0.994063586948678
0.9940739410876014
0.9940755787210078
0.9940758339806749
0.9940758735786944
0.9940758797571103
0.9940758806132328
0.9940758808579195
0.9940758809097158
