0.9940422753061071
0.9937592720012378
0.9934473868845611
0.9938321996573815
0.9843273455992664
0.9761083041531499
0.9578822813240757
0.8092266883382919
0.14739915654915126
0.33267315947454124
0.053475137256648764
0.9415738260006635
0.976601901172391
0.26068757854444424
0.04622866427936562
0.0803565550837016
0.004936559791346884
0.004975652422819721
0.0033950138189302592
0.00677865440146691
0.003543770350871611
0.0017475851654043528
0.0011894423708465052
0.0009151304972920826
0.0010325933498085416
0.0007286033751642274
0.00041785599705057574
0.00040324895944315875
0.0002996180253764802
0.000453824217081622
0.00025165500551749265
0.00017472517167554935
0.00016425351346849304
0.0002752762554906196
0.00016630882182006035
0.00016426127743995877
0.00015217506538856007
0.0001601888178635047
0.00014247553177226813
0.0001528114864940422
0.00014232406533787323
0.00014953656935051685
0.0001361890825323231
0.00012890705437107464
0.00010446064399921573
0.00010311841725785253
0.00010817397421075681
0.00010264530483278245
0.00010282118007054475
0.00010271751544133068
0.00010279616068020747
0.00010280804242823738
0.00010279795526058066
0.00010279701721482848
0.00010279746450586602
0.00010279712951155595
0.0001027973527654158
0.00010279717992334181
0.0001027971538652972
0.00010279716293937202
0.00010279715766831066
0.00010279716121724958
0.0001027971580622733
0.00010279715829880631
0.00010279715799216271
0.0001027971580622733
7.572067680294836e-5
7.526443157879203e-5
7.24520607019441e-5
0.0006206898656577198
6.737271999179839e-5
5.982493441247794e-5
6.45913979927526e-5
4.86817983216814e-5
3.836928418321506e-5
4.0359998939532016e-5
8.314387335534024e-5
3.803972770882735e-5
5.6098813661531466e-5
3.777110533553785e-5
3.798545518512997e-5
3.7807526536481895e-5
3.782799337631593e-5
3.784264127104642e-5
3.7830881576994546e-5
3.783271093721341e-5
3.783177198379839e-5
3.783219742348187e-5
3.783208969054819e-5
3.7832164776430144e-5
3.783209419999656e-5
3.7832089673006664e-5
3.783208973295871e-5
3.7832089673006664e-5
0.9441016327357399
3.7942440405058786e-5
3.784307632603845e-5
3.7833492642136424e-5
3.783230606008159e-5
3.7832109683999526e-5
3.7832097107948215e-5
3.783210911456614e-5
3.7832109719082574e-5
3.783210971208817e-5
3.7832109683999526e-5
3.692384821735173e-5
3.218659842496585e-5
3.251717033342372e-5
3.790398206787726e-5
8.636048285626252e-5
4.1200941225782994e-5
3.8381119186914336e-5
3.79845184392269e-5
3.7918193494523855e-5
3.796249713600153e-5
3.7924787464893583e-5
3.7918788017232696e-5
3.791820500798071e-5
3.7918193558639235e-5
3.791819349130421e-5
3.7918193494523855e-5
5.043388462805387e-5
4.2106153832155435e-5
0.00031799212382177533
4.81862242691089e-5
4.478744240810073e-5
4.537470045401504e-5
4.491488407243338e-5
4.166267290567349e-5
4.005319621436243e-5
4.120173128463467e-5
3.673633096418216e-5
4.0579981181676494e-5
4.1116478381675314e-5
4.119121124279701e-5
4.12004439117597e-5
4.1199991498375166e-5
4.120043630079229e-5
4.120044358291164e-5
4.1200443774203066e-5
4.120044358291164e-5
4.12004437619351e-5
4.120044358291164e-5
4.120044341171525e-5
4.120044358291164e-5
4.120044345912177e-5
4.120044358291164e-5
4.1200443987809976e-5
4.120044358291164e-5
4.120044396183076e-5
4.120044358291164e-5
4.120044397676326e-5
4.120044358291164e-5
4.120044383892907e-5
4.120044358291164e-5
4.120044371852538e-5
4.120044358291164e-5
3.540971235460599e-5
4.035984452577246e-5
4.108127333302125e-5
4.118418944060176e-5
4.119877138536454e-5
4.1200373536054435e-5
4.1200442624178546e-5
4.120044397509792e-5
4.120044358291164e-5
