0.9940422753061071
0.9884549997835219
0.9721852689406201
0.9583904465833597
0.6860434940139126
0.9185784942766018
0.6547374740562083
0.6060355793902253
0.6062751614291366
0.9528036418665575
0.9679493450474621
0.64308349633981
0.6040135507493639
0.5270474088069946
0.40131053381709275
0.9711347354212977
0.2735175200348645
0.08711821126038499
0.39652603567904876
0.03647230508509225
0.019298349324566977
0.01263083586542807
0.02057069838310105
0.010100247005201846
0.007562016533635585
0.0011769238265268989
0.0008993408841454498
0.0008036958557786633
0.0007387276926346109
0.0012957712556399548
0.0006042362070445284
0.0005019055763801905
0.0005446249539183268
0.0003936543504765577
0.00019255582288957296
0.00015728739056336538
0.0014466267846233172
0.00012158717391064222
0.004424772064932747
0.00013649761683398598
0.00012283264808876648
0.00012006180757589968
0.00012188170109023178
0.00011838717292828038
0.00010873272220951469
8.628458052567511e-5
7.37956927488459e-5
6.596008508868989e-5
5.608462646922163e-5
9.653445481411227e-5
5.816388640755843e-5
6.635158522033668e-5
0.00011000395571347799
7.305230396925655e-5
8.50910845692221e-5
0.00015964935464807262
7.399957430592741e-5
4.263249618918774e-5
0.0001332406316694179
0.00021070942144307825
0.000419369221645316
0.00025349809601882267
0.00013681937678511336
0.00013732121880266623
0.0001686593992651364
0.00021346547651285297
0.0002368329991828677
0.0002650337915798273
0.0002664971446203479
0.00025652217431010316
0.00031864521292118697
0.00024231318256695555
0.00012723449470625203
9.337552379440339e-5
0.00015023170921135698
0.00010883782045167933
0.0001546363286350494
0.00011990778729792373
0.00018897983052695855
0.0001269097190679247
0.0001210310834642847
0.00012012199124650236
0.0001199609250858713
0.00011161051932545574
8.798863210102148e-5
7.90025140985362e-5
6.987638617661496e-5
6.723898245797333e-5
0.00011244494299966767
0.00010361067927178169
0.00010771957000044186
0.00010470445721322275
0.00010364942200580263
0.00010886261925935337
0.00010451194577892897
0.00010701661608691904
0.00010495639584129357
0.00010622841074348077
0.00010514442122344647
0.00010526261038334983
0.00010518853328289612
0.00010521663830759254
0.00010522223005493547
0.0001052195488394636
0.00010522135778934238
0.00010521931537421647
0.00010521978265431997
0.00010522070867347022
0.00010521988381484437
0.00010521972491572829
0.00010521948516373225
0.00010521930662221735
0.00010521972491572829
0.01017776623511546
0.00011007732019530092
0.00010565302338993998
0.00010526966020651951
0.00010522540919366552
0.00010522049153416368
0.00010522027669057632
0.00010522005141111457
0.00010522010799340897
0.00010522027654868982
0.00010522027666298728
0.0001239616744873051
0.00021719715006823792
0.00013826206515965556
0.00014201259201113148
0.00013134401832343157
0.00012863105217747473
0.00012862538694990988
0.000127066172070589
0.00014216322127302838
0.00014288271384832463
0.0001303170092142869
0.00013452977607086858
0.00013821392173180014
0.0001381631469411504
0.00013068380587438755
0.00011413487052286397
0.00010934139272533727
0.00010858931436824593
0.00010831963876783979
0.00010826817998099703
0.00011110427270821788
0.00010977924186206245
0.0001053134973853509
0.00206838612644189
9.601873913461789e-5
0.00017453368055792007
0.000101288721766013
0.0007056789182605661
0.00010543189213774173
0.00013415548994188953
0.00010032228635437068
0.00016925820330426777
9.332088957697549e-5
9.300622681174264e-5
4.405279352348579e-5
4.207262290267799e-5
4.265779183498797e-5
6.152614281679236e-5
4.4786222793580244e-5
4.3142712147392626e-5
4.2023641487642927e-5
4.427529946010589e-5
4.7940780347977e-5
8.289166004188386e-5
5.79359409333402e-5
0.000708019344986488
6.503124457274412e-5
9.449443203235486e-5
6.907281597512416e-5
6.182670361576381e-5
5.373190913660064e-5
5.238566832438396e-5
5.399137153283551e-5
5.297303641238482e-5
9.410858531794242e-5
5.429061702716398e-5
5.353756306514246e-5
5.769903348801231e-5
5.361169947409872e-5
5.3541741853846414e-5
5.353802611601788e-5
5.353802561081089e-5
5.353824082166003e-5
5.3538000589159473e-5
5.353807830199564e-5
5.35381037479743e-5
5.3538090388771664e-5
5.3538089537674693e-5
5.3538090615923295e-5
5.353809037034196e-5
5.3538090388771664e-5
5.1811752133312794e-5
5.123025973124973e-5
5.1000468299700064e-5
4.884242517672055e-5
4.9956595854994124e-5
5.060947260820958e-5
5.068363679966437e-5
5.1521958265021706e-5
5.082727209160254e-5
5.3091566160234915e-5
5.0946881909097463e-5
5.2101581877628256e-5
5.104073511835727e-5
5.0950223310974874e-5
5.0950965533091974e-5
5.0993820292777325e-5
5.058112207401155e-5
4.0788479739928274e-5
3.824507745814332e-5
3.908758300419368e-5
9.615468096457747e-5
4.0562860173787296e-5
5.61100119656488e-5
4.15416830468196e-5
5.027981706390294e-5
4.206865687633732e-5
4.162168854565662e-5
4.1918221621084495e-5
4.166359618534843e-5
4.183291600939887e-5
4.168720620773003e-5
5.529027997452918e-5
4.2347874773418503e-5
4.173985591293672e-5
4.169887840155262e-5
4.170718482821023e-5
4.1728877806790354e-5
4.1709027597147674e-5
4.1707311177918704e-5
4.1707295351522955e-5
4.170749767762327e-5
4.1707311177918704e-5
4.1707293726100936e-5
4.1707311177918704e-5
4.1707251993983174e-5
