0.09424640224719766
0.07094578660811085
0.05199744992556998
0.037354483993453313
0.025783260612420478
0.02072335767157707
0.016028876293435246
0.011716682836167447
0.007881732656785156
0.004668761582032999
0.002231432594140381
0.0016136548454122601
0.0010987288407805496
0.0006885091598152204
0.00038374328224533016
0.00018402434689485103
8.777119925851284e-5
9.22359517151472e-5
0.00019355556952088682
0.00038682863233119313
0.0006662225710085123
0.0010251179269610278
0.0014562737417984084
0.0031055167675454465
0.0051262829549174604
0.0073445327417756
0.009669276014713346
0.012126771783099455
0.014871043232796588
0.02233601233816146
0.03449305597444907
0.052401343265155276
0.07385053050488088
