-0.4054651081081644	0.6931471805599453	10.0	-0.40546510810816466	0.0	0.1	0.1	3.1258846903218442	0.0
-0.4055202124066223	0.6880026474054312	10.0	-0.4069339395447707	-0.00015078867280316925	0.09842999509465754	0.09919244428724316	3.1258846903218442	0.00027804748951447053
-0.40569183241420315	0.6778378797734593	10.0	-0.4050937443895416	-0.0005585446364637493	0.09417185755331624	0.09705393684518557	3.1258846903218442	0.0011027863249574298
-0.40617332167344733	0.6535708514787697	10.0	-0.3942138415276075	-0.00165897773397015	0.08266345399157687	0.0913466755603419	3.1258846903218442	0.0033877490153366423
-0.40661357003838444	0.6358475989895943	10.0	-0.37993812732260607	-0.0026460147712279655	0.07232302964013376	0.08629245206154364	3.1258846903218442	0.005465977107885589
-0.4074579601854262	0.6107954556837333	10.0	-0.3459328229018632	-0.004529164263840419	0.052556979535107115	0.076776444640141	3.1258846903218442	0.00944464651296469
-0.4082435561347205	0.5879103635013785	10.0	-0.3152119880884096	-0.006289714447167791	0.03403405088361966	0.06801614932799359	3.1258846903218442	0.013129780352135245
-0.4113859399318979	0.49636999477195903	10.0	-0.19232864883459513	-0.01333191518047728	-0.04005766372233016	0.03297496807940399	3.1258846903218442	0.027870315708817456
-0.42014671529126557	0.21422825355989872	10.0	0.1318222999936817	-0.032924839847275775	-0.24607191236437284	-0.0651971018351337	3.1258846903218442	0.0689950643188457
-0.46898735426109506	-1.3847371344919277	10.0	1.891383713988044	-0.14138233218941026	-1.387245859956289	-0.6139329562798956	3.1258846903218442	0.29664636817050144
-0.4305554100357856	-0.12653597439308822	10.0	0.5068120222579016	-0.056038807116269934	-0.4892737115509212	-0.18214119029837386	3.1258846903218442	0.11751107434581565
-0.43881106087139826	-0.39681294497367614	10.0	0.8042349258920591	-0.07437163826198658	-0.682169092379913	-0.274895333381472	3.1258846903218442	0.15599152252406734
-0.433302986115944	-0.2164872761343733	10.0	0.6057978044800987	-0.062140185352891425	-0.5534715252535695	-0.21301084187948915	3.1258846903218442	0.13031781255139183
-0.4339151178438519	-0.2365275021940227	10.0	0.6278508199898631	-0.06349950975143095	-0.5677741387147579	-0.2198882831626343	3.1258846903218442	0.1331710222744113
-0.4263997955791042	-0.004656765650212252	10.0	0.36027389515737185	-0.04737185560212126	-0.4014383139547627	-0.13770299326533644	3.1258846903218442	0.09955153232376739
-0.43339488268614906	-0.22047665235111255	10.0	0.6093282711510946	-0.062383100846506265	-0.5562598295504583	-0.2141991489187004	3.1258846903218442	0.13084377135419414
-0.43274361172732045	-0.22276632030912868	10.0	0.6005959717773343	-0.06228219368323615	-0.5634240813094319	-0.21197012816399682	3.1258846903218442	0.13108776409052242
-0.4301385278920059	-0.2319249921411932	10.0	0.5656667742822928	-0.06187856503015568	-0.5920810883453261	-0.20305404514518252	3.1258846903218442	0.1320637350358355
-0.4197181925507479	-0.2685596794694513	10.0	0.42594998430212755	-0.06026405041783381	-0.7067091164889033	-0.16738971306992528	3.1258846903218442	0.13596761881708774
-0.41988966811204215	-0.19239230374499194	10.0	0.37949811361065183	-0.0556271388668919	-0.6309295777300635	-0.15104158813527602	3.1258846903218442	0.12532291840579368
-0.41414396067290477	-0.1206478790689813	10.0	0.2503157072649332	-0.049438541890207695	-0.6073805566340681	-0.1151767253256824	3.1258846903218442	0.11501903999863877
-0.4181610110812529	-0.1708072325505677	10.0	0.3406322163561751	-0.05376523382077069	-0.6238446049365466	-0.14025126372164687	3.1258846903218442	0.12222288728837227
-0.4166229756872464	-0.12277052472182018	10.0	0.29936444370524157	-0.050905811807225664	-0.5961860191985211	-0.13112281010420188	3.1258846903218442	0.11638903019112494
-0.4165912611095646	-0.12473233641496964	10.0	0.3075009127412902	-0.0512810574420129	-0.6026340793858436	-0.13518138733790155	3.1258846903218442	0.11745401647193039
-0.415535287901675	-0.12995491571921036	10.0	0.3187097608918762	-0.05209195180139915	-0.6300022991519355	-0.14472350986338617	3.1258846903218442	0.12064985716949576
-0.4100737880658649	-0.14758690987899176	10.0	0.34845017507796866	-0.054541301528929144	-0.7452111447062835	-0.18290302952772203	3.1258846903218442	0.13268906928129023
-0.4134799624080814	-0.1365903616935701	10.0	0.3299019669349699	-0.05301371525266039	-0.6733588283973893	-0.15909160332825192	3.1258846903218442	0.12518057223313211
-0.4117699775046596	-0.129849449510751	10.0	0.32101890778319914	-0.05224183589332286	-0.6871666531718802	-0.16348681304785342	3.1258846903218442	0.1256968143610866
-0.3956350306726861	-0.028207418849136676	10.0	0.19602397021537116	-0.0412401829379213	-0.7628128020022882	-0.18870029531483426	3.1258846903218442	0.1226767766944685
-0.4083903874238276	-0.10855973581061606	10.0	0.2948377461371412	-0.049937454131918343	-0.703011327276029	-0.16876797297109936	3.1258846903218442	0.12506424398771443
-0.4073029827042133	-0.10466957693783105	10.0	0.28920982235483345	-0.04863002377800511	-0.7042123396100971	-0.17302805591412473	3.1258846903218442	0.12456418049466891
-0.404527427742695	-0.10354256697309754	10.0	0.28451136544499117	-0.044464478269325904	-0.7039567099821799	-0.19072360381012682	3.1258846903218442	0.12333754983811074
-0.38923995398602684	-0.1013225105146376	10.0	0.27235290111628696	-0.02163851574678566	-0.7076546383427319	-0.2955325157724693	3.1258846903218442	0.11748184939236442
-0.3436127795927098	-0.09403566979689137	10.0	0.24947146340506407	0.047345053953154054	-0.7132724609481983	-0.6146202355164818	3.1258846903218442	0.09948819362621618
0.038417947913604145	-0.006275803736066274	10.0	0.07295232951241287	0.6226036603976421	-0.7819623872944759	-3.2751091984288214	3.1258846903218442	-0.050847693213400255
46.47407194361491	10.597096166515954	10.0	-21.108447912861042	70.3202120883259	-11.36735260647311	-326.39360153950304	3.1258846903218442	-18.115170810817062
14.6808679831655	3.3372615629171203	10.0	-6.606130832627116	22.600193317624516	-4.119829608940923	-105.16333456956471	3.1258846903218442	-5.747029956408047
0.03935921455020733	-0.006060869748660486	10.0	0.07252297526305676	0.6240164548307799	-0.7821769567856186	-3.281658921116873	3.1258846903218442	-0.05121386324009987
0.07173743758878082	0.0013325513205369082	10.0	0.05775380454392894	0.672614558157666	-0.7895578397058555	-3.5069599928725417	3.1258846903218442	-0.0638095872713965
7.37630271037714	1.6692970571188284	10.0	-3.274188514041593	11.63640393789109	-2.454693724323389	-54.335147281218624	3.1258846903218442	-2.905419771839721
0.1485711944757855	0.018877192863008624	10.0	0.02270645586440949	0.7879382079990751	-0.8070727281303781	-4.0416010617487945	3.1258846903218442	-0.09369933127876517
30.205978055906126	7.083807122402105	10.0	-14.024723342034319	45.78547411260234	-8.471519108354773	-212.98111965546443	3.1258846903218442	-11.668334160732059
0.14858874873394382	0.01888131895427209	10.0	0.02269825182304725	0.7879644876567115	-0.80707720435386	-4.041723087519872	3.1258846903218442	-0.09370609114759954
0.37154995483799724	0.0712878790209013	10.0	-0.08150341483571376	1.1217492656734325	-0.8639308849435687	-5.591604196133853	3.1258846903218442	-0.17956494629389752
15.288764005372062	3.577547500711503	10.0	-7.053113378435016	23.453611689137887	-4.667724996649171	-109.28636192579914	3.1258846903218442	-5.923949553512978
0.3742020673515517	0.07191125245959801	10.0	-0.0827428885042853	1.125719619090874	-0.8646071566608253	-5.610039955226215	3.1258846903218442	-0.1805862331272074
1.9183444131371157	0.43485864590916057	10.0	-0.8044029871410562	3.4373827963779435	-1.2583535722205135	-16.343911970732925	3.1258846903218442	-0.7752111739798989
1.0312467557587	0.2263482172174904	10.0	-0.38981492492554165	2.1093504457230883	-1.0321493470741268	-10.177386750085901	3.1258846903218442	-0.4336038127875295
0.5608114449953537	0.11577339210878075	10.0	-0.16995540634276324	1.4050837774620222	-0.9121913536473348	-6.907226825328471	3.1258846903218442	-0.2524465706452181
0.8744349855042511	0.18948994218125387	10.0	-0.3165284187312822	1.8745948896360662	-0.992163349265196	-9.087333441833426	3.1258846903218442	-0.37321806540675906
0.6765268120919526	0.1429720444768068	10.0	-0.2240353708360875	1.5783158333625282	-0.9416980316707784	-7.711604701521212	3.1258846903218442	-0.2970067392743335
6.558989890794173	1.2037026509816113	10.0	-2.7129877747369417	10.355681084968502	-2.340967467407317	-48.33754999202078	3.1258846903218442	-2.4885437317764523
0.7896694107731239	0.163374011427543	10.0	-0.2719075868115116	1.7471386378329998	-0.9686114143977458	-8.492999325261085	3.1258846903218442	-0.339158502425274
1.0714967028304574	0.1036936032008038	10.0	-0.2857010615185962	2.1714952678831145	-0.9744558288852181	-10.45689852479362	3.1258846903218442	-0.435912514273539
2.1988058710597915	-0.13502802970615296	10.0	-0.3408749603469345	3.868921788083573	-0.9978334868351071	-18.312495322923766	3.1258846903218442	-0.8229285616665989
119.16780487487587	-26.709476071020966	10.0	-4.6859526068373585	182.42556348760627	-2.728321185983256	-840.2571579879864	3.1258846903218442	-42.653626137533415
18.02829193695472	-3.731364311639434	10.0	-0.9288969717014794	28.033101150372335	-1.2320214439362405	-129.54676846711675	3.1258846903218442	-6.483902409807726
10.183181050544192	-1.9490160535127818	10.0	-0.6374726093739113	16.057307003479377	-1.1159576321313387	-74.41893907626817	3.1258846903218442	-3.678317479326507
5.99909651764756	-0.9984245466443422	10.0	-0.4820453395011276	9.670178027907268	-1.0540565568204572	-45.01725162708662	3.1258846903218442	-2.181996435134696
2.4536988181004133	-0.19293772744587312	10.0	-0.3503435345492164	4.258023421884705	-1.0016044784073186	-20.103635703326376	3.1258846903218442	-0.9140839094312646
2.4687749101752807	-0.27957207400174405	10.0	-0.2529122754159988	4.226360356040401	-0.9564450994290131	-20.051395228736535	3.1258846903218442	-0.8370108261947569
2.52907927847475	-0.6261094602252277	10.0	0.13681276111687146	4.09970809266319	-0.7758075835157915	-19.842433330377165	3.1258846903218442	-0.528718493248726
2.770296751672627	-2.0122590051191622	10.0	1.6957129072483523	3.5930990391543425	-0.05325751986290472	-19.00658573693969	3.1258846903218442	0.7044508385353975
2.572242665025234	-0.8741466684334147	10.0	0.4157619131373874	4.009055611660542	-0.6465146791251448	-19.692866997994447	3.1258846903218442	-0.3080555211831152
2.5450769505783257	-0.7180396409528206	10.0	0.2401998543046442	4.066109508716126	-0.7278876760418642	-19.78699947000584	3.1258846903218442	-0.4469340422446939
3.130058261874491	-3.8313395695321244	10.0	3.8434298450482682	3.7785456559160644	0.8273259943698132	-19.220095729802303	3.1258846903218442	2.8341312507080856
2.679972956483598	-1.4359629616482628	10.0	1.0711004740738828	3.9997976207354506	-0.3692572233818138	-19.656272130842176	3.1258846903218442	0.30967577517502876
2.5589857671896907	-0.7920630617469625	10.0	0.3258721043099951	4.059272242609639	-0.6909101157069628	-19.773520475025098	3.1258846903218442	-0.3689217458373478
2.7349643117816753	-0.8316758558460202	10.0	0.3301063778749306	4.51478302369714	-0.7248480327421276	-21.15005075476006	3.1258846903218442	-0.35959112604505716
3.4388784901496128	-0.9901270322422511	10.0	0.3470434721346726	6.336826148047145	-0.8605997008827866	-26.656171873699904	3.1258846903218442	-0.32226864687589457
3.046636690941277	-0.9018333503896767	10.0	0.33760562228029756	5.321529830266972	-0.7849548563926783	-23.587998336750513	3.1258846903218442	-0.3430658361215641
4.133672932978277	-1.2924136036567055	10.0	0.49595916906481613	7.656365456370381	-0.8439612376793261	-31.566295657363277	3.1258846903218442	-0.3162507152651319
3.1584716397580954	-0.9420164840735409	10.0	0.35389713135309764	5.561739137595725	-0.791025468738309	-24.40881041089451	3.1258846903218442	-0.34030708020108413
3.3468472234288646	-1.016243608830356	10.0	0.3944816285640647	5.910214764266924	-0.7842452956515937	-25.57839954637877	3.1258846903218442	-0.3350557453840256
3.237935183768646	-0.980734019337415	10.0	0.38492432236261176	5.731110071711318	-0.7873149626561815	-24.79188996788117	3.1258846903218442	-0.31299959682691636
3.244863051315762	-0.987685728008304	10.0	0.39473244246871625	5.74656532214122	-0.7843400308569206	-24.759580514219365	3.1258846903218442	-0.3011605987657294
3.2395776439170962	-0.9838047016934267	10.0	0.39691711891861153	5.749512632404186	-0.7854273486797294	-24.640178092547334	3.1258846903218442	-0.29127432567658773
3.219546455945164	-0.9681873739077278	10.0	0.39383053505784466	5.744478520689397	-0.7912767740541067	-24.37078937202826	3.1258846903218442	-0.27610852587377094
3.1930049913724576	-0.9487431455132822	10.0	0.3866351841524358	5.7312984050455125	-0.7992739605423747	-24.091538260659654	3.1258846903218442	-0.2635256973384991
3.0868391330816327	-0.8709662319354998	10.0	0.35785378053080036	5.678577942469975	-0.8312627064954464	-22.97453381518523	3.1258846903218442	-0.21319438319741185
3.1397403374306943	-0.9097215574710081	10.0	0.37219521702416064	5.704847931795975	-0.8153230888652849	-23.53112405408277	3.1258846903218442	-0.23827388782724043
3.0506965414354825	-0.848668947432062	10.0	0.3459600311464797	5.63326361529111	-0.8379715433411052	-22.696475985423785	3.1258846903218442	-0.20963950956770652
2.9255423965590865	-0.7628105058870513	10.0	0.3028080862185704	5.491295751468587	-0.8642267956222848	-21.617236301314666	3.1258846903218442	-0.1915672480089236
2.905599368578256	-0.7490643860095154	10.0	0.28315670077851135	5.402740896463754	-0.8607644857327954	-21.648314321089682	3.1258846903218442	-0.2283930723952315
2.839047686487802	-0.7033691509143545	10.0	0.25954494058650823	5.3140761639629694	-0.8723129720699779	-21.081255423347546	3.1258846903218442	-0.22381772247166307
2.8010889101121714	-0.6784706963824226	10.0	0.24758881140979955	5.271804986715563	-0.87992189326629	-20.770777196301747	3.1258846903218442	-0.2170602718358229
2.649253804609649	-0.5788768782546955	10.0	0.19976429470296486	5.102720277725937	-0.910357578051538	-19.52886428811855	3.1258846903218442	-0.19003046929246223
2.762911200824877	-0.6534286362955419	10.0	0.2355637234724875	5.2292900041404335	-0.8875747000519488	-20.458508239713385	3.1258846903218442	-0.21026384659425548
2.4965231842565863	-0.47150605624039477	10.0	0.13827729183217846	4.911943618888357	-0.941826943704833	-18.391519592525125	3.1258846903218442	-0.18609441570343366
2.73837776351958	-0.6366741806345957	10.0	0.22660397144591043	5.20006347305641	-0.8925711485989822	-20.26814556109209	3.1258846903218442	-0.20803792357750944
2.753204004354507	-0.6467993657685054	10.0	0.2320185996414702	5.217725881435185	-0.889551655302719	-20.3831870403638	3.1258846903218442	-0.209383110976878
2.748159181574193	-0.6420454009149299	10.0	0.2270577753790233	5.211217363231249	-0.8915664191918358	-20.39274242406836	3.1258846903218442	-0.21330237311901198
2.7355920771055304	-0.6312862321143053	10.0	0.21586598158511758	5.197271121751743	-0.8965159997604321	-20.42480882140253	3.1258846903218442	-0.22123390272317978
2.716021034872858	-0.618052025339559	10.0	0.20672854336667837	5.175012974978614	-0.9012602821639508	-20.34102250227045	3.1258846903218442	-0.22251262738128266
2.6377368659421676	-0.5651151982405741	10.0	0.17017879049292153	5.0859803878860985	-0.9202374117780256	-20.005877225742136	3.1258846903218442	-0.22762752601369426
2.450524573241665	-0.4421562181749718	10.0	0.09089688732234466	4.8728848630127795	-0.9629032198958613	-19.070677481301853	3.1258846903218442	-0.22903050905018404
2.5669274577950993	-0.5186083557719486	10.0	0.14019195277354854	5.005381150638319	-0.9363749237830384	-19.652156113480324	3.1258846903218442	-0.22815817705706964
1.7426751309031117	0.01745253024129212	10.0	-0.20158484928683904	4.0931165907865	-1.1267869631503638	-15.51921631804173	3.1258846903218442	-0.21819521692558333
2.5220100525355322	-0.48939586431116966	10.0	0.12156691936375262	4.9556675428001515	-0.9467513758226862	-19.42693268899197	3.1258846903218442	-0.2276152482678986
2.473116828262715	-0.4575976585086337	10.0	0.10129330982795007	4.90155358489461	-0.9580462890929173	-19.181773839290702	3.1258846903218442	-0.2270242626822507
2.4755699868628436	-0.4621520125929391	10.0	0.10620987794087383	4.908201093084125	-0.9570165102165927	-19.16708238417735	3.1258846903218442	-0.22140773516784917
2.4130274089539343	-0.4267107559821283	10.0	0.08529437511179244	4.850605169148907	-0.9721837916196704	-18.85935668127635	3.1258846903218442	-0.21277848146819667
2.1989352602917056	-0.3003110266453581	10.0	0.005341479982686276	4.649162570429301	-1.0260036577944462	-17.89051139403554	3.1258846903218442	-0.19534470121027936
2.3050500491952253	-0.3629610615945368	10.0	0.04497013821169855	4.749007608992729	-0.9993278372487693	-18.370719630433452	3.1258846903218442	-0.20398575565071073
2.2491561812241274	-0.329961393800655	10.0	0.024096525647307958	4.696416208107905	-1.0133787985427356	-18.117779431982296	3.1258846903218442	-0.19943425099226328
2.195540424222275	-0.3019425386905316	10.0	0.004170003413115474	4.660988308985893	-1.0298494550325674	-17.96900388766526	3.1258846903218442	-0.1944897394881316
1.8624843222023792	-0.12296137148133496	10.0	-0.11271091528389539	4.397798031018455	-1.121225150929098	-16.725747356452043	3.1258846903218442	-0.15832525574256345
2.15678040648844	-0.28111327547338	10.0	-0.009432228925424337	4.630359055297031	-1.0404834700585988	-17.824317617378426	3.1258846903218442	-0.19028103103687655
2.119431532854391	-0.2704010500511816	10.0	-0.015095543000267659	4.616396517227087	-1.051291539100047	-17.73670738809285	3.1258846903218442	-0.17825970354033535
2.074330119264881	-0.24826182178199385	10.0	-0.02780757138172119	4.577726881273683	-1.0619180075928296	-17.53613407668803	3.1258846903218442	-0.1711159368758153
1.8939244649068403	-0.15970490870524284	10.0	-0.07865568490753531	4.423048337460065	-1.1044238815639595	-16.733840831068743	3.1258846903218442	-0.1425408702177351
2.0045509770694743	-0.21400887415705444	10.0	-0.04747512424591349	4.517898733748284	-1.0783588638094812	-17.22581489812517	3.1258846903218442	-0.16006338064262685
2.006363740379581	-0.2177003259800045	10.0	-0.04494552921476893	4.523199765525598	-1.0779820375380837	-17.251266319587437	3.1258846903218442	-0.15930603454372208
1.9406072161984675	-0.1925513094788201	10.0	-0.05952440390810619	4.479062798670889	-1.0946115049624419	-17.030356979564303	3.1258846903218442	-0.14763119240137632
1.6775811194740133	-0.09195524347408257	10.0	-0.11783990268145525	4.302514931252051	-1.1611293746598743	-16.14671961947176	3.1258846903218442	-0.10093182383199324
1.8394937072234334	-0.1538797808757898	10.0	-0.08194227339723056	4.411193584934737	-1.120182561592984	-16.69066568941071	3.1258846903218442	-0.1296788405938086
1.7617445897840693	-0.12694553678722148	10.0	-0.09852518817929581	4.366654240649841	-1.1412325764114504	-16.481611831803985	3.1258846903218442	-0.11849014366570632
1.8096065742923149	-0.14352612851308563	10.0	-0.08831682522238178	4.394072447780406	-1.1282742880562737	-16.610304385799413	3.1258846903218442	-0.12537785193400824
1.7815054861847899	-0.1423562881957675	10.0	-0.09110594286183392	4.394682664846083	-1.1382490434004218	-16.65419075331915	3.1258846903218442	-0.12731732289320635
1.7535669182362827	-0.1332401559814931	10.0	-0.09641136644808943	4.3761101933953555	-1.1449781640532746	-16.568905381506312	3.1258846903218442	-0.12431053231112917
1.6645267411102804	-0.10730887310361956	10.0	-0.11224051836123353	4.325463013490838	-1.1677674790501962	-16.350259123251853	3.1258846903218442	-0.11745156385893908
1.7190677165482626	-0.12319291004254031	10.0	-0.10254447536620269	4.356486610751503	-1.1538080338916739	-16.484189452076194	3.1258846903218442	-0.12165297991577605
1.3884230444201884	-0.02678432767300705	10.0	-0.16108272076581504	4.179400518611538	-1.2405370486261602	-15.704267316219823	3.1258846903218442	-0.09725652466775536
1.7066575603803325	-0.11957438640072812	10.0	-0.10474160366870992	4.34984000113133	-1.1570632522813076	-16.454916470169337	3.1258846903218442	-0.12073730261898723
1.5835136431680905	-0.08284361382702411	10.0	-0.12659041556279463	4.2872129058654	-1.1900068085516298	-16.16578207949519	3.1258846903218442	-0.11273859598902444
1.6851620524388118	-0.11316281016188362	10.0	-0.10855544458114925	4.3389080667401005	-1.1628137472425013	-16.404446331395118	3.1258846903218442	-0.11934108049305045
1.6497364888093164	-0.10239726049152038	10.0	-0.11467961036508333	4.3223471645062	-1.1724649454639102	-16.321952091821522	3.1258846903218442	-0.11860122929777538
1.6573173905644678	-0.10476582241887408	10.0	-0.11303011715708383	4.327548885711541	-1.1705093330077005	-16.34231499943674	3.1258846903218442	-0.12155994630375248
1.6477645847583857	-0.10080480957406512	10.0	-0.11359942385450694	4.332813059114676	-1.1740849000447025	-16.331056930907778	3.1258846903218442	-0.13797261369006864
1.5975933684800787	-0.08041773526688381	10.0	-0.12131056167706429	4.32881980657007	-1.190016347282708	-16.216612021530867	3.1258846903218442	-0.17230751704883915
1.5840537538073378	-0.07442253986255674	10.0	-0.12387133647940131	4.324381691347219	-1.1938935354908897	-16.1729935162386	3.1258846903218442	-0.17915932681437352
1.575766989259572	-0.06947015678739017	10.0	-0.12561510771824572	4.319743317144919	-1.1958011668142225	-16.12610822614816	3.1258846903218442	-0.18670703091041949
1.5577539187021936	-0.05503225198305013	10.0	-0.12971004316473483	4.306169553583296	-1.1988767750547198	-15.97169734301146	3.1258846903218442	-0.21531473026901382
1.48570163647268	0.002719367234310016	10.0	-0.1460897849506913	4.251874499336806	-1.2111792080167083	-15.354053810464665	3.1258846903218442	-0.32974552770339116
1.1974925075546257	0.23372584410375064	10.0	-0.21160875209451724	4.034694282350844	-1.2603889398646626	-12.883479680277485	3.1258846903218442	-0.7874687174409006
-0.8019580135027782	1.8566923832752544	10.0	-0.657054373938838	2.476733049043042	-1.5896231482671457	4.862656785785223	3.1258846903218442	-3.962750856894021
1.1906301219070632	0.23929608561139978	10.0	-0.21313758194547922	4.029347147878491	-1.2615189163670233	-12.822572530587184	3.1258846903218442	-0.7983667168418666
0.9601718169321022	0.48524035889490924	10.0	-0.2749657852935656	3.779916833403326	-1.2846120330804205	-9.92016458242615	3.1258846903218442	-1.2871975683651171
1.1401618593679796	0.29315563367761005	10.0	-0.22667739340608198	3.97472418865163	-1.2665760978700464	-12.186971716204607	3.1258846903218442	-0.9054162057051973
1.105014079907086	0.33066521736554777	10.0	-0.23610696920712737	3.9366829399971848	-1.2700980875566206	-11.744318133038693	3.1258846903218442	-0.9799690362698708
1.0693375448677132	0.3687390871030065	10.0	-0.2456784015033474	3.898069407040662	-1.2736730612929037	-11.295005365280675	3.1258846903218442	-1.0556434234636431
1.089274874053706	0.3474620411818544	10.0	-0.24032954135589804	3.919648036151891	-1.2716752375655462	-11.546097478020183	3.1258846903218442	-1.0133538578775945
0.8933387859133944	0.5371297366883351	10.0	-0.29313223493522245	3.714774656079839	-1.293468833622947	-9.326875208741885	3.1258846903218442	-1.3698512848191216
1.0853726933384826	0.35123938322604303	10.0	-0.2413811375909394	3.915567864089829	-1.2721092696576315	-11.50190038077197	3.1258846903218442	-1.020453710679809
1.0627298775177827	0.3606571188483364	10.0	-0.24610223094049352	3.8907724596917914	-1.2745668730167343	-11.359022023598435	3.1258846903218442	-1.0219156979423887
0.9674229760943046	0.3793601317614401	10.0	-0.26125558926620907	3.7935060447493396	-1.2858615351791693	-10.989477428410503	3.1258846903218442	-0.9805129125928912
0.9219756659009634	0.392866020938834	10.0	-0.26774301814154816	3.7529682562667124	-1.2924045562126787	-10.801680782522286	3.1258846903218442	-0.9902913430188384
-0.03564188156310866	0.681832978585599	10.0	-0.4105346311872119	2.861698487843216	-1.4263460956945608	-6.6478544908902215	3.1258846903218442	-1.1517229021600284
0.4890712426365043	0.523497580974289	10.0	-0.3322939665407618	3.3500572756835196	-1.3529547049167294	-8.923885435223482	3.1258846903218442	-1.063268740093239
-20.964679212366516	6.815071121586807	10.0	-3.5001218785483967	-16.600537494186845	-4.341137741361333	82.57674892661755	3.1258846903218442	-4.016807956163916
-3.9132644594936674	1.814536128220788	10.0	-0.9823361092647399	-0.7438290505485434	-1.9661335005511344	9.85215609017585	3.1258846903218442	-1.6693385816261128
-0.18846813004383872	0.7221942516948514	10.0	-0.4323383919088405	2.719989656815255	-1.4473256944652995	-6.034167735961352	3.1258846903218442	-1.156545629457665
0.3147272568498233	0.5746260776089933	10.0	-0.35803733228112894	3.1879286903674275	-1.3772381858832197	-8.18030517730485	3.1258846903218442	-1.0872706879198928
0.17694045945741294	0.615033733628767	10.0	-0.37838271961101794	3.059795916324968	-1.3964298032872533	-7.592641990183555	3.1258846903218442	-1.1062398052501619
0.2345917349692621	0.5981267951261647	10.0	-0.3698700206257135	3.113407858820311	-1.3883998523527896	-7.838525724692703	3.1258846903218442	-1.0983029504126884
-4.977498648639351	2.0457160455631036	10.0	-1.1218266994420123	-1.7259037643928106	-2.1182413846987083	13.521411220068186	3.1258846903218442	-1.6374016084716014
0.19991199651872854	0.6077586343488375	10.0	-0.3748733223776348	3.0812084821745316	-1.3932560063311803	-7.69640289641371	3.1258846903218442	-1.101889956601091
0.15992154098752806	0.6113378651052667	10.0	-0.3786190539864771	3.0407346008302776	-1.3979261361911588	-7.5911960359496105	3.1258846903218442	-1.0891125201682141
0.09871721209950364	0.6095865715617185	10.0	-0.38181821032105756	2.971803056028606	-1.4025454668753776	-7.474934445233387	3.1258846903218442	-1.0636504319601083
0.1725012270120015	0.5947909261207226	10.0	-0.37351584810408495	3.036874763485403	-1.392653331965576	-7.720496937184328	3.1258846903218442	-1.0700245874253196
0.1468938433588575	0.6023309066387605	10.0	-0.3766247325285065	3.010606190340744	-1.3948680145890076	-7.603300884797742	3.1258846903218442	-1.0807398607395844
0.13444551492364137	0.6043993236353973	10.0	-0.37730096109190175	2.9910735686812036	-1.3940626043811823	-7.5420318660933106	3.1258846903218442	-1.0912970380461162
0.11489185004715279	0.6072904208619723	10.0	-0.37726788254315885	2.9452167289431754	-1.3887704455931078	-7.406633422381635	3.1258846903218442	-1.1283711794362619
0.1123918244795411	0.6070830286167764	10.0	-0.375641718458372	2.9136688716464607	-1.381777626990402	-7.323018616489584	3.1258846903218442	-1.1658411433632514
0.1208125746561281	0.6047057816182448	10.0	-0.37256090177772827	2.879331494731344	-1.3715780622626665	-7.240548128366713	3.1258846903218442	-1.2155431444125973
0.12709589380902786	0.6030993825100934	10.0	-0.36970488732250867	2.8323452048101765	-1.3604407477089104	-7.116718741631232	3.1258846903218442	-1.274300602606256
0.1517487870454825	0.5971907772342309	10.0	-0.35438194771044984	2.520004856624785	-1.2934076477133116	-6.265060620936046	3.1258846903218442	-1.64215445127098
0.2503603599913011	0.5735563561307805	10.0	-0.29309018926221453	1.2706434638832191	-1.0252752477309166	-2.8584281381553023	3.1258846903218442	-3.1135698459298764
0.153386239965231	0.5967983258141153	10.0	-0.3533641932438141	2.499259112497067	-1.2889552881360886	-6.208493220794235	3.1258846903218442	-1.6665874195542354
0.1582013069232782	0.595644289662696	10.0	-0.3503714013017683	2.4382545206308057	-1.2758627532442002	-6.042152060055826	3.1258846903218442	-1.7384346017533958
0.17366425824047146	0.5949113010615527	10.0	-0.34872711421645086	2.4226112381682334	-1.270102758016288	-5.989929450912507	3.1258846903218442	-1.7729496830219384
0.17588732421387876	0.598786351481015	10.0	-0.3558157642297562	2.566398583712637	-1.2999312245838204	-6.359422871733626	3.1258846903218442	-1.6210743436194952
0.17394315730785875	0.5953974530520896	10.0	-0.34961643459713015	2.4406503593882674	-1.2738449463304418	-6.036284966990513	3.1258846903218442	-1.7538958667946374
0.16932945274596628	0.5978793071937982	10.0	-0.35069916129835865	2.432997727347156	-1.2744343667631208	-5.998236324063968	3.1258846903218442	-1.7623426186733222
0.17035338520156984	0.5975460023752417	10.0	-0.3508463835511585	2.4295254657155265	-1.274401364950063	-5.99154085089194	3.1258846903218442	-1.7668552681609213
0.17862575276016632	0.5978322595401618	10.0	-0.3541713039746538	2.371958035551778	-1.2739698792771257	-5.833477109976102	3.1258846903218442	-1.8437130361160126
0.18764845956454126	0.6014320765472804	10.0	-0.3600203619704313	2.288058982522358	-1.2745169590750125	-5.576498455048068	3.1258846903218442	-1.95979773520798
0.19949683834103119	0.6077826363070874	10.0	-0.3690590545224961	2.2203995387394038	-1.2826680294639554	-5.340607138470264	3.1258846903218442	-2.0696821388365167
0.21017109450356325	0.6106447660126096	10.0	-0.37353464582367024	2.2186071519570247	-1.290697495871739	-5.3063889343687975	3.1258846903218442	-2.0964419153660523
0.23948389898851744	0.6146048271503045	10.0	-0.38087773639744027	2.148111023162546	-1.2962677362841621	-5.0619670383892545	3.1258846903218442	-2.233009892514738
0.3872393785786582	0.627522183246087	10.0	-0.4112454276901251	1.88784313656212	-1.3230849814592047	-4.143856630156678	3.1258846903218442	-2.792175714363809
0.24835453334024787	0.6153803323500753	10.0	-0.38270088831242083	2.132485604315582	-1.2978777339433243	-5.00684744655726	3.1258846903218442	-2.266579920248173
0.29771323098911884	0.6163997788122343	10.0	-0.3891993456775484	2.080170891828964	-1.3045447107358343	-4.816447092308317	3.1258846903218442	-2.4070823763140297
0.27195686192622653	0.6158678109814375	10.0	-0.385808318883722	2.1074697693603337	-1.301065747088471	-4.915801857067864	3.1258846903218442	-2.333765346387131
0.2910149585538552	0.6129039220524383	10.0	-0.38521966082854775	2.110199197177777	-1.3014669574952786	-4.9271885880140065	3.1258846903218442	-2.356942796506917
0.2972053793248078	0.6079581968404	10.0	-0.38305651170700905	2.13322833331978	-1.302086197384108	-5.018893722640673	3.1258846903218442	-2.3373431075267312
0.30919364620826517	0.6094276354672689	10.0	-0.3874723153371605	2.1190857726307226	-1.3086297285232313	-4.960631360672026	3.1258846903218442	-2.3801686179205386
0.30443522407511986	0.6102738236059888	10.0	-0.38756642160011284	2.122016917641446	-1.3086963784920569	-4.964627681822336	3.1258846903218442	-2.373868934542556
0.3009616437972827	0.6118101380267786	10.0	-0.3886143427486544	2.121119725100342	-1.309733352861576	-4.949192607859571	3.1258846903218442	-2.3813768350523157
0.298525869058469	0.6133606992298765	10.0	-0.38959246932417085	2.114499702408782	-1.3096859530424108	-4.912809726441998	3.1258846903218442	-2.4042063344202385
0.2951693720451771	0.6163305473937916	10.0	-0.3909995963416114	2.088573477072534	-1.306518182407204	-4.795093613841956	3.1258846903218442	-2.4819252594147825
0.2916579847109092	0.6212576702694358	10.0	-0.3917155033218135	2.014892272825159	-1.2927058290948443	-4.481495410988334	3.1258846903218442	-2.700023090806371
0.2967561816893404	0.6199147549753891	10.0	-0.38887098695463534	1.9870376899933526	-1.2818627512897793	-4.360616396136328	3.1258846903218442	-2.815452900928575
0.3107505907890218	0.6098147914173137	10.0	-0.3778287306880369	1.9770029224112766	-1.2602184097925853	-4.314766122850981	3.1258846903218442	-2.9451914497223948
0.30497190856354817	0.6117310060444565	10.0	-0.37605989967931086	1.933695915081524	-1.248027898682842	-4.118052695704115	3.1258846903218442	-3.0959636671265742
0.3078329975913027	0.6107822671398714	10.0	-0.3769356673359418	1.9551376899813173	-1.254063554601947	-4.215447673670007	3.1258846903218442	-3.0213146866023046
0.3024564668101475	0.614624582553293	10.0	-0.38094992124081717	1.9557987341787368	-1.2615804846025334	-4.1982922270441545	3.1258846903218442	-3.01325897624584
0.29984436884785354	0.6152592781026528	10.0	-0.3813006166013035	1.9439879747006334	-1.2605544439045042	-4.1269289816730135	3.1258846903218442	-3.0788983899833444
0.29133416366382814	0.6165650468130373	10.0	-0.38335150885405817	1.8864506973961863	-1.2582297809986214	-3.7481538083840125	3.1258846903218442	-3.458986464618972
0.29574008887242	0.6158890208943587	10.0	-0.3822897156679809	1.9162390438611174	-1.259433311427915	-3.944254260522978	3.1258846903218442	-3.2622062938346383
0.28873151781378553	0.6155377148139424	10.0	-0.38442609518741017	1.8880690753948697	-1.263252264490155	-3.70403402977436	3.1258846903218442	-3.531372605571701
0.28475413314967124	0.6131361217814936	10.0	-0.38542679609888597	1.8973226211123952	-1.271278410915223	-3.657356538046061	3.1258846903218442	-3.634451521264338
0.29341305240156196	0.6090470013318972	10.0	-0.38769193564329635	1.8719335385681353	-1.2782162403006412	-3.3848884166142943	3.1258846903218442	-3.991477782922624
0.2892762633998661	0.6110005740596722	10.0	-0.38660976775582273	1.884063144397328	-1.2749017000604175	-3.5150597573166045	3.1258846903218442	-3.8209088851676203
0.2958249732007227	0.610272783631653	10.0	-0.38833565059585345	1.88434766834582	-1.2794969415375566	-3.4662512037270963	3.1258846903218442	-3.8978748427362353
0.30434020659021604	0.6102076602094118	10.0	-0.3898461731783294	1.8930834252738264	-1.2830687183645861	-3.474643688748034	3.1258846903218442	-3.909353268407675
0.3029971941849985	0.6106005743163693	10.0	-0.39154602018439144	1.894973963010171	-1.2870007390995928	-3.424096858505571	3.1258846903218442	-3.9788808746583237
0.2979554897759893	0.6108532468611124	10.0	-0.3945583053110848	1.9047934549204824	-1.2939234263927057	-3.254267864381498	3.1258846903218442	-4.225864285799806
0.2939405301426679	0.6116451338576189	10.0	-0.3948961722008343	1.9146731454855672	-1.2933839202841446	-3.2196055849923484	3.1258846903218442	-4.283784955628448
0.29426780504993744	0.6117938437129367	10.0	-0.39660371303378944	1.9452669826139874	-1.293895107850522	-3.002877303975699	3.1258846903218442	-4.636634640064956
0.3041133538936539	0.6115854206937211	10.0	-0.39591452707941327	1.9772584422273067	-1.287492055900996	-2.9002041751729104	3.1258846903218442	-4.842471117251668
0.30472344987286726	0.6125432481650765	10.0	-0.395419562163073	1.9905678886552822	-1.2838532180288553	-2.9194555608862327	3.1258846903218442	-4.832874836500608
0.3001094933313932	0.6139695697571499	10.0	-0.39568840460481697	2.0315235745389217	-1.279151420941043	-2.7530723155036223	3.1258846903218442	-5.1217450379352165
0.3023776023643929	0.6132684246861323	10.0	-0.3955562481865473	2.011390753548869	-1.2814627102543126	-2.8348622800167114	3.1258846903218442	-4.979743459171115
0.29938679677735175	0.6143368187266198	10.0	-0.39626202172110575	2.0598822425160987	-1.2789248019425445	-2.6718395442681135	3.1258846903218442	-5.281975576809771
0.3013539369216319	0.613634104776887	10.0	-0.39579781386399326	2.0279879746249763	-1.2805940583275843	-2.7790643566433997	3.1258846903218442	-5.083188690067999
0.2995127717609002	0.6136207308803956	10.0	-0.3963563030430343	2.041717371516385	-1.2823239335712444	-2.74147070026021	3.1258846903218442	-5.159191807275343
0.2972114005769343	0.6129189604311431	10.0	-0.39841170234558204	2.078816541212339	-1.289775421333437	-2.657662163900547	3.1258846903218442	-5.3473764423152845
0.2977410438570147	0.6122393387707717	10.0	-0.3993808570368532	2.1011490759452927	-1.2936808517029945	-2.6255338673369355	3.1258846903218442	-5.438454178783515
0.30291475728229406	0.6115880386379169	10.0	-0.4029611683468518	2.1778051279954505	-1.3023858001685975	-2.485525945381143	3.1258846903218442	-5.781062092935838
0.29989816295365357	0.6119677868237002	10.0	-0.4008736258208709	2.13310991725173	-1.2973102778089438	-2.567159207338203	3.1258846903218442	-5.581300527919614
0.30445550480103206	0.6117823818056256	10.0	-0.4029784174403316	2.192085496813914	-1.3018208935836002	-2.4892520060081607	3.1258846903218442	-5.80159466084034
0.3041204577477332	0.6120233743085334	10.0	-0.4039374930951225	2.224612695468832	-1.303841915487401	-2.4480825925374097	3.1258846903218442	-5.916817492084883
0.30371228475781487	0.6121050952850747	10.0	-0.4047140104779874	2.257873270262795	-1.305712711755761	-2.409563824208801	3.1258846903218442	-6.032017003636948
0.3040016408010411	0.6120222071568646	10.0	-0.4056315820378484	2.2903299518747477	-1.308050899721249	-2.365465126189762	3.1258846903218442	-6.155835339438992
0.3038164181531091	0.6120752655219778	10.0	-0.4050442259484798	2.269553774386894	-1.3065541783758035	-2.393693593535278	3.1258846903218442	-6.076576721702588
0.30419147464496965	0.6119673333821376	10.0	-0.4057156419321528	2.2946803238198332	-1.3084337603823026	-2.3666369326702323	3.1258846903218442	-6.165112574457486
0.3042959919797776	0.6119481271133556	10.0	-0.4057609090513313	2.2937876208627155	-1.3085749760687733	-2.366631457530748	3.1258846903218442	-6.165029878162089
0.30471406131900935	0.6118713020382273	10.0	-0.40594197752804506	2.290216809034245	-1.3091398388146562	-2.366609556972809	3.1258846903218442	-6.164699092980506
0.3059587768579073	0.6117063042442717	10.0	-0.4069410250594682	2.285513442351287	-1.3119659189516812	-2.3498506569517477	3.1258846903218442	-6.212617844185598
0.30646453775750304	0.6115231793847654	10.0	-0.4070411089716845	2.271172928774168	-1.3123262392217854	-2.340695333226174	3.1258846903218442	-6.2420557448471445
0.30754982007758436	0.6110015332947447	10.0	-0.40714207186298845	2.228016489539684	-1.312071351531202	-2.2635334449697178	3.1258846903218442	-6.478572056099485
0.30603012439833094	0.6110860772982137	10.0	-0.40404258103415763	2.120540960172275	-1.3017250781197403	-2.2197386958838887	3.1258846903218442	-6.628467004973256
0.30380975129026594	0.6117649098527249	10.0	-0.4021557823216892	2.085081543095923	-1.2935084964721009	-2.1294968008304687	3.1258846903218442	-6.922215654075046
0.29645057358921667	0.6142659007980376	10.0	-0.3968802228139651	2.040587936528592	-1.2734664997075098	-2.1060228200934854	3.1258846903218442	-7.034594614209986
0.2996899564412068	0.6133939016035771	10.0	-0.3992417911686803	2.077214010308302	-1.2811375497567081	-2.073963430635906	3.1258846903218442	-7.13689954325711
0.3035887289593198	0.6123989103600902	10.0	-0.4031032027572239	2.112171316961777	-1.294556157090341	-2.09045419789805	3.1258846903218442	-7.080694750761193
0.3016215351919608	0.6129521719856839	10.0	-0.4017445393403902	2.0944887223925375	-1.289261110230726	-2.0614531816751147	3.1258846903218442	-7.186542016326249
0.30038485907578666	0.613277351006992	10.0	-0.4011041389177302	2.085097917368879	-1.2862028630019455	-2.0158368976331285	3.1258846903218442	-7.359922727208188
0.2995679607118921	0.6133553667076327	10.0	-0.40035778932674354	2.0779546557554673	-1.2833743274246594	-1.98035867959348	3.1258846903218442	-7.514925457890894
0.3000692215266203	0.6132666531196952	10.0	-0.4011661087623231	2.080354137021188	-1.2849199244373244	-1.9088464398164715	3.1258846903218442	-7.820726562358724
0.30236782468060835	0.6127003716094405	10.0	-0.4034629608260795	2.0989848313264785	-1.2916855892740295	-1.8379656782117137	3.1258846903218442	-8.177672516578305
0.3033491186649193	0.6126401384101585	10.0	-0.404903808141532	2.103151914700205	-1.2940274867697357	-1.6999426515556126	3.1258846903218442	-8.812177287582506
0.30254298331345597	0.6126896201272068	10.0	-0.40372014863111233	2.0997286457576005	-1.2921036123845098	-1.8133288975556616	3.1258846903218442	-8.290930102991029
0.30229544709765443	0.6129059879047366	10.0	-0.4035777747215094	2.095270320043422	-1.290482348694284	-1.7601946110841384	3.1258846903218442	-8.55446736956747
0.30151970790715527	0.6132105210549706	10.0	-0.40293586858232844	2.086864624671769	-1.2877914644175754	-1.7439727705313233	3.1258846903218442	-8.651053447446333
0.3008001846380035	0.6133917666073763	10.0	-0.40263727346273837	2.079078892471964	-1.2858394744898825	-1.6876085452543872	3.1258846903218442	-8.960937227315576
0.30058629799051684	0.6133037029583788	10.0	-0.40284876290524035	2.0776295942625422	-1.2862299295575452	-1.6488247596767507	3.1258846903218442	-9.207047387716035
0.3010159349932647	0.6132427417930905	10.0	-0.4035347540013141	2.0785255802166542	-1.28681405363536	-1.5331674722399273	3.1258846903218442	-9.890138695959399
0.3006931334681143	0.6132885440796816	10.0	-0.4030193445495306	2.077852394176693	-1.2863751804889836	-1.6200648962061615	3.1258846903218442	-9.376907957667207
0.30167592518161673	0.6131756437535734	10.0	-0.40369347995153604	2.0845166910109203	-1.2877516070007025	-1.566850086195355	3.1258846903218442	-9.712693531389352
0.30250693193603445	0.6130567601415607	10.0	-0.40406254627834254	2.0903568419375502	-1.2889358907142459	-1.5662127719508145	3.1258846903218442	-9.738796363426543
0.30249367861902	0.6130573200477775	10.0	-0.404298517918291	2.08887290449746	-1.2891550531955671	-1.529913997818276	3.1258846903218442	-9.986734798333314
0.3016497842229366	0.613227660075855	10.0	-0.40431401272086054	2.079201290925615	-1.287851835245528	-1.438995157533851	3.1258846903218442	-10.619899974563072
0.30220432309654155	0.6131157264408666	10.0	-0.40430383079477655	2.085556690038306	-1.288708204262114	-1.498739636836935	3.1258846903218442	-10.20383523321405
0.30096485325764627	0.6133135015098053	10.0	-0.40392882080615194	2.075053192153311	-1.286913802539991	-1.4600873059884707	3.1258846903218442	-10.490791175916623
0.2999659673951831	0.6135020502422619	10.0	-0.40347841575391213	2.067706736333978	-1.2851761860317832	-1.4430484137043629	3.1258846903218442	-10.643373386017851
0.30041064462330747	0.6135793079048182	10.0	-0.4035471634136698	2.069424443902693	-1.2842781539347061	-1.3749055811339495	3.1258846903218442	-11.176036046581968
0.30020149296905163	0.6135429701593579	10.0	-0.4035148283043925	2.0686165289549456	-1.2847005387270884	-1.4069562130448645	3.1258846903218442	-10.925500895305593
0.3012681339168288	0.6134462529972694	10.0	-0.4039711429404404	2.0752358693079773	-1.2855273128767577	-1.3684539264172697	3.1258846903218442	-11.24108384228187
0.3006339194512005	0.613503760093166	10.0	-0.40369982263939386	2.0713000730931794	-1.2850357209060759	-1.391347016345867	3.1258846903218442	-11.053441252247186
0.3024759080698681	0.6132644304920911	10.0	-0.4044571665153273	2.082870269782314	-1.287119572248577	-1.370590683896681	3.1258846903218442	-11.240133818691502
0.3025478047705961	0.6132194678199117	10.0	-0.404667529227912	2.0818440328983705	-1.2875867920924167	-1.3528931254113652	3.1258846903218442	-11.400465306931975
0.30197056087641944	0.6132958791946475	10.0	-0.40469988100634635	2.077076105116135	-1.28721882313852	-1.3127801543396576	3.1258846903218442	-11.765351524642877
0.3006939971446217	0.6134443880916159	10.0	-0.4045166004040886	2.0695398172526156	-1.2862522524380262	-1.2689091644733161	3.1258846903218442	-12.222452835915146
0.2982288640546623	0.6138607692105686	10.0	-0.4044478927976953	2.053257245888787	-1.2834666921290112	-1.0676106421704368	3.1258846903218442	-14.192179696040057
0.3003330156866088	0.6135053608090812	10.0	-0.4045065392142756	2.06715548093623	-1.285844349259968	-1.2394320403485786	3.1258846903218442	-12.510889544160674
0.3010752225404745	0.6134812244325943	10.0	-0.40463980211125283	2.0718445353072923	-1.2858835618540139	-1.230387749741483	3.1258846903218442	-12.610336769028862
0.30229360254916904	0.6134547971901402	10.0	-0.40481560390643506	2.0762373347373995	-1.2858753211970606	-1.2203463829988053	3.1258846903218442	-12.733699694990118
0.3030108384305074	0.613479317826916	10.0	-0.40496901879122565	2.0757974018059278	-1.2854722141202586	-1.1769585347807119	3.1258846903218442	-13.203390967730025
0.30253988834834517	0.6134632171322845	10.0	-0.40486828379667655	2.076086269744096	-1.2857369015346498	-1.2054477824812393	3.1258846903218442	-12.89498316320832
0.3023048413074867	0.6134699695672569	10.0	-0.40485328001200444	2.073152234025982	-1.2855095902754132	-1.1863229702324758	3.1258846903218442	-13.10970804334553
0.3013185730870027	0.6134899822121539	10.0	-0.40473651830824564	2.0671532322846375	-1.2852918570793637	-1.1702485484177119	3.1258846903218442	-13.301494461829934
0.3009224148109107	0.6135261290795803	10.0	-0.40478443101489636	2.066936528974777	-1.285382076599279	-1.1553408571652468	3.1258846903218442	-13.487657003930947
0.30077633576570856	0.6136027053305718	10.0	-0.4050310357908134	2.0676050500838437	-1.285423197459244	-1.1002116841805862	3.1258846903218442	-14.153279357444747
0.30088561286016335	0.6135454210691569	10.0	-0.40484655858976376	2.0671049506734223	-1.2853924362498437	-1.141452067666961	3.1258846903218442	-13.655348413992169
0.3011160969641299	0.6135761896666596	10.0	-0.40503413375823905	2.068988871586702	-1.2854412575023395	-1.110252696575679	3.1258846903218442	-14.054263577785035
0.3015831486078666	0.6135803682964556	10.0	-0.40513843058101795	2.0712000041282734	-1.2854959071738814	-1.104127861517453	3.1258846903218442	-14.156704489319896
0.3018240675464196	0.6135906239439509	10.0	-0.4052121935620975	2.0704039116664026	-1.2852638830301781	-1.075130423787506	3.1258846903218442	-14.546404855959858
0.301603726904531	0.6135828156011337	10.0	-0.40512990384994696	2.068119917576471	-1.2850912006178095	-1.0738553327172902	3.1258846903218442	-14.571840664254188
0.3010476513695583	0.6135909433830423	10.0	-0.4050088312241409	2.0614470645780036	-1.2844927528839314	-1.0398715374547898	3.1258846903218442	-15.061272104988287
0.30103103244947477	0.6136095646954381	10.0	-0.40508564080476084	2.0640841153567124	-1.2847789538130334	-1.0452025168455994	3.1258846903218442	-14.99745520675834
0.3010555372273834	0.6136343045446873	10.0	-0.40518524710420945	2.065048601523424	-1.2848622050640295	-1.030137728367722	3.1258846903218442	-15.224175586645764
0.301256342444619	0.6137209427343279	10.0	-0.4055941924309028	2.067461500770411	-1.284977539967066	-0.9506509803090205	3.1258846903218442	-16.436941079015917
0.30108950990645555	0.6136489621888092	10.0	-0.4052544333959457	2.0654568212543647	-1.2848817176827783	-1.0166899812450891	3.1258846903218442	-15.429353985042498
0.3013067662412805	0.613663257719858	10.0	-0.405363587000249	2.06687304936701	-1.284980609516296	-1.0048812735458998	3.1258846903218442	-15.61778056872459
0.30174651746745484	0.6136719069805622	10.0	-0.40550593904364407	2.068865885333389	-1.2850920089603746	-0.9920116636707421	3.1258846903218442	-15.83790369736838
0.3016297843177124	0.6136652654742123	10.0	-0.4054724228366604	2.0663109571872287	-1.2847684687819612	-0.9703762246430496	3.1258846903218442	-16.199063709638022
0.3012691138771625	0.6136444943661045	10.0	-0.4053123635820723	2.0622604338586057	-1.28434438648056	-0.9635981225140242	3.1258846903218442	-16.33298783105507
0.3009953774690898	0.6136729768391516	10.0	-0.4052842643258991	2.0589353503946795	-1.2839954280251855	-0.9367453497676906	3.1258846903218442	-16.80550810620539
0.30117116746953126	0.6136546857613049	10.0	-0.4053023093067983	2.0610706762276845	-1.2842195246568913	-0.9539898550425596	3.1258846903218442	-16.50206166310298
0.3010314994862342	0.6137252076900072	10.0	-0.40542838380041296	2.0601904211236985	-1.28413451382176	-0.9172278522734763	3.1258846903218442	-17.159665900144876
0.3011290221211063	0.6136759660231559	10.0	-0.40534035276769365	2.0608050558815996	-1.284193872312081	-0.9428967800304608	3.1258846903218442	-16.70049625807327
0.3011550418736885	0.6137235134246231	10.0	-0.4054620601190474	2.0621260101453895	-1.2843582766068335	-0.9301803701815531	3.1258846903218442	-16.935727656229858
0.3012687748064073	0.6137826538635689	10.0	-0.4056517707634917	2.0651264080142	-1.2847146741633013	-0.9196360614250586	3.1258846903218442	-17.14409049351208
0.30131350411136937	0.613741967328002	10.0	-0.4056922883636489	2.064951353541192	-1.28459527387016	-0.8965687015678194	3.1258846903218442	-17.590861036819792
0.30129279084129096	0.6137608084703016	10.0	-0.4056735254520477	2.0650324178586663	-1.2846505658207363	-0.9072507467085692	3.1258846903218442	-17.38397029853391
0.30133292973316944	0.6136754934662964	10.0	-0.40557532131148966	2.062616428576153	-1.284271031147334	-0.893338506576505	3.1258846903218442	-17.670566830976774
0.30136225213380713	0.6136474869209788	10.0	-0.40548205053519837	2.059762394628763	-1.2839198449006917	-0.8859253940830998	3.1258846903218442	-17.83999948027279
0.3014214737239064	0.613749646474935	10.0	-0.4055240459932235	2.0550962151686414	-1.2834503342317485	-0.8472460677674715	3.1258846903218442	-18.642250871748956
0.3013812427249653	0.6136802464318064	10.0	-0.40549551722146127	2.0582660905570647	-1.2837692868838708	-0.8735220919916883	3.1258846903218442	-18.097257486281897
0.30129374028863165	0.6137986076106439	10.0	-0.40564875561143404	2.056825381601239	-1.2836147088740277	-0.8323688214179826	3.1258846903218442	-18.960985985177274
0.3013678065072604	0.6136984210865166	10.0	-0.4055190473590745	2.0580448660975983	-1.2837455510442797	-0.8672029044825662	3.1258846903218442	-18.229885155125785
0.3013005466189538	0.6137682306246727	10.0	-0.40563356903643205	2.0596561881605435	-1.2839612791462076	-0.8615488716299562	3.1258846903218442	-18.350582757413385
0.3011393917346301	0.6138862026278731	10.0	-0.4058625665552598	2.0637258067134705	-1.2844660168720141	-0.8529467275927255	3.1258846903218442	-18.540074914793358
0.30110960157180316	0.6138851338477141	10.0	-0.405920912175816	2.0648892163051977	-1.284574886709416	-0.8443808339253766	3.1258846903218442	-18.736827852700415
0.30123192322259124	0.6138909719015191	10.0	-0.40616179828634724	2.066834721156507	-1.2851090867111927	-0.8293907424033895	3.1258846903218442	-19.087220892681106
0.3014318367749339	0.6138609353719627	10.0	-0.4062537729661561	2.066704880816762	-1.2852795274294004	-0.81862190719679	3.1258846903218442	-19.366837433038505
0.3023065585802551	0.6136618451175103	10.0	-0.4064592752400827	2.061446195095239	-1.2851071138294348	-0.7340811630456079	3.1258846903218442	-21.427053049108046
0.30158857237811343	0.6138252617087147	10.0	-0.40629059555667885	2.0657626117736436	-1.2852486337790734	-0.803473611536186	3.1258846903218442	-19.735993815445134
0.3020129208038657	0.6137022047817016	10.0	-0.4063714084785422	2.0594186429641765	-1.284591900065644	-0.7153046289097319	3.1258846903218442	-21.902995438744675
0.3016369762585827	0.6138112250529276	10.0	-0.4062998135925495	2.065038978341023	-1.285173722554627	-0.7934164965873425	3.1258846903218442	-19.98317580360743
0.30161034240413426	0.613818948612352	10.0	-0.4062947414408274	2.065437151944701	-1.285214941866573	-0.7989503449714427	3.1258846903218442	-19.84716585913246
0.3014302689276813	0.6138042808192825	10.0	-0.40608332104861816	2.0627846709826816	-1.284584949107018	-0.797512799863874	3.1258846903218442	-19.88575780044163
0.3012112076754938	0.6138075679099965	10.0	-0.40583291587367093	2.059287793655949	-1.283800250123961	-0.7955673244358048	3.1258846903218442	-19.939068308365883
0.30103607348602796	0.6137807392256853	10.0	-0.40546992058012205	2.0538997194325774	-1.2826743044363023	-0.7909981594608273	3.1258846903218442	-20.063031106229605
0.3010436661474566	0.6137892823087631	10.0	-0.4055205849916371	2.05446349529836	-1.2827984671898853	-0.7898611936301818	3.1258846903218442	-20.09378787174509
0.3012378415224104	0.61387576772521	10.0	-0.4060585738971924	2.0598178835377587	-1.2840317191193347	-0.7682594125295092	3.1258846903218442	-20.65818923366649
0.3011137425700082	0.6138204942407031	10.0	-0.4057147411140741	2.056395853471268	-1.2832435384732097	-0.7820652743966626	3.1258846903218442	-20.297476049693085
0.30132948095814654	0.6138441194978969	10.0	-0.4059868791219189	2.059425588300428	-1.2838886512139112	-0.7671704984501505	3.1258846903218442	-20.697923906317204
0.3011750129225674	0.6138272038849627	10.0	-0.4057920291286425	2.0572563072956673	-1.2834267524362148	-0.777835113128621	3.1258846903218442	-20.411204448095635
0.30135316610172913	0.6138421628189148	10.0	-0.4060434652712618	2.0601928026442757	-1.284051725236331	-0.7646749344966224	3.1258846903218442	-20.77292123393958
0.3015239560143993	0.6138720572336984	10.0	-0.40638642079702797	2.064836418331147	-1.2850086693874714	-0.7576263929395639	3.1258846903218442	-20.977910260744892
0.3015181445772888	0.6139494684818521	10.0	-0.4068893957049734	2.070080736801613	-1.2860893446288677	-0.7231483124966358	3.1258846903218442	-21.943462873326048
0.3015228198389859	0.6138871916583166	10.0	-0.4064847558066129	2.065861718199815	-1.2852199487346956	-0.7508856941148953	3.1258846903218442	-21.16668235238019
0.3012961905769133	0.6138948960863552	10.0	-0.4063250689025706	2.0625113852677828	-1.2845324607387558	-0.7343857220250176	3.1258846903218442	-21.64075055296206
0.30145263951611695	0.6138895774898827	10.0	-0.4064353055353587	2.0648242200200206	-1.285007054207827	-0.7457761448977911	3.1258846903218442	-21.313487134227252
0.30116838504278964	0.6138708405835389	10.0	-0.40606806031731857	2.059207327385376	-1.2838469485270425	-0.7422512787195474	3.1258846903218442	-21.422168211408966
0.3011373865059684	0.6138659603364035	10.0	-0.4059637603063422	2.057475511366504	-1.2835006997406808	-0.740094700863734	3.1258846903218442	-21.490430482008534
0.3011893231983362	0.6138705319002893	10.0	-0.40591947480940915	2.055855867505027	-1.2831985858455615	-0.7270271754529283	3.1258846903218442	-21.88464396260317
0.30116195824428743	0.6138681231863347	10.0	-0.40594280842064523	2.056709242601208	-1.2833577668114746	-0.7339123315168828	3.1258846903218442	-21.676936592532602
0.3012722751111423	0.6138743554606473	10.0	-0.40604871818171306	2.0574968028027567	-1.283539734588273	-0.7226028306458545	3.1258846903218442	-22.027263749417124
0.30138247793101025	0.6138831095141621	10.0	-0.40620968893714127	2.059537523466349	-1.2839707844401576	-0.7176227898680134	3.1258846903218442	-22.193472337691745
0.301432515615972	0.6139132313857555	10.0	-0.4064756708394704	2.0619422411282757	-1.284502905627957	-0.6937704753782639	3.1258846903218442	-22.944261920042003
0.30139762465787895	0.6138922275971059	10.0	-0.4062902033580156	2.0602654468634705	-1.2841318609227883	-0.7104025419081436	3.1258846903218442	-22.42074114016312
0.3013460974650375	0.6139237469232679	10.0	-0.4064527210218993	2.0610132952741234	-1.2843211102774548	-0.6838244169120011	3.1258846903218442	-23.267452814675178
0.3013902887147618	0.6138967150137701	10.0	-0.40631334105040734	2.060371918283671	-1.2841588044146461	-0.706618605652753	3.1258846903218442	-22.54128775522771
0.30128811628384594	0.6139026857427919	10.0	-0.40626681032415024	2.059543245210551	-1.2839880766318763	-0.703756482835935	3.1258846903218442	-22.634986095634552
0.30104963250205025	0.6139128209556731	10.0	-0.40611922902070113	2.057187136187603	-1.2834952178494154	-0.6987893226668069	3.1258846903218442	-22.80243815480436
0.3010065190730229	0.6139163201585525	10.0	-0.4060719924508963	2.0563152970770795	-1.2833120294317404	-0.6950476599058475	3.1258846903218442	-22.931585166997102
0.30111981949929356	0.6139195436930933	10.0	-0.4061402508380828	2.056614139463427	-1.2833823079382127	-0.6837232502924537	3.1258846903218442	-23.316472600966215
0.3010511082411789	0.6139175887744653	10.0	-0.40609885540988505	2.056432905932188	-1.2833396874048477	-0.6905909599521056	3.1258846903218442	-23.083056887618827
0.30126584853826627	0.6139129676030385	10.0	-0.40625283290649694	2.0578250684017534	-1.2836466839313652	-0.6780050165474674	3.1258846903218442	-23.523618474875526
0.3014297135999734	0.6139093908572267	10.0	-0.4063573488136682	2.059099084261294	-1.283930744333493	-0.6765689603628253	3.1258846903218442	-23.587854742164843
0.30134411940060657	0.6139112591547815	10.0	-0.40630275538598926	2.058433607640824	-1.283782366622963	-0.677319078039465	3.1258846903218442	-23.554301208472786
0.3013743875562293	0.6139218850489756	10.0	-0.4063610319245199	2.058589969476048	-1.2838534468252387	-0.6692301241701439	3.1258846903218442	-23.843247394183603
0.3013030024463016	0.6139323471083155	10.0	-0.40634857083586595	2.0580623282709225	-1.2837574750396983	-0.6640203497053534	3.1258846903218442	-24.03370988648979
0.30107233280809625	0.6139503466424331	10.0	-0.406246200522148	2.0564347205161715	-1.2834207526106047	-0.6602486321783848	3.1258846903218442	-24.1800825615027
0.30106021954030576	0.6139522775313468	10.0	-0.4062393547385025	2.056081499096666	-1.2833260988731612	-0.652804371979645	3.1258846903218442	-24.460015915174
0.3011894679629712	0.6139399189471048	10.0	-0.40628477090333603	2.0568170359460303	-1.2834570965234402	-0.6522919535517727	3.1258846903218442	-24.48458595780056
0.3013229012125614	0.6139323528152378	10.0	-0.40635754144428715	2.057426395783258	-1.2835854805384046	-0.6449023459609935	3.1258846903218442	-24.771640665284878
0.3013138957922728	0.6139396672285191	10.0	-0.406386727292351	2.0573394284954216	-1.2836187545877351	-0.6415395373572832	3.1258846903218442	-24.906051269380676
0.30125750225142883	0.6139538608237111	10.0	-0.40637976708975276	2.0567608036838547	-1.2835294388670309	-0.6359251860670307	3.1258846903218442	-25.132428003691388
0.3011283644988739	0.6139702146398742	10.0	-0.40634171318318235	2.055946261622153	-1.2833658668127246	-0.6309977781180343	3.1258846903218442	-25.341817534542926
0.3007568235245092	0.6140242773449953	10.0	-0.4062759251315281	2.053286654934426	-1.282787769454867	-0.5942469150760683	3.1258846903218442	-26.84757817234501
0.30106276172098506	0.613979760460876	10.0	-0.4063300970244322	2.0554766563865394	-1.2832637924920376	-0.6245086991961528	3.1258846903218442	-25.607688831361255
0.3009907699997774	0.6139988407531856	10.0	-0.4063509984282467	2.0546361043909918	-1.2830679236239573	-0.6002147444781271	3.1258846903218442	-26.610093118519583
0.3010553450992217	0.6139817261217717	10.0	-0.4063322502971115	2.0553900623154595	-1.28324361398699	-0.6220059242901286	3.1258846903218442	-25.71095700341105
0.3011601510954092	0.6139698730474681	10.0	-0.40636813732202526	2.055986354587136	-1.2833501130557752	-0.6219742887984847	3.1258846903218442	-25.71324350067048
0.3012750480579056	0.613958614407961	10.0	-0.40641380339293753	2.0565642325341122	-1.283466698221696	-0.6206407839497974	3.1258846903218442	-25.770483871004778
0.301331675170072	0.6139544645835928	10.0	-0.40644062199968567	2.0567852015869628	-1.2835220916397085	-0.6189078373614401	3.1258846903218442	-25.845195960039128
0.3013640229023216	0.6139553608117156	10.0	-0.4064666152655974	2.056768757954224	-1.2835393522030358	-0.6140564466633864	3.1258846903218442	-26.054090996169553
0.3013220410684251	0.6139639066897618	10.0	-0.40646712293820764	2.056305102875009	-1.2834805930871744	-0.6091346269193776	3.1258846903218442	-26.271790070498668
0.3012417689601129	0.6139748281967825	10.0	-0.40644623558819093	2.0558275631184304	-1.2833677602485385	-0.6037564091426055	3.1258846903218442	-26.509492616592684
0.3009990988490754	0.6140005566955382	10.0	-0.40635718836244716	2.0547166439295017	-1.283080341090553	-0.5992313857848675	3.1258846903218442	-26.72054037390026
0.30098332832329244	0.6140072512535404	10.0	-0.40637057650372965	2.054513194699685	-1.2830532387856293	-0.5935944013408565	3.1258846903218442	-26.97350080084351
0.3009925884433358	0.6140033203503105	10.0	-0.40636271526960593	2.054632655795451	-1.283069152687328	-0.5969043196880717	3.1258846903218442	-26.82496777461733
0.30113586580518714	0.6139918009966842	10.0	-0.40643116872003254	2.0552344203330284	-1.2832413356239767	-0.5959903530413267	3.1258846903218442	-26.866665920159967
0.3012027583785331	0.6139864747004196	10.0	-0.4064576198945357	2.0554840708183204	-1.2833020017221952	-0.5948521048578933	3.1258846903218442	-26.91987834862659
0.301253213846907	0.6139842887987165	10.0	-0.40648132827558836	2.055605885761271	-1.2833333277785526	-0.5916571105031688	3.1258846903218442	-27.068755409920275
0.30133904379405424	0.6139772892785863	10.0	-0.4065151756401129	2.055905922723964	-1.283399056248647	-0.5889155866515494	3.1258846903218442	-27.20145229580828
0.30133253703271207	0.6139818770094237	10.0	-0.4065283986939928	2.055739333643079	-1.2833606358479428	-0.5816528216408178	3.1258846903218442	-27.54310513949916
0.30133664016544226	0.6139789840081953	10.0	-0.4065200602991579	2.055844383924521	-1.2833848635697458	-0.5862326866858144	3.1258846903218442	-27.327660482535666
0.30123669962075333	0.6139910783553062	10.0	-0.4064948849471732	2.0553445675571025	-1.2832764042025873	-0.582571454303933	3.1258846903218442	-27.501115136467472
0.3012896054717193	0.6139846759314674	10.0	-0.40650821210507754	2.0556091569720123	-1.2833338196902917	-0.5845096127895657	3.1258846903218442	-27.409292882558077
0.3011403731848548	0.6140006910616705	10.0	-0.4064592728853329	2.054953436348553	-1.2831902639278774	-0.5838777180922998	3.1258846903218442	-27.44015506094989
0.3011531866860921	0.6140006665290193	10.0	-0.4064676284661713	2.054955687931563	-1.2831973473272342	-0.5824387642153797	3.1258846903218442	-27.50929630896026
0.3011999143318622	0.6139981610149805	10.0	-0.406491799146272	2.055060802140105	-1.2832346211185763	-0.5797801330957134	3.1258846903218442	-27.63858649830431
0.30115817889549934	0.6140003988491363	10.0	-0.40647021077252526	2.054966917946088	-1.283201329521687	-0.5821547258679025	3.1258846903218442	-27.52310919614669
0.3011533985599667	0.6140006551684434	10.0	-0.4064677380615845	2.0549561645435186	-1.2831975163351623	-0.5824267093714598	3.1258846903218442	-27.50988254036385
0.3011531872871838	0.6140006664967891	10.0	-0.40646762877709636	2.0549556892837235	-1.2831973478067142	-0.5824387300154711	3.1258846903218442	-27.509297972114133
0.30115318668610147	0.6140006665290187	10.0	-0.4064676284661762	2.0549556879315842	-1.2831973473272418	-0.5824387642148451	3.1258846903218442	-27.509296308986254
0.3011531866860921	0.6140006665290193	10.0	-0.4064676284661713	2.054955687931563	-1.2831973473272342	-0.5824387642153797	3.1258846903218442	-27.50929630896026
