-0.4054651081081644	0.6931471805599453	10.0	-0.40546510810816466	0.0	2.5	0.1	3.1258846903218442	0.0
-0.40550508694999843	0.7298636995163883	10.0	-0.41962167904917297	-0.005429402997768962	2.4721490802302375	0.145587304675492	3.1258846903218442	-9.949311025035358e-5
-0.4056650023173347	0.8767297753421603	10.0	-0.4762479628132063	-0.02714701498884481	2.3607454011511875	0.32793652337745993	3.1258846903218442	-0.0004974655512517679
-0.40475368037416193	1.0108756764737696	10.0	-0.5576669034178754	-0.05701353202721046	2.252392044102262	0.7426616153264844	3.1258846903218442	0.009264007459107408
-0.3807369181969438	2.159723190420463	10.0	-0.7535909504047571	-0.2793439856001665	1.6369230009643874	3.9471704724218752	3.1258846903218442	0.12646347123968246
-0.4018326779910145	1.1506025181416475	10.0	-0.5814958693684742	-0.08405413724871189	2.1775365524046957	1.1324051594113573	3.1258846903218442	0.023518215019666604
-0.38727673335959784	1.8468895813000419	10.0	-0.7002404178159481	-0.21880293261945274	1.8045165238030043	3.0745759295833364	3.1258846903218442	0.09454980924680238
-0.38493113031164194	1.959092059322082	10.0	-0.7193753885663439	-0.2405168916329962	1.7444065867159768	3.3875450836658354	3.1258846903218442	0.1059961240095508
-0.3842588171058932	1.9912523209476314	10.0	-0.7248599881614534	-0.24674069894200096	1.727177454729833	3.4772504988532167	3.1258846903218442	0.10927694707074977
-0.10284970217287048	7.207584773895281	10.0	-1.435197281672289	-1.0340645796904604	-0.3913587383845778	17.99273272612172	3.1258846903218442	0.37841120398945904
-0.28204351398929517	3.8859635244631754	10.0	-0.9828734565187771	-0.5327177510385332	0.9576685523823989	8.749661152989184	3.1258846903218442	0.20703369406365985
-0.3766757027939238	2.131816514432808	10.0	-0.7440014040250783	-0.2679566676915559	1.6700893887293604	3.8683983159697126	3.1258846903218442	0.1165292915300515
-0.38329413745453955	2.0091340792313037	10.0	-0.7272950476399306	-0.24943967095988895	1.7199150433589712	3.527010046754018	3.1258846903218442	0.11019954810729923
-0.3774968468809073	2.1304316662838954	10.0	-0.6179678882718653	-0.24575749277340952	1.7918740015761752	4.541602645715768	3.1258846903218442	0.3191907083144747
-0.38075813184260315	2.0621953080195974	10.0	-0.679470242901746	-0.2478289142751139	1.7513932519376367	3.970840227787026	3.1258846903218442	0.2016220408043369
-0.3546143295598528	1.5539577749035745	10.0	0.9293342785261894	-0.29258358584723815	2.0607457111195653	8.619131087561737	3.1258846903218442	0.4525298039360437
-0.37425538721032414	1.935781450744769	10.0	-0.27931249794342133	-0.2589607380698134	1.8283384499494373	5.127009024917771	3.1258846903218442	0.264030296966003
-0.17922292376426513	2.0299541395072014	10.0	-0.26485831311222163	-0.2985481762871251	1.60165942853457	4.8223264805651755	3.1258846903218442	0.35042486584191523
0.011296200542187051	1.9120204890262225	10.0	-0.3872919759674375	-0.29625812425759857	1.5314003641101845	3.4703445474686156	3.1258846903218442	-0.031452568539994896
-0.12407506408165153	1.9958169449748457	10.0	-0.30029808580772943	-0.29788529549523635	1.5813221682179872	4.430980413805448	3.1258846903218442	0.2398862349096459
-0.06965389626341772	1.971350110408509	10.0	-0.2408687157304299	-0.3161164289178826	1.5999860646847681	4.495673036802497	3.1258846903218442	0.24667430128382192
0.016671796332355104	1.9468307219978607	10.0	-0.23370953923177767	-0.3312038636943363	1.6176592806442642	4.348920113670306	3.1258846903218442	0.21482295949417549
0.28046091077556706	1.876020283182171	10.0	-0.24808154295393653	-0.37517239441174116	1.6786816807230167	4.005845789589156	3.1258846903218442	0.13029288049821378
0.14306916413966386	1.9129011449625262	10.0	-0.2405960381096106	-0.3522718541637883	1.6468988145178247	4.184532391994762	3.1258846903218442	0.17431947053032915
0.22608433774031064	1.889152283706892	10.0	-0.25372718267271516	-0.37776451119361343	1.676137349758328	4.186237547913675	3.1258846903218442	0.15878283426881945
0.3738203429513819	1.8540277534334646	10.0	-0.30493618472564327	-0.43806922176194285	1.7092601986122908	4.232958001553176	3.1258846903218442	0.13601754414760703
0.4267128691872766	1.8414142482017717	10.0	-0.3199987373127552	-0.4516896800336773	1.720555562065282	4.173037459548143	3.1258846903218442	0.12063188899881146
0.44298142039583044	1.8355117290658103	10.0	-0.3236459131352238	-0.4559093680203394	1.7312615323569653	4.147722931183379	3.1258846903218442	0.11317133088058952
0.4826099469710049	1.8191460863778122	10.0	-0.342826934444974	-0.47103894872611096	1.7687707801092594	4.086684697027583	3.1258846903218442	0.09182716503326115
0.5715424407364436	1.786549461359758	10.0	-0.39036753198900803	-0.5009078461355767	1.8403116178618122	3.936041062150002	3.1258846903218442	0.047961821924655666
0.5262600995390845	1.8031468987356063	10.0	-0.36616097409810705	-0.4856993037185421	1.8038847002359515	4.012745269857579	3.1258846903218442	0.0702970264070811
0.5308778400628441	1.7983252115526582	10.0	-0.3746583018740847	-0.48822062768213464	1.8222877526337737	3.960572284284977	3.1258846903218442	0.059131685213724236
0.49691736857114666	1.8029121136915953	10.0	-0.375004328246938	-0.4815333939695198	1.8329852481788462	3.914713589121145	3.1258846903218442	0.05398511192017244
0.48757443011785556	1.7981370934826053	10.0	-0.3894343931535454	-0.485960314397008	1.864387557823282	3.8522423401725225	3.1258846903218442	0.038201462572047144
0.44456046631449675	1.8025360719846937	10.0	-0.3959906289295997	-0.48462719781791114	1.8843286234244343	3.8301997113388326	3.1258846903218442	0.03179458061512401
0.37611308457468196	1.8100361164086118	10.0	-0.40430235247802804	-0.4825067168399184	1.913512537284126	3.792417005782596	3.1258846903218442	0.022305191951706035
0.23710841377206948	1.8152131445275577	10.0	-0.4426663597192761	-0.48707723893377697	2.0197959141718616	3.6103617288587113	3.1258846903218442	-0.02255890765465282
0.34364831523319633	1.8112452198350328	10.0	-0.4132623294263623	-0.48357416978729445	1.9383351946493177	3.749897696621201	3.1258846903218442	0.011827107747599546
0.1904376681764755	1.8153789617959761	10.0	-0.4554656076862082	-0.49126193501178145	2.061658437169474	3.527102734330975	3.1258846903218442	-0.0419945720965269
0.32874150497633514	1.8116474171251453	10.0	-0.417368547064123	-0.4843221599544419	1.9503340746999205	3.728220598502717	3.1258846903218442	0.0065904640511278804
0.3396374241810234	1.8113534367831474	10.0	-0.41436716616190666	-0.48377542726738776	1.941563665381942	3.7440651625389694	3.1258846903218442	0.0104181136714907
0.3480646938072981	1.8101486557537074	10.0	-0.4128402552565459	-0.48579366840346533	1.9388850327329372	3.745371547724463	3.1258846903218442	0.010834403959504777
0.36116089957542746	1.8075631422419922	10.0	-0.41092387889708554	-0.49237396334023303	1.9374476011017037	3.7466305670033284	3.1258846903218442	0.01004424168206065
0.3689757168576311	1.8051268618870289	10.0	-0.41060457522915395	-0.49976425405621394	1.9402021940244478	3.7437141025911918	3.1258846903218442	0.0076113432232677546
0.3950072115291765	1.795976044104147	10.0	-0.4099623451336803	-0.5303613037193519	1.9532875843677424	3.732714322073697	3.1258846903218442	-0.0024418389319931615
0.410375549930168	1.7899192054715574	10.0	-0.41043741857705995	-0.5525122213957211	1.963688113865965	3.727483787507529	3.1258846903218442	-0.009299363415089818
0.42595174332913843	1.7848675008462855	10.0	-0.4103164421937072	-0.5711556277225819	1.9700566012402698	3.726064779491224	3.1258846903218442	-0.013585353163204122
0.4481265751858913	1.7782757366666613	10.0	-0.4096626896786525	-0.5962391535898155	1.9768319570447526	3.7244390649928762	3.1258846903218442	-0.018074451895335648
0.505886167414014	1.7613733101118811	10.0	-0.4075929887735359	-0.6628332772897747	1.9935126306022344	3.7179821577881307	3.1258846903218442	-0.028513286960500542
0.6363161712011409	1.7229572021403536	10.0	-0.40297661936817847	-0.8199721010995341	2.032334367682732	3.698868341752944	3.1258846903218442	-0.0509192581781068
0.5737699840033352	1.7413791986966047	10.0	-0.4051903454788742	-0.7446180107470637	2.0137178564178564	3.708034149320905	3.1258846903218442	-0.04017473598663107
0.6115937325488086	1.730619855608211	10.0	-0.4039270856160576	-0.7961001682438016	2.0238636061665995	3.702956650761544	3.1258846903218442	-0.04352040031107078
0.6451867364375805	1.719140884685437	10.0	-0.40461684265708275	-0.8813119073865079	2.0419475691147406	3.6818417603201397	3.1258846903218442	-0.04159874617624527
0.6233467916495854	1.7266037508228764	10.0	-0.40416840834192	-0.8259128819129996	2.0301905749012055	3.695569262718309	3.1258846903218442	-0.04284807833913169
0.6010655216969781	1.7262336977832753	10.0	-0.40898810297910954	-0.853312189055591	2.05182482633091	3.660127980202618	3.1258846903218442	-0.047744708314119165
0.5026470359097691	1.7372583491379037	10.0	-0.42396099249238484	-0.8914778383812272	2.096713603904153	3.575955589358458	3.1258846903218442	-0.04862770664720635
0.47519804306034386	1.7452669337306828	10.0	-0.42579033553434736	-0.8639385716848426	2.0892425470751936	3.5850361805950026	3.1258846903218442	-0.04270242109196489
0.49900904287749226	1.7346677406528301	10.0	-0.42884934147838133	-0.9366240955042997	2.112055908013453	3.570664286983055	3.1258846903218442	-0.04686149138311561
0.45425558054427223	1.720304324002965	10.0	-0.4526812824705863	-1.1501804492764935	2.214641689687058	3.456087962010262	3.1258846903218442	-0.05898930120674379
0.33657279118197614	1.7290235631409105	10.0	-0.4785549356501329	-1.2647748951912159	2.289205547871063	3.3643905180484626	3.1258846903218442	-0.056544394455721264
0.2861467943895472	1.7147393927860073	10.0	-0.5071067815819018	-1.5013439377578617	2.3981123350836504	3.2675048808532794	3.1258846903218442	-0.06524830674963181
0.31681152402942936	1.7234257896829526	10.0	-0.4897440184852937	-1.3574831081676542	2.3318846470209014	3.326422345247837	3.1258846903218442	-0.059955340139558035
0.34843319856919597	1.714275492694271	10.0	-0.49342670941505157	-1.4133897646085054	2.342510806578355	3.3601765074217407	3.1258846903218442	-0.06060297094469243
0.28843941830014924	1.7173256801323793	10.0	-0.5066862619199534	-1.479846135537991	2.3859675130868903	3.2996392084859254	3.1258846903218442	-0.061866600144590264
0.25883933409133153	1.7171698381881797	10.0	-0.5157927911395752	-1.5327346762395073	2.414903898428462	3.2719600798502158	3.1258846903218442	-0.06293479046215288
0.20575128030761303	1.7174093189196626	10.0	-0.5321014187680753	-1.6221887513237998	2.46486942284676	3.227967477748279	3.1258846903218442	-0.06508245956759083
0.1498287704438982	1.7191474359674725	10.0	-0.5482072485678853	-1.6984495672971158	2.511472326874066	3.1901467513398503	3.1258846903218442	-0.06817271207705519
0.06142596777800938	1.7235551947491985	10.0	-0.5724912871028356	-1.7925651974657542	2.5786154008906537	3.1424159830418414	3.1258846903218442	-0.0770672736910272
0.04399344907359487	1.7269884530034965	10.0	-0.5749334857293595	-1.7691451042543886	2.5815999798689337	3.146895491778974	3.1258846903218442	-0.08508230395229158
0.05292275971059106	1.725229864358363	10.0	-0.5736825391195643	-1.7811413792033857	2.580071214389338	3.144600991156705	3.1258846903218442	-0.08097683324084294
0.012866253106745287	1.7206580525658761	10.0	-0.5910126358479548	-1.8598209299443669	2.6391433799670545	3.1154207680210972	3.1258846903218442	-0.1034662100824422
0.031982214107553225	1.7228398348364204	10.0	-0.5827422827570955	-1.8222730918764989	2.6109526736584696	3.129346296100014	3.1258846903218442	-0.09273372023033888
0.07470830053978424	1.7176491507758211	10.0	-0.5736057193218724	-1.7724198424873563	2.5924102104882376	3.1522226827528628	3.1258846903218442	-0.10674539653503712
0.12832720024494554	1.7110991126454962	10.0	-0.5628777374271273	-1.7114432590412654	2.569871212758038	3.1836275826733025	3.1258846903218442	-0.12413024562173139
0.083551521996992	1.7127491609026109	10.0	-0.5750352259499707	-1.760783065413989	2.6063446873532072	3.1515183810045424	3.1258846903218442	-0.13047886158810745
0.10938139939696233	1.7117972927042269	10.0	-0.5680218997352875	-1.7323202659788075	2.585304126628988	3.1700413107505123	3.1258846903218442	-0.12681651679540779
0.07241674301538115	1.7142127807966274	10.0	-0.576767351258813	-1.7764499732604977	2.6105573743462194	3.13749302319024	3.1258846903218442	-0.12440269511155222
0.09811629626835348	1.7125334208095695	10.0	-0.5706871054469752	-1.7457689424234577	2.5930001386500456	3.160122110846661	3.1258846903218442	-0.12608089653366353
0.05689904410603104	1.7151051215005508	10.0	-0.5807246306195549	-1.8093348976361565	2.621737666253614	3.1165258678589924	3.1258846903218442	-0.1172215220126401
0.09136379350245272	1.7129547350679906	10.0	-0.572331524056535	-1.7561827683306404	2.597708124370783	3.1529798649201792	3.1258846903218442	-0.12462949092511481
0.09690893159974319	1.7126087528705303	10.0	-0.5709811316767184	-1.747630960981804	2.5938419384710314	3.1588450591096806	3.1258846903218442	-0.12582138151940336
0.097881363572153	1.7125480791515368	10.0	-0.5707443179666911	-1.7461312596683305	2.593163938624276	3.159873618228352	3.1258846903218442	-0.126030399311416
0.09805802110296756	1.7125370568181637	10.0	-0.5707012970393015	-1.7458588153858363	2.593040769310413	3.1600604721362417	3.1258846903218442	-0.12606837067402119
0.10484737842602677	1.7118956549792292	10.0	-0.569549433591707	-1.7434109047786988	2.5896494354506046	3.163032223139584	3.1258846903218442	-0.12506710411389552
0.1414203332428302	1.7068954709466928	10.0	-0.5650754621241261	-1.734114520378209	2.5787882379542397	3.1770434482977086	3.1258846903218442	-0.12622950442152492
0.15358041068233816	1.7051061727064811	10.0	-0.5644705840753843	-1.737474105882531	2.5767171662716803	3.179592869331706	3.1258846903218442	-0.12488469003807232
0.17085239970088834	1.7022406214943984	10.0	-0.5653963987713052	-1.753618253710344	2.5774899248103074	3.1766105088029355	3.1258846903218442	-0.12054965528958819
0.19413143525479482	1.6976024242020284	10.0	-0.570824086454067	-1.8018834880954495	2.587351211352233	3.1566904780562615	3.1258846903218442	-0.10920695973919117
0.26064587729017763	1.6808408642017558	10.0	-0.5921083961841662	-1.959395412227559	2.635729225719734	3.083140532477924	3.1258846903218442	-0.08778493953889625
0.2330921337433288	1.6850633609079184	10.0	-0.5942673250438338	-1.9618173407442754	2.6402778166839362	3.0782771250346124	3.1258846903218442	-0.08611140310310778
0.19962054660261414	1.6895848119899224	10.0	-0.5992787138899348	-1.9808894354408881	2.6511675275660416	3.0645111501965268	3.1258846903218442	-0.08149259592068257
0.20565254813493175	1.688762295563409	10.0	-0.5982351741846831	-1.9782966770386334	2.6489205961440137	3.0676557107300586	3.1258846903218442	-0.0821938508825504
0.22103825759827428	1.686125000751575	10.0	-0.5977466628663156	-1.9881562628404006	2.6479415935780364	3.068511242689155	3.1258846903218442	-0.0810308787610285
0.2975274831120302	1.672563774211928	10.0	-0.5968656766964939	-2.0571439872373296	2.6462487959834697	3.067819336060512	3.1258846903218442	-0.0711068928985777
0.2578785919835045	1.6795933602879831	10.0	-0.597322343952547	-2.0213835679698255	2.6471262731324248	3.0681779922033336	3.1258846903218442	-0.07625108193145759
0.2843111860691883	1.674906969570613	10.0	-0.5970178991151783	-2.0452238474814948	2.6465412883664547	3.067938888108119	3.1258846903218442	-0.07282162257620434
0.26400049344328	1.6785079722219935	10.0	-0.5972518332305095	-2.02690507832446	2.6469907881671153	3.068122614675695	3.1258846903218442	-0.07545680452663274
0.27754095519388555	1.6761073037877399	10.0	-0.597095877153622	-2.0391175910958164	2.6466911216333417	3.0680001302973112	3.1258846903218442	-0.07370001655968048
0.2663000723021676	1.6781002663047	10.0	-0.5972253471841743	-2.02897913138854	2.6469398957501156	3.0681018131334534	3.1258846903218442	-0.07515844893560787
0.2676787995847051	1.6778558236019625	10.0	-0.5972094673048879	-2.0302226432315136	2.646909382874455	3.0680893414351265	3.1258846903218442	-0.07497956792369834
0.26682483221304465	1.6780072285208483	10.0	-0.5972193031142958	-2.0294524267038345	2.646928282188743	3.068097066257559	3.1258846903218442	-0.07509036470672797
0.26715003699545176	1.6779495710443033	10.0	-0.5972155574767405	-2.0297457377911226	2.6469210850198643	3.0680941245184696	3.1258846903218442	-0.0750481714743958
0.2672151285664085	1.6779380305752551	10.0	-0.597214807766263	-2.0298044456591597	2.64691964446593	3.068093535712803	3.1258846903218442	-0.0750397262610262
0.2671818507132215	1.677943930602387	10.0	-0.5972151910532975	-2.0297744314532533	2.646920380944427	3.0680938367377784	3.1258846903218442	-0.0750440438487955
0.2672040359486795	1.6779399972509657	10.0	-0.5972149355286078	-2.0297944409238577	2.6469198899587623	3.0680936360544613	3.1258846903218442	-0.07504116545694929
0.26718508489150555	1.6779433571958178	10.0	-0.5972151538027394	-2.0297773484470993	2.6469203093682125	3.0680938074820316	3.1258846903218442	-0.07504362423493025
0.2671868517797836	1.6779430439337597	10.0	-0.5972151334521066	-2.02977894205196	2.646920270264872	3.0680937914991047	3.1258846903218442	-0.0750433949925216
0.26719544386423155	1.6779415205923627	10.0	-0.5972150344903573	-2.029786691487909	2.6469200801118173	3.068093713776783	3.1258846903218442	-0.07504228022473544
0.26718722137357254	1.677942978406294	10.0	-0.5972151291952063	-2.029779275398706	2.6469202620853216	3.068093788155831	3.1258846903218442	-0.0750433470401007
0.2671868548593528	1.6779430433877647	10.0	-0.5972151334166369	-2.029778944829508	2.646920270196717	3.0680937914712474	3.1258846903218442	-0.07504339459296727
0.2671868565098662	1.6779430430951354	10.0	-0.5972151333976267	-2.029778946318151	2.6469202701601895	3.068093791456317	3.1258846903218442	-0.07504339437882376
0.26718685486846244	1.6779430433861495	10.0	-0.597215133416532	-2.029778944837724	2.6469202701965155	3.0680937914711652	3.1258846903218442	-0.07504339459178536
0.2671868548593528	1.6779430433877647	10.0	-0.5972151334166369	-2.029778944829508	2.646920270196717	3.0680937914712474	3.1258846903218442	-0.07504339459296727
4.928325759109085	0.8401511249096345	10.0	-0.5983663185963942	-6.558710271775036	2.6604010759809325	2.846500372145514	3.1258846903218442	0.591203538537964
0.3012027188729902	1.6718290406609433	10.0	-0.5972235344875626	-2.0628299899301	2.6470186498558026	3.066476656309017	3.1258846903218442	-0.07018128566585033
0.27102366868274397	1.6772534154491912	10.0	-0.5972160810140593	-2.0335069320612487	2.646931366914289	3.0679113869748558	3.1258846903218442	-0.07449497381097811
0.2676413297797543	1.677861356181422	10.0	-0.5972152456606192	-2.030220529117511	2.6469215846154164	3.0680721854531305	3.1258846903218442	-0.07497843353342314
0.26723879430157604	1.6779337078056593	10.0	-0.5972151462443851	-2.0298294110721624	2.64692042041441	3.0680913222381188	3.1258846903218442	-0.07503597055030288
0.26719314660347565	1.6779419125112798	10.0	-0.5972151349705409	-2.029785058115905	2.64692028839351	3.06809349235785	3.1258846903218442	-0.07504249527301307
0.26718957449509484	1.6779425545611297	10.0	-0.5972151340883192	-2.029781587326066	2.6469202780623657	3.0680936621780863	3.1258846903218442	-0.0750430058577226
0.26718798090794654	1.6779428409920776	10.0	-0.5972151336947429	-2.029780038939093	2.646920273453441	3.0680937379382023	3.1258846903218442	-0.07504323363950985
0.2671894985298192	1.677942568215109	10.0	-0.5972151340695576	-2.0297815135154536	2.6469202778426615	3.0680936657895224	3.1258846903218442	-0.07504301671593407
0.26718957437333907	1.677942554583014	10.0	-0.5972151340882891	-2.0297815872077636	2.6469202780620136	3.0680936621838746	3.1258846903218442	-0.07504300587512594
0.2671895744950945	1.6779425545611297	10.0	-0.5972151340883192	-2.0297815873260654	2.6469202780623657	3.0680936621780863	3.1258846903218442	-0.07504300585772265
0.33282939491868146	1.6645942115469372	10.0	-0.6023972605389742	-2.1173342468591634	2.659786616302445	3.0494128620175194	3.1258846903218442	-0.06447652393938084
0.47113699353005856	1.6348401411095492	10.0	-0.6165067491915867	-2.3309768048922	2.6955740786842917	3.0051893298190455	3.1258846903218442	-0.04071626825152107
0.3743300281526914	1.6556661932974803	10.0	-0.606630959334778	-2.181439918081304	2.6705250165465135	3.036143131297675	3.1258846903218442	-0.05734701213563058
0.39595606524006727	1.6495774425452663	10.0	-0.6114502176975195	-2.240168656507267	2.683566650793948	3.0247859002763504	3.1258846903218442	-0.05264899075044481
0.3940176352988887	1.6445402093792576	10.0	-0.6211463369273664	-2.333826010302566	2.711443528292587	3.00740207621214	3.1258846903218442	-0.049260467383147294
0.3802273448611509	1.6428528831384805	10.0	-0.6281777578429031	-2.3961235371558605	2.7323710744492775	2.994174255851543	3.1258846903218442	-0.04839962542077603
0.3566606993307225	1.64245472517087	10.0	-0.6356250379780296	-2.4589092381261324	2.7552603367527393	2.9786608655149536	3.1258846903218442	-0.048680302638028805
0.3024592442795044	1.6468625169962388	10.0	-0.6429686736095409	-2.5074918846438417	2.7797566072728603	2.9627189165350956	3.1258846903218442	-0.05319351575370429
0.25369040977360874	1.648707978064599	10.0	-0.6528481910142337	-2.5897857983367323	2.8127662097368926	2.9361305674201468	3.1258846903218442	-0.056555860613654876
0.16980615167934338	1.6615357827764987	10.0	-0.6521120165371751	-2.554276030507956	2.8176933912870643	2.9332156855542686	3.1258846903218442	-0.0695872447229947
0.20120966239971178	1.66012608229755	10.0	-0.6443456823630698	-2.5020006720087697	2.7958121137806438	2.9463081257658077	3.1258846903218442	-0.07007680263201715
0.18908107033128935	1.6623770411705319	10.0	-0.6406797128465401	-2.4818030308800108	2.7909160691199895	2.9481145098973274	3.1258846903218442	-0.07682530795839246
0.16786172325584364	1.663178834364193	10.0	-0.6399441016049348	-2.5007911909363814	2.798354731324218	2.9434552731223893	3.1258846903218442	-0.08660010379907715
0.13406016273146376	1.658871683193525	10.0	-0.6434579706383228	-2.6116385103377424	2.831735155861473	2.925337603358328	3.1258846903218442	-0.10735580543311277
0.15784631797341614	1.6487579608990246	10.0	-0.6479258679400604	-2.7111174847098845	2.8536415477993446	2.9153035619428485	3.1258846903218442	-0.11153975430080931
0.1524955373881498	1.649872452887539	10.0	-0.6470131442943065	-2.7007900503211713	2.8515265042867353	2.9197450298822774	3.1258846903218442	-0.11316038693982744
0.1544867191105958	1.6495127627627373	10.0	-0.6477432544020236	-2.7037456488999885	2.85229394964623	2.9201610051295495	3.1258846903218442	-0.11175076486297694
0.15333554492468116	1.6494155372374166	10.0	-0.6484704390083974	-2.708497983931755	2.8539917447525935	2.919135770507439	3.1258846903218442	-0.1112393338713771
0.15082896106911559	1.6493943978114052	10.0	-0.649477589417791	-2.714811825466633	2.8564009603895624	2.917436288326046	3.1258846903218442	-0.11058815128935787
0.1464328817688011	1.6493651863163978	10.0	-0.6509186133909078	-2.7241772333440655	2.859980783603297	2.914798567264083	3.1258846903218442	-0.10973254631747362
0.12660443909406421	1.648862966477695	10.0	-0.6566369339168191	-2.7677486824795587	2.8759158876596476	2.9031950788213727	3.1258846903218442	-0.10776694538595585
0.1223010067183389	1.6489044051159822	10.0	-0.6570378624609519	-2.7698553105390578	2.876917709930819	2.9023549131496424	3.1258846903218442	-0.10737485098877567
0.10508727721543767	1.6490701596691313	10.0	-0.6586415766374831	-2.778281822777054	2.8809249990155053	2.8989942504627213	3.1258846903218442	-0.10580647340005492
-0.34701233743617466	1.6383887410569407	10.0	-0.7045998956615322	-3.1398823055142073	3.016334767229054	2.7867900070626987	3.1258846903218442	-0.07282607427054386
0.04640028340051894	1.6476836060696303	10.0	-0.6646074202190727	-2.8252211357207733	2.898502523906235	2.8844290318139527	3.1258846903218442	-0.1015252919590606
-0.08343274899954639	1.6446161383616034	10.0	-0.6778056352352478	-2.929064814568564	2.937389221116324	2.8522064492311165	3.1258846903218442	-0.0920540491400448
-0.005140788673156288	1.6464658838051152	10.0	-0.6698468430286427	-2.8664449632548736	2.913939751448117	2.871637322180426	3.1258846903218442	-0.09776540127686524
-0.26511876192491834	1.6316812499936384	10.0	-0.687279491722758	-3.126340895601454	2.996753574997516	2.8121331610324964	3.1258846903218442	-0.1062681031057079
-0.03126067470022141	1.6449804773867271	10.0	-0.671598294474105	-2.8925566066640505	2.9222600241447623	2.865658962214465	3.1258846903218442	-0.09861966442813774
-0.0953137682603497	1.6352281621879077	10.0	-0.6617090969161568	-2.9198404191582243	2.9201636158962883	2.870039753659941	3.1258846903218442	-0.1155524189564103
-0.06306685902919648	1.6401378707676302	10.0	-0.6666877175930916	-2.906104648158288	2.921219032313241	2.8678342866598143	3.1258846903218442	-0.10702778778002485
-0.05491843772854629	1.6122625524828127	10.0	-0.6507926638333641	-3.0262768282233674	2.925783407624951	2.8834799375851516	3.1258846903218442	-0.14208392535559194
-0.0606751245477357	1.6319558736097055	10.0	-0.6620221821771971	-2.9413777318844607	2.922558773278583	2.872426617053929	3.1258846903218442	-0.11731750770646343
-0.08629560421673597	1.6225536688760471	10.0	-0.6679326004600482	-3.0582862268308717	2.9528053056787265	2.8481654353606722	3.1258846903218442	-0.12225698952168873
-0.03128521608640271	1.6241059289516395	10.0	-0.6529091492329618	-2.9184465996460247	2.902606494285532	2.8725199679108737	3.1258846903218442	-0.11666012256270847
-0.01172994284195232	1.6180125936755339	10.0	-0.6404812717690335	-2.861251097100676	2.873109118436135	2.8861133031338455	3.1258846903218442	-0.1178931755413033
-0.016616574529336223	1.6092464834877283	10.0	-0.6281032402865717	-2.8309672616697026	2.8504564816074307	2.8976033956659264	3.1258846903218442	-0.1232558094892939
-0.047009700240308136	1.5915408118036836	10.0	-0.6055026618191014	-2.7908432503075624	2.8129928677157716	2.915445522137703	3.1258846903218442	-0.13455854834553685
-0.023305019415203857	1.6053500955231548	10.0	-0.623129657611795	-2.822137395299666	2.8422120740028083	2.901529812471095	3.1258846903218442	-0.1257431399013826
-0.01858840624812615	1.6080977827795127	10.0	-0.6266369699888421	-2.828364113871041	2.8480259338949456	2.89876094922729	3.1258846903218442	-0.12398910356368038
-0.02705659515923799	1.603173342841344	10.0	-0.6174512621700811	-2.809554818830101	2.8342313579442746	2.906279046223395	3.1258846903218442	-0.1324059720043746
-0.027324649476599034	1.5989782026150683	10.0	-0.6110408808616713	-2.7935278217134107	2.8226731002353227	2.9123928718769405	3.1258846903218442	-0.13583235265572388
-0.02728800247822079	1.5924188299124151	10.0	-0.603481617541398	-2.782169044424934	2.8097980431737497	2.9198696403680566	3.1258846903218442	-0.13955664619137392
-0.020369888494190764	1.5550610890700645	10.0	-0.5629864133856491	-2.7233760500340614	2.7390058365681704	2.9626459443545805	3.1258846903218442	-0.15641938232260527
-0.024360578287756163	1.5766107708813757	10.0	-0.5863459299078898	-2.757290582692878	2.779842072718227	2.9379705833935534	3.1258846903218442	-0.14669217211389307
0.019995526468637736	1.5013727680159201	10.0	-0.49179118181336345	-2.5262833894988996	2.595847088988665	3.045923547463209	3.1258846903218442	-0.17626996653449833
-0.01963748272894643	1.5685993307619337	10.0	-0.5762776177050413	-2.732692637173997	2.760250048232103	2.949465555009253	3.1258846903218442	-0.1498416540225183
-0.013767501341590951	1.550318512366721	10.0	-0.5500578129210555	-2.6581816616773963	2.7088587704442904	2.980855482047125	3.1258846903218442	-0.1595525605140572
-0.01804012987473729	1.5636247123579003	10.0	-0.569142624040713	-2.71241653891655	2.7462653353618633	2.9580074542485537	3.1258846903218442	-0.1524842082620652
-0.012304974263838968	1.5655457790993756	10.0	-0.5704378631170399	-2.7016441778617013	2.7450808952226744	2.960256701253683	3.1258846903218442	-0.14937124189676776
-0.003953840161227455	1.563418260036929	10.0	-0.5648328888144238	-2.6632158584432966	2.7286244404952487	2.9735642997233214	3.1258846903218442	-0.1478847789395911
-0.0003203068006000717	1.5577596898050294	10.0	-0.5549361295398862	-2.6215216298833623	2.7062584954059776	2.9901887518587564	3.1258846903218442	-0.14991240769061767
0.007202650663035749	1.5571938993856482	10.0	-0.5535994224728392	-2.607279305176163	2.700433976951498	2.9941289575158403	3.1258846903218442	-0.14768676060442845
0.0035008786251495626	1.557472304143869	10.0	-0.55425716709888	-2.6142874319149425	2.7033000093135264	2.992190126518135	3.1258846903218442	-0.1487819200798984
0.042036600073243204	1.5447938843890496	10.0	-0.5347329537162023	-2.5103574576297527	2.6495032548415125	3.0306210017782416	3.1258846903218442	-0.14276957740433371
0.007146722158030999	1.5562728057840802	10.0	-0.5524099919475931	-2.604454673882098	2.698210327791773	2.995826050610506	3.1258846903218442	-0.1482130956272227
0.005200627727717992	1.5569130793054482	10.0	-0.5533959852414114	-2.6097032468034955	2.7009271204276115	2.9938852510228693	3.1258846903218442	-0.1485167252507088
0.02736206193340616	1.5546874850774495	10.0	-0.549009228716714	-2.5666469840511317	2.6827941200970904	3.0085479540241375	3.1258846903218442	-0.1422605004049004
0.007805698401451025	1.556651461298185	10.0	-0.5528803231832057	-2.6046419946130603	2.6987955910803048	2.9956088478456984	3.1258846903218442	-0.1477813076905081
0.005585186544165945	1.5568744594275887	10.0	-0.5533198635481344	-2.6089561080898616	2.7006124654697676	2.9941396872502253	3.1258846903218442	-0.14840816339501814
0.0052743243517403395	1.5569056782149084	10.0	-0.5533813973251567	-2.6095600655825324	2.7008668201376866	2.993934011030918	3.1258846903218442	-0.14849592052092545
0.005238413007446457	1.556909284663834	10.0	-0.553388505814726	-2.609629835808654	2.700896203633895	2.9939102509542517	3.1258846903218442	-0.1485060583776333
0.00526490155736037	1.5569066245127243	10.0	-0.5533832625250504	-2.6095783726247084	2.7008745300869625	2.9939277766133188	3.1258846903218442	-0.1484985805978758
0.005247242524084428	1.5569083979467975	10.0	-0.5533867580515008	-2.609612681414005	2.7008889791182504	2.9939160928406072	3.1258846903218442	-0.14850356578438081
0.0052580199330059885	1.5569073156098483	10.0	-0.5533846247117329	-2.6095917425638384	2.7008801607918858	2.9939232235138604	3.1258846903218442	-0.14850052329656874
0.0052615470421322015	1.5569069613947897	10.0	-0.5533839265362975	-2.6095848899325564	2.7008772748292555	2.9939255571603693	3.1258846903218442	-0.1484995275853912
0.005259825941279294	1.5569071342388434	10.0	-0.5533842672204936	-2.609588233767159	2.7008786830739586	2.993924418425827	3.1258846903218442	-0.148500013456198
0.005259626053689934	1.556907154312845	10.0	-0.5533843067873456	-2.6095886221180433	2.7008788466266282	2.993924286173901	3.1258846903218442	-0.14850006988493325
0.005259824913929771	1.5569071343420164	10.0	-0.5533842674238528	-2.6095882357631415	2.70087868391456	2.9939244177461	3.1258846903218442	-0.1485000137462212
0.005259825941074259	1.556907134238864	10.0	-0.5533842672205342	-2.6095882337675573	2.7008786830741265	2.9939244184256912	3.1258846903218442	-0.1485000134562559
0.005259825941279294	1.5569071342388434	10.0	-0.5533842672204936	-2.609588233767159	2.7008786830739586	2.993924418425827	3.1258846903218442	-0.148500013456198
0.007322829704777483	1.5574860994852202	10.0	-0.5532024160761182	-2.6015740314072033	2.6988169347444555	2.995785401967895	3.1258846903218442	-0.14749521475509686
0.008500313268897657	1.5574688599331836	10.0	-0.5526414403122768	-2.5958320555692183	2.696766674997207	2.9974173891090854	3.1258846903218442	-0.1470947103754137
0.00841859449497668	1.55725483087495	10.0	-0.5520765423869148	-2.5926930564995936	2.6953871131380622	2.9984388256604917	3.1258846903218442	-0.14717467822517905
0.00668512566022756	1.556454133810159	10.0	-0.5481572206392974	-2.566226820115276	2.6851283368548033	3.005908274871894	3.1258846903218442	-0.147468814078846
0.007709336145345728	1.5569272212477425	10.0	-0.5504729302430657	-2.581864249680231	2.691189678151035	3.0014949920674856	3.1258846903218442	-0.14729502553454923
0.00817140136959947	1.5571406512566273	10.0	-0.551517646044084	-2.588918964022322	2.693924208861291	2.9995039711412756	3.1258846903218442	-0.14721662207758407
0.007253425452250384	1.557385113467645	10.0	-0.5520270568665605	-2.5921158817556917	2.6953933317980225	2.9983146702571486	3.1258846903218442	-0.14735782575749345
0.00013786102681601076	1.5592349822684801	10.0	-0.5553300052539036	-2.6115764181017633	2.7048738532273533	2.990294837908745	3.1258846903218442	-0.148325400480497
0.005471863370859576	1.557848275054565	10.0	-0.5528540337937383	-2.5969883207590914	2.6977670208661637	2.9963067017592517	3.1258846903218442	-0.1476000826375315
-0.010897684668248319	1.56247685865443	10.0	-0.5599731280135378	-2.6344531445679875	2.7175450650225734	2.9791636097421286	3.1258846903218442	-0.14940049789157195
0.0032570929179808967	1.5584745141035095	10.0	-0.5538172344570433	-2.6020572441402385	2.700442954722657	2.993987272195296	3.1258846903218442	-0.14784367558817585
-0.006179425472838581	1.561142743804123	10.0	-0.5579211634947063	-2.623654511092071	2.711844361589268	2.984104830559851	3.1258846903218442	-0.14888155712377324
0.001991143816591439	1.558832468473108	10.0	-0.5543677940026539	-2.6049546094139333	2.701972501975106	2.9926615005929116	3.1258846903218442	-0.14798291181311835
0.0032097396590219716	1.558487903509087	10.0	-0.5538378283250803	-2.6021656210788953	2.7005001679605796	2.9939376812552343	3.1258846903218442	-0.14784888376677396
0.00319812916476591	1.558491186442933	10.0	-0.5538428777132705	-2.6021921939030563	2.700514196012394	2.993925522106373	3.1258846903218442	-0.1478501607544413
0.0025946364906786743	1.5586618274580204	10.0	-0.5541053358579622	-2.603573401658495	2.70124334899375	2.993293511349642	3.1258846903218442	-0.14791653628377982
0.0022565019394078637	1.5590156510004896	10.0	-0.5540522137920837	-2.600454169189319	2.700650832387348	2.993529138688353	3.1258846903218442	-0.14768636181880332
-0.017714085941430605	1.5709348852168497	10.0	-0.5576845952875243	-2.549915729995612	2.6998812045721143	2.987246445656437	3.1258846903218442	-0.14333067035896663
-0.02619804958312412	1.5758216553959088	10.0	-0.5601055136017821	-2.537657838332347	2.702514740404385	2.9825212240773546	3.1258846903218442	-0.14182548001479328
-0.03283475382694266	1.5789848269194604	10.0	-0.5632104311880598	-2.544212427885512	2.7092921303172615	2.975679927697765	3.1258846903218442	-0.14148633859312204
-0.07880009519690606	1.5977704359885263	10.0	-0.5887545209704811	-2.6510705087672415	2.7733682651163614	2.9177264564309437	3.1258846903218442	-0.14283490940094018
-0.03662253168447561	1.580532856629484	10.0	-0.5653153940749864	-2.5530180771116213	2.7145723296447253	2.970904266978424	3.1258846903218442	-0.1415974676850188
-0.050661447755524835	1.583181736218163	10.0	-0.5735653527141027	-2.615134455509724	2.740218023413589	2.9495462715415592	3.1258846903218442	-0.1447325493593884
-0.03784369248798602	1.5807632667203018	10.0	-0.5660330083174027	-2.558421206966654	2.716803094174613	2.9690464635171696	3.1258846903218442	-0.14187016956863777
-0.04638886266634523	1.582375579718876	10.0	-0.5710545712485361	-2.5962300393287006	2.732413047000597	2.956046335533429	3.1258846903218442	-0.14377842276247152
-0.03847114499655186	1.5808816552151397	10.0	-0.5664017303196912	-2.5611974239660054	2.7179492976854642	2.9680918935384777	3.1258846903218442	-0.1420102882823039
-0.037939964396075186	1.580781431419842	10.0	-0.5660895824329416	-2.558847170213511	2.716978959594771	2.9689000010008852	3.1258846903218442	-0.1418916684004051
-0.038294084796392965	1.5808482472833738	10.0	-0.5662976810241079	-2.560414006048507	2.7176258516552334	2.9683612626926137	3.1258846903218442	-0.14197074832167098
-0.03799057310377028	1.5807909803317484	10.0	-0.5661193226025637	-2.5590710927458145	2.7170714094258703	2.968823007838269	3.1258846903218442	-0.14190297001594687
-0.038192914232185404	1.5808291582994987	10.0	-0.5662382282169265	-2.559966368280943	2.717441037578779	2.9685151777411654	3.1258846903218442	-0.14194815555309626
-0.03801879302901675	1.5807963049012237	10.0	-0.5661359060207495	-2.5591959542056384	2.7171229603830374	2.9687800756751597	3.1258846903218442	-0.14190927191062624
-0.054027624473639686	1.5841884310515548	10.0	-0.574456640835378	-2.6173546506119494	2.742470172538648	2.947776101752722	3.1258846903218442	-0.14504087100009033
-0.03910988639095667	1.5810274976861745	10.0	-0.5667030116557927	-2.5631598017736206	2.718850517764245	2.96734853480346	3.1258846903218442	-0.14212270828732812
-0.03810778435791543	1.5808151613564843	10.0	-0.5661821600681562	-2.5595192519864987	2.717263862740677	2.968663316899981	3.1258846903218442	-0.14192668012468068
-0.038038743565622986	1.5808005322389385	10.0	-0.5661462754924429	-2.5592684327750854	2.717154548602685	2.9687539000887613	3.1258846903218442	-0.14191317457413336
-0.03805284829363261	1.580803520902845	10.0	-0.5661536065522899	-2.55931967402883	2.7171768809968073	2.9687353943445838	3.1258846903218442	-0.1419159336982796
-0.03808947233648782	1.5808112812052713	10.0	-0.5661726422295341	-2.5594527260006092	2.7172348688260537	2.9686873427148486	3.1258846903218442	-0.141923097982547
-0.038055874521743555	1.5808041621331277	10.0	-0.5661551794616985	-2.5593306680531325	2.7171816725049336	2.968731423860133	3.1258846903218442	-0.1419165256798511
-0.03805305746642753	1.5808035652246626	10.0	-0.5661537152717403	-2.559320433935455	2.717177212185703	2.968735119904819	3.1258846903218442	-0.1419159746160278
-0.03805306386216038	1.5808035665798603	10.0	-0.5661537185959803	-2.559320457170598	2.7171772223122383	2.968735111513463	3.1258846903218442	-0.1419159758671417
-0.03805305746752004	1.5808035652248942	10.0	-0.5661537152723082	-2.559320433939424	2.717177212187433	2.968735119903386	3.1258846903218442	-0.14191597461624153
-0.03805305746642753	1.5808035652246626	10.0	-0.5661537152717403	-2.559320433935455	2.717177212185703	2.968735119904819	3.1258846903218442	-0.1419159746160278
-0.03805305746697378	1.5808035652247783	10.0	-0.5661537152720243	-2.5593204339374394	2.7171772121865683	2.9687351199041023	3.1258846903218442	-0.14191597461613467
-0.03805305746642753	1.5808035652246626	10.0	-0.5661537152717403	-2.559320433935455	2.717177212185703	2.968735119904819	3.1258846903218442	-0.1419159746160278
-0.03805305746670066	1.5808035652247205	10.0	-0.5661537152718823	-2.5593204339364473	2.7171772121861357	2.9687351199044607	3.1258846903218442	-0.14191597461608124
