0.05849541788370116
0.043017655669275234
0.030033463756686474
0.019594824095325092
0.011577870617152097
0.008434939110529005
0.0058494188896455745
0.0038029391158135306
0.002267342753839885
0.0011994269308661654
0.0005382655364630229
0.0003952776397749824
0.00028577236337562484
0.00020643707484607754
0.00015388869358884394
0.00012471780419032186
0.00011553071656705827
0.00012299814483157645
0.0001439004375587971
0.00017517454161797286
0.0002139567209781812
0.00025762440527243857
0.0003038313409498561
0.0004389835716086532
0.0005442733867815908
0.0006117921991659059
0.0006588878629081307
0.0007204452728106214
0.0008391128006532411
0.0014136724564638992
0.002733133232793006
0.00555069992243673
0.011903979085953142
