0.05254532914262494
0.039014707724534636
0.027681294435262183
0.018500274248460846
0.011378186856859485
0.008543309607229932
0.006161784070131404
0.004208533254219993
0.0026584330500370457
0.001487469382411677
0.0006735978171159007
0.00047819868868687054
0.0003196136393925908
0.00019721024401037068
0.00011038506473259879
5.856098070439186e-5
4.118555511006816e-5
5.7727663588746925e-5
0.00010767288188040514
0.000190520724154708
0.0003057791845657576
0.00045296077449569205
0.0006315764256109024
0.0013510218028741638
0.0023346159660668775
0.0035660546786677183
0.0050261148940492495
0.006692314305857927
0.008539191844574412
0.01266381580358178
0.017177888262406238
0.02189004699696029
0.02667565228864005
