0.06464899906441446
0.048174235885115824
0.03413655835970669
0.022582642006726383
0.013473088233248609
0.009835667991717145
0.006814181034491773
0.004404388480259536
0.002586610908511089
0.0013191592790755546
0.0005352853863909712
0.0003664665773407405
0.0002377058279822708
0.00014502379822128875
8.43219470933465e-5
5.143630531639909e-5
4.219177907521798e-5
5.2459135027382864e-5
7.821268526497782e-5
0.00011558660209798344
0.0001609290842802258
0.00021085310220858577
0.00026228138324757566
0.00040023615218631736
0.00047734044871233783
0.0004746259741235104
0.0004026503784941293
0.00029175747747933745
0.00017868063360348962
5.06964189851411e-5
9.161282530284476e-5
0.0004280148890565827
0.002094068271991767
