0.6226304648389146
0.4999422014373463
0.3806631502014703
0.27191016168035453
0.17826712902893105
0.13800809675948128
0.1024688024301742
0.0718787056993474
0.04646307950943068
0.026441078060683465
0.012008924331632365
0.008467571471178548
0.00556766454068891
0.003311533270898448
0.0017001525951895191
0.0007330054201072356
0.00040794939924032603
0.000721111121003648
0.0016667819381034343
0.0032373446136447215
0.005423214101607343
0.008212801067661923
0.011592506649452883
0.025106671325630603
0.04325746581058637
0.0653888640696762
0.09074907100688101
0.11853982227825999
0.1479709726974765
0.20894901001050065
0.26936097995354685
0.3274587582032604
0.3841589393001149
