0.09051840453160054
0.06782628273110336
0.04941688557645885
0.03524825698650569
0.024122789671329192
0.01928734684766442
0.01482162187242092
0.01074139548016112
0.007137477178662532
0.004147962073215883
0.0019184407644949886
0.0013650330586086334
0.0009115613798487132
0.0005596331910950325
0.00030978311183710305
0.0001614288808636788
0.00011285161681057199
0.00016121425300708037
0.0003026092582126827
0.0005321407399929146
0.0008440325754194289
0.0012317707179652637
0.001688262983628841
0.0033946735837452335
0.005450423890597245
0.007690846457681644
0.010034691889387493
0.012516554044184613
0.015295681840259145
0.022861090978077425
0.03511388898975032
0.05302275817386326
0.07430630623373646
