0.010285030533544404
0.007117017948302218
0.005049998376166154
0.0037987863012931555
0.002918089357574094
0.002497987628212961
0.0020591787034421882
0.0016023626978693417
0.001146782475987651
0.0007256973866141547
0.000379749173398114
0.0002882621566157595
0.0002110317095643799
0.00014928903130795312
0.00010411133543797302
7.639800171899136e-5
6.684982164473219e-5
7.595228167167623e-5
0.00010396210362406677
0.00015089785203037387
0.00021653331702276013
0.00030039777855556116
0.00040177861928547554
0.0008004276968411328
0.0013100067850492225
0.001880214412035619
0.002453683443165655
0.00297365489469692
0.0033920436671686094
0.0038200514701055566
0.003790037387338241
0.003862095096131557
0.005193308855051426
