0.09006121312164539
0.06747121309592502
0.049131302574156654
0.03501944231797377
0.023954267637461724
0.019150871679237513
0.014716438039294122
0.010664369343056146
0.007083122284965104
0.004109129802611744
0.0018874991869817226
0.001335145106810931
0.0008820380860016241
0.0005298670355293189
0.0002792617434435041
0.00012974246509717124
7.970018352743136e-5
0.00012641018135806092
0.0002660765061502923
0.0004939093948935769
0.000804232167364749
0.001190616134706557
0.001646039709615188
0.0033513468926218426
0.005408921640235986
0.00765189883014028
0.009994576464910365
0.012465334199232736
0.015216461473134213
0.022651764971555077
0.034665091106264645
0.05226938372967499
0.07327854725417732
