-2.3308410484154013e-15	-2.3878449119185264e-15	1.0000000000000009
-0.00031571679595556216	0.0004574991958905941	0.9999983346092958
-0.0006137555622852959	0.0009349739289989802	0.9999937842902904
-0.0008931094903835573	0.001431670280655621	0.9999875552097601
-0.0011527876916883604	0.0019467382138128098	0.9999812353817717
-0.0013918333105627078	0.0024792075224057677	0.999976312413378
-0.001609369647884721	0.003027962296258294	0.9999737366859959
-0.0018046793868853645	0.0035917487840648452	0.9999736521820586
-0.001977277682357775	0.004169248558284776	0.999975379890761
-0.002126927168582202	0.004759195381167487	0.9999776447945525
-0.002253586393035227	0.005360490779599685	0.9999789588106193
-0.0023572960368339196	0.00597229305901013	0.9999780386988689
-0.002438005703429758	0.006594033692878907	0.999974145836617
-0.0024954045310403294	0.007225309003254028	0.9999672667689381
-0.002528852881152107	0.007865674514260861	0.9999580928204023
-0.00253745180442902	0.008514433590427598	0.9999478060296323
-0.0025202195276891578	0.009170497697180102	0.9999377342960264
-0.002476319321516821	0.009832361177120863	0.9999289894507
-0.0024052702342852233	0.010498204443538859	0.9999221922816638
-0.0023070704510192597	0.011166097996324086	0.9999173338363817
-0.002182193654818927	0.011834241991322342	0.9999137994179741
-0.002031463809816339	0.012501170454985461	0.9999105534259092
-0.0018558463106543945	0.013165865689386646	0.9999064212642974
-0.0016562139093543506	0.013827756094190385	0.9999003769210497
-0.0014331430764800389	0.01448660563879562	0.9998917777337417
-0.0011867788112223283	0.015142314397354008	0.9998805163563593
-0.0009168139393610354	0.015794656287881525	0.9998670529686964
-0.0006226213218212245	0.01644302719611057	0.9998523068972475
-0.0003035078368498253	0.017086298015549183	0.9998374309851144
4.099060330813465e-5	0.017722815117123335	0.9998235209072364
0.00041084275879804417	0.018350547502095447	0.99981133180211
0.0008053556257110201	0.0189673669029027	0.9998010799395007
0.0012231859864322665	0.019571396006874086	0.9997923831835279
0.0016625460264327492	0.02016130328400014	0.9997843647325638
0.0021215306548259694	0.02073644741876777	0.9997759022211952
0.0025984698772555555	0.021296842175909297	0.9997659382074728
0.0030922211613552087	0.021842949739595736	0.9997537458026827
0.0036023195483262695	0.02237534545208772	0.9997390935129753
0.0041289333609298845	0.02289434269095003	0.9997222910996351
0.004672627786662525	0.023399680307989487	0.9997041003750017
0.005233985629637493	0.023890367400350217	0.9996855322091533
0.005813189883218306	0.024364752645723433	0.9996676002807445
0.006409702249008213	0.02482080738720399	0.9996510962078521
0.007022132593288752	0.025256539454699637	0.9996364210213682
0.007648343122233881	0.02567043089190304	0.9996235036513084
0.008285784223972123	0.026061770350532077	0.9996118306499295
0.008931971110175184	0.02643075145566593	0.9996005811818045
0.009584932887660692	0.026778293991208322	0.9995888303004472
0.010243483568633915	0.02710566334153762	0.9995757640204986
0.01090725006010896	0.02741402051680499	0.9995608502609553
0.011576465352005304	0.027704031351782104	0.999543942964077
0.012251591198482889	0.027975646665711465	0.9995253164582265
0.012932893428041041	0.02822811610506642	0.9995056160950357
0.013620103561363965	0.028460209345875967	0.9994857295189765
0.014312248089857968	0.028670558203536728	0.9994666171630113
0.015007670051764503	0.028858020261127153	0.999449130216582
0.01570421837050488	0.02902197070461776	0.9994338247023586
0.016399543550317176	0.0291624632459814	0.9994208065234933
0.01709143475003833	0.029280234994923174	0.9994096712495579
0.017778121101663612	0.029376545562504117	0.9993995728979574
0.01845844552318656	0.029452891188494486	0.9993894055728201
0.019131868789849845	0.029510690470278565	0.999378063184905
0.019798328608021706	0.02955102424173115	0.9993647227002522
0.02045799305189463	0.02957447688576382	0.9993490706161743
0.021110960377737673	0.029581123454659745	0.9993314063302906
0.02175699918487592	0.029570676935888753	0.9993125927846112
0.022395416833895496	0.029542732247120333	0.9992938658283469
0.023025068097688825	0.029497011971009107	0.999276556924424
0.02364446841712139	0.02943355944998497	0.9992617898714687
0.024251979938362776	0.029352848975718687	0.9992502019254229
0.02484602353991056	0.029255787482192076	0.9992417612991114
0.02542525614886782	0.02914361955812232	0.9992357530636633
0.025988677544517575	0.029017776886147005	0.999230940988318
0.026535653887233612	0.02887971323371222	0.9992258564220413
0.02706586370200978	0.028730767872879103	0.9992191582196225
0.02757919577052353	0.028572085792799296	0.9992099875600979
0.028075627665502766	0.02840459791942747	0.9991982062908958
0.028555110040553708	0.028229061758901327	0.9991844361965794
0.029017496973046036	0.028046149262207713	0.9991698956894431
0.029462546200154812	0.02785653025991601	0.9991560892969829
0.029889955215479522	0.027660902535653984	0.9991444375422457
0.030299380077579242	0.02745997872206419	0.9991359419317283
0.030690425575565485	0.027254470576437612	0.9991309606960743
0.03106261901141996	0.02704509158840504	0.9991291462016131
0.031415377088236884	0.026832596409189245	0.9991295545792742
0.0317480011756458	0.02661787337256193	0.999130882051363
0.032059749048972304	0.026402058213551145	0.9991317585929147
0.032349986399892235	0.02618660092228723	0.9991310450783738
0.03261837105847191	0.025973234767821353	0.9991280836550391
0.03286499977150594	0.025763835053318956	0.9991228343068632
0.0330904510228431	0.025560203179472205	0.9991158551764292
0.0332956995192632	0.025363849264219467	0.9991081503614612
0.033481928250660445	0.025175839233354196	0.9991009361278249
0.03365028330192384	0.0249967450770398	0.9990953694391842
0.03380162866305044	0.024826721391190378	0.9990922977870101
0.03393637583360812	0.02466569806441281	0.9990920932051404
0.03405443873514555	0.024513626337207422	0.9990945991220209
0.034155304846768604	0.02437071224929086	0.999099186979614
0.03423820083457113	0.024237608224361825	0.9991048992785864
0.03430234531720244	0.02411552510140151	0.9991106417047895
0.03434724324458756	0.024006210570040303	0.9991153926739945
0.03437293930197589	0.023911786055732617	0.9991184000854807
0.03438016857800029	0.023834479841795566	0.9991193177006555
0.03437036452368773	0.02377630490820838	0.9991182429002002
0.03434550044700712	0.02373875393474288	0.999115661641124
0.03430778868720665	0.023722599724558396	0.9991123271055156
0.03425930884695734	0.023727863251516025	0.9991090903876656
0.03420166021860184	0.023753969726674193	0.9991067212318393
0.03413573932712734	0.02380006055476868	0.9991057792285445
0.034061707574851025	0.02386537199374693	0.9991065560252648
0.03397914617381033	0.02394957608545722	0.9991090613884831
0.03388735220304568	0.024053008609819328	0.999113028837705
0.03378571542431496	0.02417673145476079	0.9991179330288855
0.03367408538372381	0.02432239615462222	0.9991230249005085
0.033553016232956735	0.02449194033417	0.9991273994932699
0.03342382576729753	0.024687217098010167	0.9991301059025259
0.03328847657747415	0.024909654406536308	0.9991303036120729
0.03314931113518023	0.02516001523950507	0.9991274510936219
0.03300869901776526	0.02543832503648854	0.9991214716714202
0.032868700762563284	0.02574399114361787	0.9991128193281378
0.0327308487922722	0.02607606323215015	0.9991024056946473
0.03259609357120323	0.026433542516438317	0.9990914136064956
0.03246490644054721	0.026815644573181162	0.9990810413272478
0.03233747973218792	0.02722194729379706	0.9990722209404246
0.03221394607412923	0.027652410651628392	0.9990653826093364
0.03209455973943584	0.028107296748245005	0.999060340586113
0.03197980496832152	0.028587031653377247	0.9990563196088336
0.03187041722187493	0.02909206404377255	0.9990520960774643
0.03176734804683872	0.02962277277144097	0.9990462257432173
0.031671727568864945	0.03017942321052209	0.999037317448459
0.03158483543361147	0.030762134329947857	0.9990243005702346
0.03150805685577976	0.031370850493467245	0.9990066326709792
0.0314428281926766	0.032005334064997705	0.9989843982955797
0.031390587128006166	0.03266516949332632	0.9989582763010241
0.03135272090006167	0.0333497711578941	0.9989293913379337
0.03133051648008159	0.03405840541835694	0.9988990828879646
0.03132512959389716	0.03479021944925589	0.9988686261991465
0.031337568056609734	0.03554425889691353	0.9988389648278566
0.03136867215102818	0.036319476901185505	0.9988105248589059
0.03141908322781867	0.03711475076120495	0.9987831398321412
0.031489202846493716	0.0379289282741354	0.9987560818976785
0.03157916904917661	0.038760926187981576	0.9987281981154177
0.03168889879518089	0.03960987031515917	0.998698136908331
0.03181822139136925	0.04047521960698246	0.998664612767596
0.03196707627848835	0.04135681469314493	0.998626645771017
0.03213572809463897	0.04225481990801327	0.9985837216460871
0.0323249420088209	0.0431695421636307	0.9985358446706651
0.03253603902459091	0.044101148397533665	0.9984834835174252
0.032770779402713564	0.04504937171412284	0.9984274297712034
0.03303110316107424	0.04601330880742391	0.9983686081329519
0.03331880196895274	0.04699136462682696	0.9983078988657434
0.03363520089574456	0.04798136146457869	0.9982460253376629
0.033980929979080816	0.04898079464115235	0.9981835063236822
0.034355848469424924	0.049987172022221665	0.9981206348438629
0.03475914258124216	0.05099835024815319	0.9980574639451836
0.03518957332147659	0.05201278327269507	0.9979938021782173
0.03564580967532823	0.05302961963247118	0.9979292091412758
0.036126759204768176	0.05404863245900191	0.9978629992043234
0.03663182529269164	0.05507001539077143	0.9977942920923086
0.0371610473974527	0.056094090604576645	0.9977221331179237
0.037715085368796405	0.05712098647337437	0.997645659234216
0.03829504284559272	0.058150376038626425	0.9975642655032047
0.038902197469236316	0.059181350041810486	0.9974777287071647
0.0395377226730872	0.06021242620502652	0.9973862657500101
0.040202448151570216	0.06124166873785954	0.9972905226409379
0.04089670141107527	0.062266895100927755	0.9971914938319333
0.04162026935006573	0.06328591467269548	0.9970903786755075
0.04237246968793751	0.06429672973268703	0.9969884035762026
0.04315228972359521	0.06529766412399692	0.9968866410473516
0.04395855431203745	0.06628740936534595	0.9967858332545738
0.04479008583700509	0.0672649890512546	0.9966862351761732
0.04564582514780364	0.0682296641464908	0.9965875304587405
0.04652489921570041	0.06918080990664051	0.9964888653820301
0.04742662621208403	0.07011779236189097	0.9963889976843713
0.04835045900877666	0.07103988281520765	0.9962865337139795
0.04929590111351406	0.07194624381723852	0.9961802117631627
0.05026244350213648	0.07283597813866008	0.9960691665428516
0.051249544320882905	0.07370820310313998	0.9959531075131713
0.05225665480525521	0.07456211825695024	0.9958323686714597
0.05328329031384079	0.07539702810217935	0.9957078266067941
0.05432910883412928	0.07621227995565122	0.9955807277690232
0.05539392927973517	0.07700712787683504	0.9954524774333835
0.056477654100854424	0.07778058474708739	0.9953244254417308
0.05758010859954627	0.07853132557346942	0.9951976746563319
0.058700837679302655	0.07925769009599365	0.9950729473526436
0.059838925312188165	0.07995780661171227	0.9949505318006535
0.06099290327033252	0.08062981108491202	0.9948302972647934
0.06216078636967615	0.08127210286672903	0.9947117598250099
0.06334024006159983	0.08188356936828864	0.9945941967014092
0.06452884735523332	0.08246370906445437	0.994476789579475
0.06572439770954026	0.08301261166123393	0.9943587574857264
0.06692512211964559	0.08353081430764504	0.9942394543393295
0.06812984082450992	0.08401907506177111	0.9941184305827152
0.06933799946503474	0.08447809380117752	0.9939954718996484
0.07054956469455727	0.08490823621839469	0.9938706257279724
0.0717647975679887	0.0853093399295021	0.9937442133858302
0.07298396710695791	0.08568064427131585	0.9936168255702136
0.0742070588821888	0.08602085096510567	0.9934893073695155
0.07543353468330843	0.08632831524352486	0.993362720957709
0.07666220998286195	0.08660132924197936	0.9932382564887499
0.07789128327517306	0.08683841805365052	0.9931170888787766
0.07911850306796146	0.08703857148756736	0.9930002218662599
0.08034142281178196	0.08720135436034757	0.9928883494189051
0.08155766531483696	0.08732687107778549	0.9927817427130374
0.0827651216934924	0.08741561554361588	0.9926801867197047
0.08396205188881214	0.0874682697858929	0.9925830007843708
0.08514708502109469	0.08748550613408357	0.9924891468173358
0.08631913235214601	0.08746784246786955	0.9923974063216802
0.087477257357498	0.08741559091687626	0.9923065980543386
0.08862056450417986	0.08732889280303201	0.9922158025853042
0.08974813186244472	0.08720779606761536	0.9921245536360715
0.09085898227928768	0.08705234694213859	0.9920329512241648
0.09195209769251751	0.08686267572883183	0.9919416616325434
0.09302647336742763	0.0866390409697588	0.99185180818999
0.09408118098155271	0.08638181071130532	0.99176479280877
0.09511540817402364	0.08609138855780674	0.9916820882542456
0.09612844964743403	0.08576810251527724	0.991605030862293
0.09711962914140652	0.08541209273101161	0.9915346486960914
0.09808815982700488	0.08502325232715979	0.9914715596703014
0.09903298138529273	0.08460125950313742	0.9914159409106715
0.09995262419797042	0.08414571386493779	0.9913675531722186
0.10084516465639992	0.08365636342169547	0.9913258123013599
0.10170832665619435	0.0831333560902483	0.9912899017704817
0.10253971819471727	0.0825774167650788	0.9912589072312287
0.10333713062894302	0.08198988776100753	0.991231945659972
0.10409882293316154	0.0813726196311318	0.9912082609347032
0.10482371693028748	0.08072772664916596	0.9911872795302403
0.10551143603150313	0.0800572696922509	0.9911686429148098
0.10616217677545199	0.0793629682672408	0.9911522244651192
0.10677646592780853	0.07864601691176801	0.9911381348134206
0.10735487142158488	0.07790703762877262	0.9911267330014615
0.10789773636482711	0.0771461717668874	0.9911186499548426
0.1084049941164082	0.07636327403365986	0.991114785917764
0.10887608582339015	0.07555814946776514	0.991116238944248
0.10930998224238753	0.07473078732822697	0.9911241667159503
0.10970530592393628	0.07388154671659021	0.991139614784853
0.11006051948132237	0.07301125020425675	0.9911633406382543
0.11037412831337953	0.07212117672032275	0.9911956674664726
0.11064486375655586	0.07121296850231482	0.991236407703727
0.11087181262948148	0.0702884644532123	0.99128487658332
0.1110544467192763	0.069349498053965	0.9913399876925904
0.11119254244352776	0.0683977339024796	0.9914003981694941
0.11128603928011738	0.06743459645673847	0.9914646765931728
0.11133489543619005	0.06646129876587427	0.9915314859283292
0.11133898847375706	0.06547895955106939	0.9915997680572484
0.11129810680277595	0.06448876925016703	0.9916688924547248
0.11121204442239487	0.06349212978562259	0.9917387353978169
0.11108075825653546	0.06249070288518971	0.9918096785355108
0.11090452282056401	0.06148634058518661	0.9918825223828335
0.11068401174014468	0.06048090916405249	0.9919583200941058
0.1104202530738799	0.05947606692301636	0.9920381700756865
0.11011446218559907	0.058473084855862056	0.9921230328164417
0.10976780329042274	0.05747277452878246	0.9922136137462643
0.10938114298818723	0.0564755525072249	0.992310315387181
0.10895487110443691	0.05548163945342205	0.9924132378241286
0.10848885859273115	0.054491336556990254	0.9925221985733754
0.10798256584924333	0.05350528648930876	0.9926367546422125
0.10743526234813329	0.05252465028681187	0.9927562207679959
0.10684630640849155	0.05155116159038743	0.9928796859785378
0.10621541937065102	0.050587040054602926	0.9930060476464612
0.10554288317834122	0.04963479160984645	0.9931340900572729
0.10482962396030442	0.048696955326963054	0.993262600579079
0.10407717366161166	0.04777584993020687	0.993390488320038
0.10328751901408288	0.046873373152809844	0.993516885543255
0.102462880973516	0.04599090039123244	0.9936412328523903
0.10160547976562581	0.04512929236474178	0.9937633427852197
0.10071732449395371	0.0442890045130771	0.993883425446088
0.09980007573778085	0.04347028634401519	0.9940020707138675
0.09885503045179422	0.04267341783803809	0.9941201852880311
0.0978832265320779	0.04189890301189429	0.9942388767383374
0.09688562180512655	0.041147568012735856	0.9943592787384617
0.0958632967283157	0.0404205367419698	0.99448233670394
0.09481761230839598	0.03971907804625563	0.9946086105250784
0.09375024827200908	0.039044378513197475	0.9947381545915267
0.09266310274211008	0.03839734294452357	0.9948704961947469
0.09155810281849147	0.03777850363753282	0.9950047006596994
0.0904370040097356	0.037188072387535936	0.995139508819221
0.08930126421690886	0.03662612201699563	0.9952735140048153
0.0881520567479125	0.036092824993959334	0.9954053267707066
0.08699042427231135	0.03558864874203882	0.9955336986703205
0.08581752174833573	0.035114433896432734	0.9956576139706773
0.08463486948246134	0.03467132126640882	0.9957763615580689
0.08344452287425627	0.034260543841416885	0.9958895769698431
0.0822490978908671	0.033883159864029316	0.9959972463338722
0.08105165947427807	0.03353981226633056	0.9960996769391037
0.0798555123774909	0.033230565282585	0.9961974421450555
0.07866393874039491	0.032954850477500075	0.9962913065080038
0.07747994266591154	0.032711535162245425	0.9963821386004379
0.07630605758048288	0.032499089698177386	0.9964708268067443
0.07514424557771796	0.032315818507130584	0.996558210172945
0.07399591248118713	0.032160118867976456	0.9966450133509163
0.07286205143930133	0.03203070569219877	0.9967317618577397
0.07174348480533145	0.03192673298954357	0.9968186836231141
0.07064114188901843	0.03184777313639187	0.9969056284875003
0.06955629546126864	0.03179364705032264	0.9969920331517346
0.06849067110625826	0.03176414698070064	0.9970769489679584
0.06744638533830631	0.03175875237040442	0.9971591424425033
0.06642574469303013	0.03177644024655095	0.997237263390304
0.06543097874686171	0.031815647890644574	0.997310045292282
0.06446400052497173	0.03187440336020164	0.9973764881164664
0.06352629500794975	0.03195057300375308	0.9974359873979214
0.06261897697876068	0.03204211052237059	0.9974884014641037
0.061742970276171524	0.03214720568635718	0.9975340619325048
0.06089922456392957	0.03226429108487118	0.9975737250726132
0.06008888608076044	0.03239191069327851	0.9976084681827143
0.05931335061935532	0.03252850204554751	0.9976395560348267
0.0585741775497236	0.03267218108947949	0.9976683013801555
0.05787290003885591	0.032820600637133865	0.9976959231129929
0.05721078355498742	0.0329709184313013	0.9977234177799712
0.05658859370142376	0.03311989184122	0.9977514769893938
0.05600643969825743	0.033264080593832075	0.9977804615224746
0.05546373194202738	0.03340010646199819	0.9978104120041413
0.05495926790092695	0.03352491727628586	0.9978410765723873
0.054491449038652016	0.033635989627530144	0.9978719541843609
0.05405858258906665	0.03373139415628695	0.9979023495553709
0.0536591742946799	0.03380969405464378	0.9979314323911725
0.05329212673696608	0.03386970662761799	0.9979583050139635
0.05295678178508713	0.03391019045896193	0.9979820961760657
0.05265277800716131	0.03392955777254676	0.9980020851519492
0.05237976707272679	0.033925720733260036	0.9980178293677621
0.05213709265922595	0.03389612313469832	0.9980292632078867
0.05192353697697258	0.033837940758670214	0.9980367539778698
0.05173721619734182	0.03374838377714155	0.9980411054269197
0.051575654487119364	0.033624992662847394	0.9980434903043427
0.05143599060182419	0.03346582669796184	0.9980453172537304
0.051315231678165714	0.03326950162160924	0.9980480644445012
0.05121046966688537	0.033035082073965494	0.9980531111241415
0.05111898709811592	0.03276187746915157	0.9980615842019358
0.05103822335911259	0.03244922748274996	0.998074236334808
0.05096562952132611	0.032096353048302925	0.9980913773372988
0.05089845932589003	0.03170231844645858	0.998112870445507
0.05083356041751497	0.03126613509081337	0.9981381862976753
0.050767254737864795	0.030786994101071597	0.9981664964287326
0.05069536839354432	0.030264549896704972	0.9981967946958129
0.05281856207031303	0.02639089655690576	0.9981966114329471
0.054676652349270646	0.022327574819306126	0.9981955210032056
0.056268811241141234	0.018075254247775504	0.9981924411001828
0.05759080351708477	0.013638711961317034	0.9981860519308176
0.05863498658054052	0.009028032907517188	0.9981750251178922
0.05939067505763219	0.004259640834981832	0.9981583100890713
0.05984480613782459	-0.00064295137083175	0.9981354007407922
0.05998281804236305	-0.005648770768455588	0.9981064863323267
0.05978959722093226	-0.010719475921647426	0.9980724329293527
0.059250278170867365	-0.015809910843903426	0.9980346180805257
0.05835068259258785	-0.020868959344998456	0.9979947142577292
0.05707733355018043	-0.025840395075831968	0.9979545406205517
0.05541721448211963	-0.030663434356814324	0.9979160566033585
0.05335759990351895	-0.035272890409390016	0.9978814773211768
0.05088624239229828	-0.039599068148687216	0.9978534298944838
0.047992014837683394	-0.04356764107578706	0.9978350624857534
0.04466596705153856	-0.04709968654534405	0.9978300273917873
0.040902758138236406	-0.050111967754794345	0.9978422687376475
0.03670249400093896	-0.05251758797886574	0.9978755514965097
0.03207294242401247	-0.05422731397728138	0.9979327141405432
0.027031792516671635	-0.055151956240054735	0.998014728246074
0.021608237816479154	-0.05520592178865788	0.9981197457428197
0.015843118971067018	-0.054311426674113955	0.9982423266244718
0.00978740810112178	-0.05240234902316567	0.998372944559645
0.0034995972398650863	-0.049426822479246874	0.9984977358521424
-0.002957058332537026	-0.04534835548085721	0.9985984699889878
-0.009516799453678795	-0.040145952959952456	0.9986529029755316
-0.016113187277764104	-0.03381379173243463	0.9986358294537083
-0.022680905882484288	-0.026360400666633532	0.9985210548889955
-0.029157510158412784	-0.01780668563584769	0.9982840612997852
-0.03548413827367376	-0.008182315411479804	0.9979045490840945
-0.04160372970229985	0.0024787729195656742	0.9973678114858096
-0.047456221922965086	0.014141590490374471	0.996664332239096
-0.052972115603707265	0.02676980058463799	0.9957878153542148
-0.05806720259438633	0.04032128359761704	0.994732669732996
-0.06264098168228974	0.05474127532877318	0.9934923101200723
-0.06657921566339053	0.06995614490051184	0.9920590267451574
-0.06975877470793528	0.08586995427678219	0.9904251336509232
-0.07205239296325758	0.10236366064385743	0.988584740002868
-0.07333237302457708	0.11929531474494362	0.9865358454856293
-0.07347411761503785	0.13649992934104646	0.9842829074365209
-0.07236111202854081	0.15378931835583065	0.9818400818028449
-0.06989205265663959	0.1709536926816858	0.9792345530663542
-0.0659887623408978	0.18776686704463105	0.9765082763088434
-0.06060184765578416	0.20399514384019257	0.9737164893402495
-0.053711457229080904	0.21940742149039175	0.9709228156832019
-0.045322981807039156	0.23378293427387228	0.9681925107577976
-0.03546030098086868	0.24691428174857705	0.9655863043460032
-0.024160166258993865	0.25860627083816046	0.9631567688321915
-0.011469646150422688	0.26867322164098556	0.9609474519704241
0.0025539563142737004	0.27693693125265495	0.9589934557082727
0.017842199906128148	0.28322552570191073	0.9573217774716052
0.0343141275778844	0.28737225724632287	0.9559505209952533
0.0518735898748888	0.2892140008905942	0.9548872678361116
0.07040447176684686	0.28859086453013066	0.9541274639264004
0.08976453413398286	0.28534895770089697	0.9536533555435277
0.10978006536823261	0.27934727213196087	0.9534334460692178
0.13024378472452403	0.27046770185908886	0.9534222428954028
0.15091723821229452	0.2586258133749605	0.953560378259982
0.17153715218582866	0.2437800500378668	0.9537756374582189
0.1918242427096787	0.22593830343532412	0.9539853277518726
0.21149336175646966	0.20516182127695615	0.9540996580709358
0.2302646565587353	0.18156626129796383	0.9540251420702498
0.24787529741287612	0.15531895343130542	0.9536671867509184
0.2640903034386933	0.12663145610334683	0.9529319304532937
0.27871013689071783	0.09574771068032067	0.9517282654740795
0.29157174058354524	0.06293194411044677	0.9499712617532883
0.3025403237813653	0.028464828537918856	0.947589166464909
0.31152379579821154	-0.0074050408813693125	0.9445186505474912
0.318449402826184	-0.04444751158135498	0.9407039284909379
0.3232502357168652	-0.08244483698939503	0.9360959980606287
0.3258567880481599	-0.121188380397737	0.9306515520311669
0.3261904646462817	-0.16047312588661877	0.9243341749030092
0.324159824831466	-0.2000902542604484	0.9171188327156239
0.31966107003528854	-0.23981839571550836	0.9089991115770107
0.3125841236080439	-0.27941555847110683	0.8999951246590516
0.3028235493772766	-0.31861455921630183	0.8901591074908013
0.2902913146802427	-0.3571236620940359	0.8795765774447164
0.2749279615399643	-0.39463213587970847	0.8683631466182217
0.2567099092530595	-0.4308188166448238	0.856658768715086
0.23565261467433118	-0.4653610939337638	0.8446213385787686
0.21181108118597192	-0.4979424051424314	0.8324203106064828
0.1852794588428031	-0.5282579253477521	0.8202295226087246
0.15619004426726255	-0.5560195418801371	0.8082184041200616
0.12471023102324154	-0.5809612277786722	0.7965425204188795
0.09103575643602677	-0.6028444646546829	0.7853361762835565
0.05538047166358609	-0.6214618029978213	0.7747097783347345
0.01796552467323119	-0.6366365595459438	0.7647525951000516
-0.02098800095844311	-0.6482184864545764	0.7555387367819881
-0.06126064790701394	-0.6560774959246702	0.7471326872924335
-0.1026310571031292	-0.6600981470866287	0.7395914756538797
-0.14487004669325626	-0.6601764431836977	0.7329625738108114
-0.18773498047462311	-0.6562189268104652	0.7272787003143504
-0.23096560147171968	-0.6481434361453894	0.7225519384539314
-0.2742810366545574	-0.635881344122109	0.7187691627550457
-0.31737745983446264	-0.6193817920652774	0.7158893369139658
-0.35992687989524863	-0.5986186124359086	0.7138421718115501
-0.4015787832887401	-0.5735998129181039	0.7125275335493371
-0.44196651705523027	-0.5443778058675843	0.7118156868570187
-0.4807186149604774	-0.511057331495909	0.7115491833903678
-0.5174728036736521	-0.4737985234034746	0.7115470292644817
-0.5518892928464765	-0.4328145663683305	0.7116108051784391
-0.5836609881435457	-0.3883652841728566	0.7115317575068908
-0.6125201567188984	-0.34074848820119225	0.7110980398084952
-0.6382420980066178	-0.2902901940950148	0.7101017704535307
-0.660645990120005	-0.2373340204784452	0.7083457990875042
-0.6795921176003751	-0.1822302578815147	0.705649921406227
-0.6949746457668124	-0.12532627422354925	0.7018561108378363
-0.7067108009589735	-0.0669608661838903	0.6968324487008131
-0.7147296666850648	-0.007464287565474348	0.6904757145005826
-0.7189645722855798	0.05283693102159398	0.6827128835104092
-0.7193513512772179	0.11361359030503039	0.6735019254622073
-0.715831735367026	0.1745294521926251	0.6628321393242488
-0.7083586867815853	0.2352406809871759	0.6507239433510598
-0.6969003683429362	0.2953980981743808	0.6372280149181615
-0.6814418355905882	0.35464970853874067	0.6224239355933496
-0.6619861993828472	0.4126418821136978	0.6064186350137174
-0.6385577881783322	0.46901993667013064	0.5893447683033654
-0.6112081825537372	0.5234306083869312	0.5713586223171216
-0.5800229075914322	0.575528432676341	0.5526366195507724
-0.5451246790208565	0.624985352172388	0.5333698663563822
-0.5066704619490282	0.6715001280534545	0.5137573706229441
-0.4648431855200625	0.7148038770434356	0.4939996085848492
-0.4198419922493544	0.7546603990344898	0.474294231026102
-0.3718752299847166	0.7908628397885157	0.45483431759158927
-0.3211577635844864	0.8232294204823286	0.4358076401037211
-0.2679109954737131	0.8515996757672604	0.41739483872025573
-0.21236307360652068	0.8758303659693771	0.39976553837353224
-0.15474831859146781	0.895789438655522	0.3830731536824389
-0.09530714171734228	0.9113478476596448	0.36745034147337774
-0.03428878374202288	0.9223712890068281	0.3530067271385352
0.02804188822119491	0.9287152908712357	0.3398288964765351
0.09139485645567968	0.9302267456510172	0.3279813518501389
0.15544607671641997	0.926752678559672	0.31750705322169226
0.21983257851985555	0.91815398780498	0.30842682812446165
0.2841529759573242	0.904320218347076	0.3007377710942874
0.3479725640782045	0.8851821809527785	0.294411301719477
0.4108311863867179	0.8607214260246601	0.2893913898412373
0.4722527917661574	0.8309770518245688	0.2855929426636387
0.5317566306443364	0.7960499848519894	0.28290027919405997
0.5888699519448108	0.7561038504554014	0.28116609721675523
0.6431410588381047	0.7113614128742584	0.28021188504285777
0.6941506843438594	0.6620966980434548	0.279830875924593
0.741519634883204	0.6086245519596228	0.27979406459912937
0.7849117307632085	0.5512903587553254	0.2798586492827768
0.8240327890024554	0.49046220902554194	0.27977730841223303
0.858627597888951	0.4265262093575382	0.27930676329999216
0.8884767236964575	0.35988417857207006	0.2782150055631271
0.9133940853158	0.290952689585949	0.27628739407050235
0.9332255685631687	0.22016288537140444	0.27333188246871665
0.9478489246809597	0.14796074929309241	0.2691831894432445
0.9571753191348898	0.07480708358567806	0.2637054507528305
0.9611524719519787	0.001175841203233552	0.25679319023357483
0.9597684482271407	-0.0724504208306192	0.24837109923331463
0.9530545263035479	-0.14558810430732821	0.23839352630046173
0.9410857979835919	-0.21776189110149718	0.2268443711957124
0.923979176322167	-0.28851383092801497	0.21373736074024607
0.9018894667800716	-0.35741062440669336	0.199115834208444
0.875004304684798	-0.4240488626341697	0.1830508472273496
0.843538175598134	-0.488059155896988	0.1656372791709219
0.8077252378784574	-0.5491099812473247	0.14698912210221435
0.7678107856486799	-0.6069108406971694	0.12723585613609656
0.7240420960554586	-0.6612131334192313	0.10652126497184697
0.6766605701761698	-0.7118071437577967	0.08500450078942501
0.6258971412658739	-0.7585148863301451	0.06286161537175358
0.5719717106641119	-0.8011803297241911	0.04028549724966041
0.5150959588294978	-0.839659584228517	0.01748337639585046
0.4554780222540972	-0.8738131983534134	-0.005327309147999448
0.393327828883189	-0.903501335208104	-0.02792297101169211
0.32886310545451075	-0.9285816438155001	-0.050076499681882214
0.26231695621172996	-0.9489094641737	-0.07155856228967189
0.1939475069004189	-0.9643404531129913	-0.09213937078507758
0.12404833463937202	-0.9747363072793509	-0.11159332799150617
0.052956562753216474	-0.9799737499352855	-0.12970768987759404
-0.01894456278832618	-0.9799552213463147	-0.1462941363247821
-0.09122969752255572	-0.9746183661730541	-0.1612005447914191
-0.16344033124048812	-0.9639419299867494	-0.17432032875778763
-0.2350956350924324	-0.9479477769849423	-0.18559819488350326
-0.3057031304342935	-0.9267005254808387	-0.19503267945938546
-0.3747687705300827	-0.9003064251890232	-0.20267621709682299
-0.4418068131602258	-0.8689121186667463	-0.20863298367570016
-0.5063493872347459	-0.8327030292222077	-0.2130542280110365
-0.567954664681915	-0.7919009491426217	-0.21613090940999413
-0.626212141236442	-0.7467609971245219	-0.21808421868092373
-0.6807443217224156	-0.6975688871762636	-0.21915549424657743
-0.7312057707011892	-0.6446395125519526	-0.2195974243606645
-0.777281755596153	-0.5883169062500087	-0.21966769093618427
-0.8186884368223685	-0.5289745053901111	-0.21962478510889868
-0.8551750696229151	-0.46701428936330414	-0.21972471853150094
-0.8865273696722652	-0.40286397099343885	-0.22021731958414414
-0.9125710773309255	-0.33697244089383865	-0.22134147643497498
-0.9331755682186921	-0.26980424227842664	-0.22331948833732707
-0.9482579340374611	-0.20183358283761543	-0.2263511992357443
-0.9577874992748101	-0.13353766275236356	-0.23060871430857058
-0.9617894534763086	-0.06538870075108472	-0.2362322585094185
-0.9603453463429967	0.0021554302924380875	-0.2433272713223298
-0.9535887596832645	0.06866083086195451	-0.2519625059842795
-0.9416964559193282	0.13372555365750316	-0.2621690281955288
-0.9248773534391024	0.19698455795789643	-0.2739403430044327
-0.9033622240824792	0.25811157987643335	-0.2872339208750136
-0.8773956334837772	0.31681869272660257	-0.3019741692033602
-0.847229476982641	0.3728542041391348	-0.3180565247478577
-0.8131164687125877	0.42599883278360484	-0.3353518246839917
-0.7753031671643764	0.47605977878955313	-0.35370997760870115
-0.7340241614846099	0.5228631191861084	-0.37296246619087947
-0.6894999432396015	0.5662463072291197	-0.3929238562809513
-0.6419401890225837	0.6060530851498817	-0.41339304845318164
-0.5915519452998397	0.6421322354488131	-0.43415535843531416
-0.5385499416029941	0.6743398965705028	-0.45498618447429134
-0.48316573193300355	0.7025437758841513	-0.4756561473534684
-0.42565367921831804	0.7266272936469178	-0.4959369586809314
-0.3662936765838579	0.7464925890193074	-0.5156073496805565
-0.3053916349136724	0.7620626384363341	-0.5344589258689245
-0.24327867980223056	0.7732833413670026	-0.5523022171581751
-0.1803091758242296	0.7801259274501882	-0.5689731212563708
-0.1168569463331226	0.7825890359355955	-0.5843393288525148
-0.053309140721039934	0.7806994741936997	-0.5983055263464234
0.00994178440864385	0.7745113188532771	-0.6108158541502007
0.07250634187414604	0.7641038339460843	-0.6218526530892325
0.13400457265793422	0.7495792095240893	-0.6314318967474329
0.194069719391733	0.7310612454292195	-0.6395970560551496
0.2523492022524909	0.7086954502498484	-0.6464134528946022
0.3085041208510728	0.6826499970076895	-0.6519643344778822
0.3622087298810895	0.6531164963608007	-0.6563485429801966
0.41315074298002696	0.6203100277446836	-0.6596787525601372
0.46103265143985833	0.5844687944261956	-0.6620795547399474
0.5055741625111423	0.5458541120970036	-0.6636855358715056
0.5465160192647156	0.5047509065104561	-0.6646398002037358
0.5836252895040247	0.46146807816824	-0.6650930190092472
0.6167017138646987	0.4163377019243437	-0.6652025184359349
0.6455842288711535	0.3697124035134002	-0.6651306865051217
0.6701565563296955	0.321961029953235	-0.6650423168671633
0.690350823508517	0.2734632165473122	-0.6651011856673801
0.7061485472093596	0.22460331615659157	-0.6654666779746912
0.7175788212874958	0.17576364042575693	-0.6662910978921077
0.724714033575513	0.127316782795516	-0.667717472901868
0.7276638093303932	0.07961735622259876	-0.6698769461388052
0.7265680182118848	0.03299435845496368	-0.6728849183580565
0.7215896510389375	-0.012254259333306101	-0.6768359949523932
0.7129082602308998	-0.055863808133189696	-0.6817988088266398
0.7007143919007152	-0.09760200618696169	-0.687812157665243
0.6852050553126456	-0.13726628311595812	-0.6948833222733686
0.6665801622065137	-0.17468081691613704	-0.7029883448740089
0.6450402198180882	-0.20969434074235693	-0.7120734260031278
0.6207858448271796	-0.24217889390503097	-0.7220567750431318
0.5940194777857704	-0.272029007700732	-0.7328309041552814
0.5649490419749252	-0.29916064154918354	-0.7442662252150098
0.5337922375949743	-0.3235096422563821	-0.7562170439984501
0.5007793295810165	-0.34503013670253535	-0.7685300723832643
0.4661525251829085	-0.36369361027213637	-0.7810539947734296
0.4301615875987421	-0.37948916677435307	-0.7936474212113656
0.39305740004821654	-0.39242458951859416	-0.8061829617854048
0.3550861634367551	-0.4025271521220305	-0.8185472515954775
0.3164861310877415	-0.4098433216852925	-0.8306389051248637
0.27748694198838536	-0.4144372288051258	-0.8423670626624118
0.23830991098999246	-0.41638846042822236	-0.8536518491405829
0.199167530083727	-0.41579011316289916	-0.8644258714771177
0.16026200170488095	-0.4127478297515625	-0.8746347127313226
0.12178422707548583	-0.4073796465408386	-0.8842348164361332
0.08391496663452652	-0.39981579533183265	-0.8931889685598613
0.046828727453847044	-0.39019785026337434	-0.9014616186572194
0.01069921091093412	-0.3786772405927413	-0.9090167672340126
-0.024295977864069174	-0.36541351164159036	-0.9158198148835722
-0.057973515295053374	-0.35057276617536204	-0.9218425200830048
-0.09014616520617987	-0.3343265722930224	-0.9270684843443381
-0.12062726027389097	-0.3168514514918378	-0.9314967793627893
-0.1492321875097296	-0.2983351153191546	-0.9351406374841527
-0.17577321429024872	-0.2789950501722885	-0.9380229236328055
-0.20009308948044652	-0.25903578899452817	-0.9401928637535639
-0.2220604571105057	-0.2386602625931229	-0.9417166910976575
-0.24157231636847198	-0.21807101551208619	-0.9426759783999679
-0.25855747515304506	-0.19746804145247093	-0.943166482786495
-0.2729785424305847	-0.17704558888168823	-0.9432949399865725
-0.2848319626365351	-0.1569882281163985	-0.9431738636325606
-0.29414656898955127	-0.1374666669208638	-0.9429157661580586
-0.3009816631639005	-0.11863395970281465	-0.9426282859990324
-0.3054251429493031	-0.10062275738745317	-0.9424106112692167
-0.30759122893512564	-0.08354400592314834	-0.9423504100421126
-0.30761690203180975	-0.06748708260160795	-0.942520310995755
-0.3056567526849281	-0.0525209405231756	-0.9429739580025851
-0.3018770878139378	-0.03869565301186532	-0.9437430078904269
-0.2964507671061907	-0.026043867452334002	-0.9448369240027188
-0.28955376388914955	-0.01458192075078647	-0.9462463734899887
-0.2813633877746733	-0.0043106416157130956	-0.9479491901409072
-0.27205722487053924	0.004783843599492868	-0.9499164527603562
-0.26181160898855144	0.012728923385441543	-0.9521163121033008
-0.2507990633294621	0.019563937977746762	-0.9545149552396331
-0.239185205030087	0.025338717060508505	-0.9570760990346111
-0.22712622842258262	0.030112730110335814	-0.9597610988065393
-0.21476785677212193	0.033954869605855836	-0.9625307866534367
-0.20224578657980805	0.03694321373947676	-0.9653483957603956
-0.1896867237286696	0.039163870899283	-0.9681818185155033
-0.1772087895231366	0.04070855743674136	-0.9710037165797571
-0.16492068729869636	0.041671472530221076	-0.9737894158420916
-0.1529200453032094	0.04214646382369999	-0.9765140826351645
-0.1412918723774853	0.04222515399736588	-0.9791511163615609
-0.13010785769203154	0.041996017641570516	-0.9816728213649085
-0.11942661808182505	0.041543822268229356	-0.9840529358721111
-0.10929435100263446	0.04094876953326276	-0.9862693844494158
-0.09974521965906123	0.04028515055188247	-0.9883056731950252
-0.09080123133775185	0.03961985566856005	-0.9901505583333504
-0.08247187170084824	0.03901124608014069	-0.9917968701985512
-0.07475400000064622	0.03850870522990951	-0.993240795175836
-0.06763240716323757	0.03815279792961442	-0.9944822432845697
-0.06108110259770229	0.037975686880010136	-0.995525828225311
-0.05506513328697631	0.03800146373812848	-0.996381476582003
-0.04954265925561837	0.038246207185086936	-0.9970639959580329
-0.044467017970156994	0.038717764242950564	-0.9975916784188352
-0.03978857271432157	0.039415417084488244	-0.9979845916484744
-0.03545625122408644	0.040329661067236386	-0.9982632286217353
-0.031418770181127625	0.041442259235517705	-0.9984477604974407
-0.027625574470473625	0.042726650592704245	-0.9985576378944846
-0.024027554122049002	0.04414873828319429	-0.9986111286746885
-0.020577646016451276	0.04566804354665456	-0.9986246366245515
-0.01723144235566494	0.04723916843120262	-0.9986119818085847
-0.013947909651546062	0.048813460116351855	-0.9985839495626885
-0.010690255756236205	0.05034070845159441	-0.9985482926124887
-0.007426866896910989	0.05177069391552365	-0.9985101310973176
-0.004132149121872531	0.05305448082393311	-0.9984725354246379
-0.0007871147857724829	0.05414547228601559	-0.9984370955245172
0.002620356847176219	0.055000330381843765	-0.9984044143805026
0.006095546467341076	0.05557986473109902	-0.9983745555580066
0.009637113196229796	0.0558499171448638	-0.9983474493454554
0.013237425206973616	0.05578219439830971	-0.9983231871032412
0.01688296695503687	0.055354979642412885	-0.9983021058467603
0.020554815806499167	0.054553673729189026	-0.9982846493256551
0.02422919375153332	0.05337114848564687	-0.9982711164889577
0.027878101337437948	0.0518079194307367	-0.9982614606373336
0.031470029724851675	0.04987215143152525	-0.9982552449981685
0.03497073845715496	0.047579497355437185	-0.9982517473514888
0.03834409136292497	0.04495276152515873	-0.9982501297278654
0.04155295098634216	0.04202139199421482	-0.9982495966760442
0.044560123722446505	0.038820825289824	-0.9982495185236949
0.04508911569517243	0.03873397764214386	-0.9982260553811018
0.045575170810533194	0.03865542715644972	-0.9981998995635476
0.04601883190497648	0.03858832473433511	-0.9981726311495345
0.04642090748689127	0.03853556017687765	-0.9981463146313612
0.046782508169704716	0.038499726264137495	-0.9981229388648108
0.04710507384215299	0.03848311387090464	-0.9981038898906468
0.047390391513483725	0.038487746813608406	-0.9980895975143494
0.04764059655157157	0.038515447960461795	-0.9980794473232792
0.04785815505863285	0.03856792087229028	-0.9980719641648194
0.048045829510463614	0.03864683395157015	-0.9980652001856023
0.04820662537814091	0.03875389909153199	-0.9980572210861725
0.0483437107112956	0.038890932880082024	-0.998046566883899
0.048460305525271426	0.0390598804301175	-0.9980325711518278
0.048559554304629805	0.03926278331880086	-0.998015471261184
0.04864440832680524	0.039501688364736644	-0.9979962953974573
0.04871754441869662	0.03977851216403405	-0.9979765527846124
0.048781338901089405	0.04009488920580154	-0.9979577931716035
0.04883790282177733	0.04045203987928646	-0.9979411387133453
0.048889165346243484	0.04085069343920938	-0.997926903251296
0.048936974518437974	0.0412910845801979	-0.9979144001186666
0.048983180871051635	0.04177301526538639	-0.9979020056384278
0.049029684430035005	0.04229595095666537	-0.9978874819377241
0.049078446626389806	0.04285911838759968	-0.9978684864328013
0.04913147688241491	0.04346158286437039	-0.9978431325615917
0.049190804659064925	0.04410229177828691	-0.9978104453755267
0.04925844978988746	0.04478008123468715	-0.9977705826406555
0.04933640106292697	0.04549365526124061	-0.9977247616339298
0.04942660605448582	0.04624155260100017	-0.9976749160419449
0.04953097186413095	0.04702211461878136	-0.9976231817857938
0.049651378191504836	0.04783346561883275	-0.9975713585891199
0.04978970514725732	0.048673517677243566	-0.9975204883565518
0.04994787131526901	0.04954001296589399	-0.9974706425790048
0.05012786643011881	0.05043060958658215	-0.9974209523003137
0.05033175749467471	0.05134300253940344	-0.9973698612045367
0.050561650883007986	0.05227505562003731	-0.9973155284626154
0.050819605807781186	0.05322491136891356	-0.997256278590462
0.051107509719534414	0.05419104832702179	-0.997191000249456
0.05142693962846548	0.05517226299770077	-0.997119407507713
0.05177904466990816	0.05616757188391003	-0.9970420972113938
0.05216448194275063	0.057176056364584074	-0.9969603812073696
0.05258341788972923	0.058196689313787846	-0.9968759304074902
0.05303558934488506	0.05922818050757278	-0.9967903089605582
0.05352040831597799	0.060268870851077606	-0.99670451363047
0.05403708879544686	0.061316694551103945	-0.9966186552268532
0.05458477338821617	0.06236921278777997	-0.9965318848478322
0.05516264044883714	0.0634237081862646	-0.9964425900208695
0.05576997702238736	0.06447731825706214	-0.9963488108581877
0.05640621019452528	0.06552717910534635	-0.9962487687107274
0.057070896844866076	0.0665705496615599	-0.9961413597183817
0.05776367897233557	0.06760489228570318	-0.9960264782020434
0.05848421838869624	0.06862789517769774	-0.9959050927263027
0.05923213257952664	0.06963743388855387	-0.9957790643443265
0.060006958192355186	0.07063148964602566	-0.9956507574597189
0.06080815568903356	0.07160806274601947	-0.9955225422194227
0.06163514598741264	0.07256511813317863	-0.9953963096921432
0.06248735943843499	0.07350058280282208	-0.9952731082049441
0.06336427679381405	0.07441239976018942	-0.9951529775198051
0.06426544195416056	0.07529862832406226	-0.9950350125078323
0.06519043300524088	0.07615756460181755	-0.9949176396511197
0.06613879216449353	0.07698784718089703	-0.994799045781322
0.06710993030614745	0.07778851660213491	-0.9946776603614453
0.06810302743630336	0.07855901220753335	-0.9945525707462047
0.0691169442795986	0.07929910312753265	-0.9944237609842795
0.07015015810233229	0.08000875622736324	-0.9942921128062073
0.07120074069234632	0.08068795544588331	-0.9941591672722747
0.07226639412419009	0.08133650521281788	-0.9940267124354071
0.0733445479405409	0.08195386058335097	-0.9938963165771898
0.07443250842022962	0.0825390224182049	-0.9937689368275939
0.07552764096888966	0.08309052589452995	-0.9936447048091097
0.0766275530706717	0.0836065379997847	-0.9935229438399669
0.07773023101772912	0.08408505085025036	-0.9934024104202496
0.078834092751464	0.0845241199072318	-0.9932816868715841
0.07993795096804865	0.08492208309107087	-0.9931596213540106
0.081040907349609	0.08527770988696014	-0.9930357124839109
0.0821422144083933	0.08559025146340217	-0.9929103460537712
0.08324114639768079	0.08585939343897282	-0.9927848182528867
0.08433690837843623	0.08608514249306926	-0.992661134859755
0.08542859194566133	0.08626768966583692	-0.9925416318084348
0.08651516884392765	0.08640728855106397	-0.9924284935746095
0.08759550551388387	0.08650417407395228	-0.9923232768240464
0.08866838372306199	0.08655853157803259	-0.9922265633107047
0.0897325207367586	0.0865705113927851	-0.992137837019883
0.09078659071335449	0.08654027833978263	-0.9920556198595681
0.09182924646644386	0.08646808822988504	-0.9919778390073605
0.09285912752795536	0.0863543764195041	-0.9919023384250524
0.09387483855187297	0.08619982683400991	-0.9918273990998816
0.09487489660510862	0.08600538740187899	-0.9917521327972643
0.09585766072840766	0.08577220977919059	-0.9916766558741735
0.09682127164730164	0.08550150878215221	-0.9916020120991127
0.09776363972262865	0.08519436361094754	-0.9915298783656701
0.09868251303788701	0.08485151199786845	-0.99146214253121
0.09957563204565928	0.08447320473063773	-0.991400464947048
0.10044093856694977	0.08405918007641199	-0.9913459243827604
0.10127677706903337	0.08360877922455771	-0.9912988249607187
0.1020820280825366	0.08312117413364116	-0.9912587023152261
0.10285613956692193	0.0825956476591348	-0.9912245212259969
0.10359905194400476	0.08203185609425782	-0.9911950131003021
0.10431104157240777	0.08143001206642184	-0.9911690694927994
0.10499252858888859	0.08079095306941454	-0.9911460911660824
0.10564389517691011	0.08011609986098278	-0.9911262038121499
0.10626533778826643	0.0794073346389415	-0.9911102793616409
0.10685675583373305	0.07866682833994647	-0.9910997408312102
0.10741768119127437	0.07789684024907344	-0.9910961912295146
0.10794726052700876	0.0770995181074126	-0.9911009659953081
0.10844429941806935	0.07627673023624676	-0.9911147299940899
0.10890736975585266	0.07542995916956616	-0.9911372247204813
0.10933496769410925	0.07456028313990383	-0.9911672425877338
0.109725688311613	0.07366845442494294	-0.9912028484347962
0.1100783716640223	0.07275505557197022	-0.9912417917368873
0.11039217723938662	0.07182069057863183	-0.9912820014925412
0.11066656364978944	0.07086614919920038	-0.9913220495813817
0.11090118990815441	0.06989248200358121	-0.9913614763679524
0.11109579001832445	0.06890095705781604	-0.9914008933545344
0.11125008113429152	0.06789291973040479	-0.9914418380592694
0.11136374500447173	0.06686961507945835	-0.9914864204418762
0.11143648784783475	0.06583204259061251	-0.9915368414726115
0.11146815274408706	0.06478090023529368	-0.9915948925511636
0.11145883698110938	0.06371664461868504	-0.9916615589397058
0.11140896345522923	0.06263964835932391	-0.9917368221048474
0.11131928006636879	0.061550401395014456	-0.9918197009153602
0.11119079086206843	0.06044970023507282	-0.9919085143165731
0.11102463779922572	0.0593387821260671	-0.9920012952833401
0.11082195732753783	0.0582193792336346	-0.9920962438293435
0.11058373101048116	0.057093687703329295	-0.992192098748377
0.1103106439541701	0.05596425481321082	-0.9922883431656461
0.11000297150408153	0.05483379238012106	-0.9923852086739604
0.1096605217701795	0.05370493855216092	-0.9924834925556616
0.10928265878017387	0.05258000430412081	-0.9925842445468687
0.10886842210274579	0.05146075121702951	-0.9926884077440278
0.10841673961287168	0.05034825352664883	-0.9927965029769713
0.107926699987388	0.04924289128767394	-0.9929084337649045
0.10739782070083653	0.04814449276083246	-0.9930234551443302
0.10683023956910503	0.047052598065722206	-0.9931403160957303
0.10622478180864904	0.04596677834230485	-0.9932575556038481
0.10558289033999603	0.044886930949702336	-0.9933738909395784
0.1049064419513259	0.04381347874487912	-0.9934885938733081
0.1041975012629255	0.04274743125316176	-0.9936017441569647
0.10345807486768077	0.04169030679445169	-0.9937142789245825
0.1026899201900592	0.04064395056517081	-0.9938278003598605
0.10189444189102785	0.039610310684100425	-0.9939441677675611
0.10107267551697183	0.03859123677712383	-0.9940649788632633
0.10022533905951157	0.037588338511002316	-0.9941910939087732
0.09935293458497095	0.036602917617455745	-0.9943223375462282
0.09845587866024555	0.03563597859923433	-0.9944574605163475
0.09753462850796149	0.03468830861842873	-0.9945943758097204
0.0965897705563385	0.033760595806537085	-0.9947306025681559
0.09562205169669516	0.032853546313692104	-0.9948637886298294
0.09463234992085481	0.03196796603350455	-0.9949921815125629
0.09362159479436359	0.031104779515435034	-0.9951149464161774
0.09259066938682256	0.030264968325941055	-0.9952322720336041
0.09154034293966709	0.02944944045405943	-0.9953452597697038
0.09047127166784605	0.02865887541674086	-0.9954556425104331
0.08938407489855484	0.027893597782758277	-0.9955653965051273
0.08827946952093443	0.027153524475542028	-0.9956763160019713
0.08715842309973766	0.026438215323838794	-0.995789629381016
0.08602227485518234	0.025747023196824224	-0.9959057402885478
0.08487278612831416	0.02507930874337174	-0.9960241543284829
0.08371210187229894	0.024434671143619482	-0.9961436138169167
0.0825426238226402	0.0238131415186338	-0.9962624166946468
0.08136681750534677	0.0232152923272594	-0.9963788447830779
0.08018698899935638	0.022642236845717496	-0.9964915852440801
0.07900506982363284	0.022095516089802272	-0.9966000254050029
0.07782244550685172	0.021576888064430755	-0.9967043329233323
0.07663986332034896	0.021088047009338255	-0.9968053022674741
0.07545745461194354	0.020630317472633226	-0.9969040253837935
0.07427488998467323	0.020204387594545636	-0.9970014935127434
0.07309165047441032	0.019810149370779084	-0.9970982497456345
0.07190736217001835	0.019446695118121384	-0.997194198965743
0.07072211546753011	0.019112482419855838	-0.9972886274202808
0.06953668728668011	0.01880563398156239	-0.9973804130415247
0.06835260635711102	0.018524302847693467	-0.9974683562294175
0.06717203974798266	0.018267010514034423	-0.9975515424379308
0.0659975354739379	0.018032865301112075	-0.997629641973111
0.0648317056308242	0.0178216134639263	-0.9977030647608356
0.06367693631170765	0.01763353804703431	-0.9977729246732411
0.06253518169764816	0.017469254575960266	-0.9978408175737137
0.06140787162046402	0.01732946481769649	-0.9979084526601683
0.06029593171353023	0.017214732911326476	-0.9979772181073605
0.05919988467555745	0.017125330470366285	-0.9980477949488006
0.05811998994968561	0.017061162751574967	-0.998119925058021
0.05705639211927276	0.017021763683786197	-0.9981923991367699
0.05600926176294268	0.017006347146174945	-0.9982632862178297
0.054978908387104716	0.017013903471858643	-0.9983303607913063
0.053965843309264974	0.0170433195998927	-0.9983916163192883
0.05297078118332492	0.017093496107530665	-0.9984457308615196
0.05199457909755381	0.0171634338072732	-0.9984923755459887
0.05103813007790099	0.017252260296958234	-0.9985322991452376
0.05010225216949968	0.017359182242984727	-0.9985671696488647
0.04918762010628517	0.017483380420887727	-0.998599213745067
0.04829477147152783	0.01762388850756292	-0.9986307431005814
0.04742419342736208	0.01777950925218852	-0.9986636724527423
0.04657645989805965	0.017948818429268015	-0.9986991274173017
0.045752357462138904	0.01813027648199951	-0.9987372256731127
0.04495293470770694	0.018322419149760804	-0.9987770809152683
0.04417944148806502	0.018524060805180702	-0.998817034905163
0.04343316924331758	0.01873444004482335	-0.998855069922468
0.04271523491793014	0.018953258141394917	-0.9988893019681361
0.0420263674222242	0.01918059117037537	-0.9989184293711179
0.04136675669358122	0.019416692876642615	-0.9989420217550605
0.040736006551996995	0.019661735283993627	-0.9989605722372102
0.04013320576195664	0.019915547183367403	-0.9989753002441475
0.0395571045675675	0.020177410384883816	-0.9989877739339862
0.03900636112916718	0.020445956180063233	-0.998999475887107
0.03847981696420187	0.02071918204469157	-0.999011442422544
0.037976756622416626	0.020994598117222485	-0.9990240689647578
0.03749709253071836	0.02126949303286072	-0.9990371182887482
0.03704142017987524	0.02154127136317372	-0.9990499051394229
0.03661091855250787	0.02180779135823782	-0.9990615788163412
0.03620710321585871	0.022067628118575027	-0.9990714167570209
0.03583147388601092	0.022320192762250474	-0.9990790577691127
0.035485135756025264	0.02256566311474807	-0.9990846187135769
0.03516849452953264	0.02280473292327186	-0.9990886678373486
0.03488110732813914	0.023038245422749792	-0.9990920710933211
0.034621720268755235	0.023266807991790244	-0.9990957470667629
0.0343884727859983	0.023490479167282773	-0.9991003786502634
0.034179212318749694	0.023708596872605063	-0.9991061592138877
0.03399183822209196	0.023919777286732134	-0.9991126623122719
0.033824598782108646	0.024122065463495053	-0.9991188948206655
0.03367629099710394	0.02431319265208958	-0.9991235376950304
0.03354633248171155	0.024490883963074424	-0.9991253242642301
0.03343469983498021	0.024653149528507404	-0.9991234567156735
0.03334175864813947	0.02479850205931432	-0.9991179257485928
0.033268023752882105	0.024926067578063083	-0.9991096167976707
0.03321389388301035	0.025035571816125098	-0.9991001575315271
0.033179417007498796	0.02512720308010726	-0.9990915443254453
0.033164145606876666	0.02520138502626687	-0.9990856511197408
0.033167117623275365	0.0252585248829527	-0.9990837561964645
0.03318695589617452	0.025298808630281003	-0.9990862115778478
0.0332220454925572	0.025322092041400873	-0.9990923389632735
0.03327073260892514	0.02532790706469112	-0.9991005775911992
0.03333148263063627	0.025315568382631812	-0.9991088408271186
0.03340295358333107	0.025284327844663144	-0.9991149936464516
0.03348398238607721	0.025233512682163513	-0.9991173496565331
0.033573515911255764	0.02516260095936157	-0.9991150802334501
0.03367053530857618	0.0250712211663408	-0.9991084369723487
0.033774012256191394	0.02495909992077936	-0.999098724677411
0.03388290621032059	0.024825996132640606	-0.9990880212609231
0.03399619302502667	0.0246716506257235	-0.999078703265186
0.034112909044597094	0.024495771116558634	-0.9990728856055671
0.034232188694998694	0.024298059900548306	-0.9990719201466007
0.03435327928050914	0.02407827262278793	-0.9990760900436534
0.03447553214447913	0.023836290587363806	-0.9990845732078313
0.034598373590942026	0.02357219736405729	-0.9990956754163004
0.034721248743278046	0.023286351153520016	-0.9991072694717014
0.03484352853344392	0.022979428925462703	-0.9991173182518708
0.03496438874813621	0.02265240897895216	-0.9991243423382445
0.035082692141478834	0.02230647101047333	-0.9991277295044487
0.03519691736806632	0.021942813818978047	-0.9991278339917395
0.035305184018926024	0.021562421603769644	-0.999125852934156
0.03540540115469095	0.02116584816748626	-0.9991235101686199
0.03549551761536145	0.020753098239516644	-0.999122627323636
0.03557381277631897	0.02032365827851699	-0.9991246850606891
0.03563914725555129	0.019876690021549515	-0.9991304709852855
0.03569109062925376	0.019411351847257438	-0.9991399036723698
0.03572987272588417	0.018927162297742516	-0.9991520932868254
0.035756163866498034	0.018424298959017066	-0.999165628976676
0.03577074382670827	0.017903749991684616	-0.9991790086432771
0.03577414152777558	0.017367282120260633	-0.999191077055624
0.035766327218638136	0.016817229075411447	-0.9992013321932562
0.0357465333555098	0.01625614379508341	-0.9992100089351816
0.03571325222993665	0.015686398472815152	-0.9992179252840208
0.03566440934564149	0.015109827033841772	-0.9992261523245005
0.03559767761757898	0.01452748667165508	-0.9992356314670171
0.035510873815629576	0.013939596431404577	-0.9992468754777661
0.03540235014603901	0.013345679915916031	-0.9992598426052453
0.0352712822144752	0.012744888954092665	-0.9992740019194217
0.03511777119497679	0.012136433950099806	-0.9992885469570364
0.03494272373691323	0.011520007405014625	-0.9993026802973968
0.03474754229781886	0.01089608366795882	-0.9993158798912488
0.03453371406665594	0.0102660204679055	-0.9993280683048588
0.03430240608428195	0.009631945857898193	-0.9993396452643863
0.034054167494694886	0.008996468160684626	-0.9993513815452271
0.03378880766271379	0.0083622925536868	-0.9993641936975315
0.03350546447570787	0.007731848697079648	-0.9993788529621256
0.033202822204089565	0.007107016737346912	-0.9993957126647128
0.03287940946877391	0.006488994060224398	-0.9994145361063413
0.03253391321429277	0.005878305724317791	-0.9994344890115174
0.03216545526774593	0.00527494371040854	-0.9994543253481154
0.0317737829230765	0.00467860203959938	-0.9994727262458455
0.03135934274640119	0.004088958969515954	-0.9994886872582618
0.03092322569334289	0.003505957628948773	-0.9995018337371782
0.030466984488168498	0.002930033027651031	-0.9995125699594594
0.02999235274478971	0.0023622295740140806	-0.9995220108606345
0.02950092869325012	0.0018041735488569053	-0.9995317044506957
0.02899390208561879	0.0012579006912945018	-0.9995432247926053
0.02847189910429776	0.0007255788205115295	-0.9995577531504152
0.027934989161988853	0.00020920262334026517	-0.9995757484866505
0.02738284356366637	-0.0002896514642097489	-0.9995967828313012
0.026814987944351394	-0.0007699487222615105	-0.9996195911400605
0.026231071426605447	-0.0012311822920900968	-0.9996423382234265
0.025631085519928022	-0.0016732447816997943	-0.9996630526160911
0.025015485968262096	-0.0020962308383616064	-0.9996801333196095
0.024385199407604682	-0.0025002312494221135	-0.9996928021409757
0.02374153478262108	-0.002885171227470433	-0.9997013698346114
0.023086036453611836	-0.003250715685375721	-0.9997072171015271
0.022420312070037703	-0.003596247373315624	-0.9997124630413644
0.021745871603675804	-0.003920916581082288	-0.9997193957711028
0.021064014198033398	-0.004223745154612566	-0.9997298284712106
0.020375785962971585	-0.00450375542734394	-0.999744577416195
0.01968201509546904	-0.0047600893904187576	-0.9997632205806752
0.018983407403404394	-0.00499208174576894	-0.9997842063867415
0.018280659117838494	-0.00519926641313615	-0.9998052804035649
0.01757453775102358	-0.005381329022373946	-0.9998241006849086
0.016865904373390264	-0.005538043022029258	-0.9998388577016314
0.016155682349724906	-0.005669227706284096	-0.9998487344090085
0.015444799578375856	-0.0057747533893645325	-0.9998540974188761
0.014734148696949008	-0.005854598113436317	-0.9998563783371314
0.014024608761379048	-0.005908921246799526	-0.9998576852502017
0.01331712845736382	-0.0059380942393939444	-0.9998602479069155
0.012612825784958136	-0.005942654840501894	-0.9998658340242947
0.011913054162855014	-0.0059231923905065835	-0.999875283212214
0.01121939815333968	-0.005880197064963129	-0.9998882886552097
0.010533582616544433	-0.005813924468436743	-0.999903498030077
0.009857312851457432	-0.005724329949423941	-0.9999189016353681
0.009192094095223152	-0.00561110449046784	-0.9999323911170671
0.008539088797957969	-0.0054738059486669835	-0.9999423353542124
0.007899052547991416	-0.005312046531052518	-0.9999480062232682
0.007272361639909867	-0.00512568940991755	-0.9999497294530073
0.00665912915305819	-0.0049150129890606865	-0.9999487385427458
0.006059393061005603	-0.0046808042561665	-0.999946801931579
0.0054733426205927195	-0.004424350591310789	-0.9999457393458674
0.004901533239165062	-0.004147313777602935	-0.9999469542881291
0.004345025513242234	-0.0038514969161168116	-0.9999510962492989
0.0038053924998316113	-0.0035385560286743424	-0.9999579269118383
0.0032845760355643644	-0.0032097332528291437	-0.9999664118653003
0.0027846135303991226	-0.0028656907801271688	-0.999975008766047
0.002307301797119959	-0.002506510093648982	-0.999982084134828
0.0018539006595241908	-0.002131870785261424	-0.9999863614195104
0.0014249682209141413	-0.0017413573714372985	-0.999987279656504
0.0010203732804866486	-0.0013348054487217786	-0.9999851522330748
0.0006394797622899731	-0.0009125926594108816	-0.9999810639531582
0.000281451897274934	-0.00047579770333469693	-0.9999765297173465
-5.4400958267093905e-5	-2.6189468493912274e-5	-0.9999730291549381
