-2.3308410484154013e-15	-2.3878449119185264e-15	1.0000000000000009
-0.00031571679595556216	0.0004574991958905941	0.9999983346092958
-0.0006137555622852959	0.0009349739289989802	0.9999937842902904
-0.0008931094903835573	0.001431670280655621	0.9999875552097601
-0.0011527876916883604	0.0019467382138128098	0.9999812353817717
-0.0013918333105627078	0.0024792075224057677	0.999976312413378
-0.001609369647884721	0.003027962296258294	0.9999737366859959
-0.0018046793868853645	0.0035917487840648452	0.9999736521820586
-0.001977277682357775	0.004169248558284776	0.999975379890761
-0.002126927168582202	0.004759195381167487	0.9999776447945525
-0.002253586393035227	0.005360490779599685	0.9999789588106193
-0.0023572960368339196	0.00597229305901013	0.9999780386988689
-0.002438005703429758	0.006594033692878907	0.999974145836617
-0.0024954045310403294	0.007225309003254028	0.9999672667689381
-0.002528852881152107	0.007865674514260861	0.9999580928204023
-0.00253745180442902	0.008514433590427598	0.9999478060296323
-0.0025202195276891578	0.009170497697180102	0.9999377342960264
-0.002476319321516821	0.009832361177120863	0.9999289894507
-0.0024052702342852233	0.010498204443538859	0.9999221922816638
-0.0023070704510192597	0.011166097996324086	0.9999173338363817
-0.002182193654818927	0.011834241991322342	0.9999137994179741
-0.002031463809816339	0.012501170454985461	0.9999105534259092
-0.0018558463106543945	0.013165865689386646	0.9999064212642974
-0.0016562139093543506	0.013827756094190385	0.9999003769210497
-0.0014331430764800389	0.01448660563879562	0.9998917777337417
-0.0011867788112223283	0.015142314397354008	0.9998805163563593
-0.0009168139393610354	0.015794656287881525	0.9998670529686964
-0.0006226213218212245	0.01644302719611057	0.9998523068972475
-0.0003035078368498253	0.017086298015549183	0.9998374309851144
4.099060330813465e-5	0.017722815117123335	0.9998235209072364
0.00041084275879804417	0.018350547502095447	0.99981133180211
0.0008053556257110201	0.0189673669029027	0.9998010799395007
0.0012231859864322665	0.019571396006874086	0.9997923831835279
0.0016625460264327492	0.02016130328400014	0.9997843647325638
0.0021215306548259694	0.02073644741876777	0.9997759022211952
0.0025984698772555555	0.021296842175909297	0.9997659382074728
0.0030922211613552087	0.021842949739595736	0.9997537458026827
0.0036023195483262695	0.02237534545208772	0.9997390935129753
0.0041289333609298845	0.02289434269095003	0.9997222910996351
0.004672627786662525	0.023399680307989487	0.9997041003750017
0.005233985629637493	0.023890367400350217	0.9996855322091533
0.005813189883218306	0.024364752645723433	0.9996676002807445
0.006409702249008213	0.02482080738720399	0.9996510962078521
0.007022132593288752	0.025256539454699637	0.9996364210213682
0.007648343122233881	0.02567043089190304	0.9996235036513084
0.008285784223972123	0.026061770350532077	0.9996118306499295
0.008931971110175184	0.02643075145566593	0.9996005811818045
0.009584932887660692	0.026778293991208322	0.9995888303004472
0.010243483568633915	0.02710566334153762	0.9995757640204986
0.01090725006010896	0.02741402051680499	0.9995608502609553
0.011576465352005304	0.027704031351782104	0.999543942964077
0.012251591198482889	0.027975646665711465	0.9995253164582265
0.012932893428041041	0.02822811610506642	0.9995056160950357
0.013620103561363965	0.028460209345875967	0.9994857295189765
0.014312248089857968	0.028670558203536728	0.9994666171630113
0.015007670051764503	0.028858020261127153	0.999449130216582
0.01570421837050488	0.02902197070461776	0.9994338247023586
0.016399543550317176	0.0291624632459814	0.9994208065234933
0.01709143475003833	0.029280234994923174	0.9994096712495579
0.017778121101663612	0.029376545562504117	0.9993995728979574
0.01845844552318656	0.029452891188494486	0.9993894055728201
0.019131868789849845	0.029510690470278565	0.999378063184905
0.019798328608021706	0.02955102424173115	0.9993647227002522
0.02045799305189463	0.02957447688576382	0.9993490706161743
0.021110960377737673	0.029581123454659745	0.9993314063302906
0.02175699918487592	0.029570676935888753	0.9993125927846112
0.022395416833895496	0.029542732247120333	0.9992938658283469
0.023025068097688825	0.029497011971009107	0.999276556924424
0.02364446841712139	0.02943355944998497	0.9992617898714687
0.024251979938362776	0.029352848975718687	0.9992502019254229
0.02484602353991056	0.029255787482192076	0.9992417612991114
0.02542525614886782	0.02914361955812232	0.9992357530636633
0.025988677544517575	0.029017776886147005	0.999230940988318
0.026535653887233612	0.02887971323371222	0.9992258564220413
0.02706586370200978	0.028730767872879103	0.9992191582196225
0.02757919577052353	0.028572085792799296	0.9992099875600979
0.028075627665502766	0.02840459791942747	0.9991982062908958
0.028555110040553708	0.028229061758901327	0.9991844361965794
0.029017496973046036	0.028046149262207713	0.9991698956894431
0.029462546200154812	0.02785653025991601	0.9991560892969829
0.029889955215479522	0.027660902535653984	0.9991444375422457
0.030299380077579242	0.02745997872206419	0.9991359419317283
0.030690425575565485	0.027254470576437612	0.9991309606960743
0.03106261901141996	0.02704509158840504	0.9991291462016131
0.031415377088236884	0.026832596409189245	0.9991295545792742
0.0317480011756458	0.02661787337256193	0.999130882051363
0.032059749048972304	0.026402058213551145	0.9991317585929147
0.032349986399892235	0.02618660092228723	0.9991310450783738
0.03261837105847191	0.025973234767821353	0.9991280836550391
0.03286499977150594	0.025763835053318956	0.9991228343068632
0.0330904510228431	0.025560203179472205	0.9991158551764292
0.0332956995192632	0.025363849264219467	0.9991081503614612
0.033481928250660445	0.025175839233354196	0.9991009361278249
0.03365028330192384	0.0249967450770398	0.9990953694391842
0.03380162866305044	0.024826721391190378	0.9990922977870101
0.03393637583360812	0.02466569806441281	0.9990920932051404
0.03405443873514555	0.024513626337207422	0.9990945991220209
0.034155304846768604	0.02437071224929086	0.999099186979614
0.03423820083457113	0.024237608224361825	0.9991048992785864
0.03430234531720244	0.02411552510140151	0.9991106417047895
0.03434724324458756	0.024006210570040303	0.9991153926739945
0.03437293930197589	0.023911786055732617	0.9991184000854807
0.03438016857800029	0.023834479841795566	0.9991193177006555
0.03437036452368773	0.02377630490820838	0.9991182429002002
0.03434550044700712	0.02373875393474288	0.999115661641124
0.03430778868720665	0.023722599724558396	0.9991123271055156
0.03425930884695734	0.023727863251516025	0.9991090903876656
0.03420166021860184	0.023753969726674193	0.9991067212318393
0.03413573932712734	0.02380006055476868	0.9991057792285445
0.034061707574851025	0.02386537199374693	0.9991065560252648
0.03397914617381033	0.02394957608545722	0.9991090613884831
0.03388735220304568	0.024053008609819328	0.999113028837705
0.03378571542431496	0.02417673145476079	0.9991179330288855
0.03367408538372381	0.02432239615462222	0.9991230249005085
0.033553016232956735	0.02449194033417	0.9991273994932699
0.03342382576729753	0.024687217098010167	0.9991301059025259
0.03328847657747415	0.024909654406536308	0.9991303036120729
0.03314931113518023	0.02516001523950507	0.9991274510936219
0.03300869901776526	0.02543832503648854	0.9991214716714202
0.032868700762563284	0.02574399114361787	0.9991128193281378
0.0327308487922722	0.02607606323215015	0.9991024056946473
0.03259609357120323	0.026433542516438317	0.9990914136064956
0.03246490644054721	0.026815644573181162	0.9990810413272478
0.03233747973218792	0.02722194729379706	0.9990722209404246
0.03221394607412923	0.027652410651628392	0.9990653826093364
0.03209455973943584	0.028107296748245005	0.999060340586113
0.03197980496832152	0.028587031653377247	0.9990563196088336
0.03187041722187493	0.02909206404377255	0.9990520960774643
0.03176734804683872	0.02962277277144097	0.9990462257432173
0.031671727568864945	0.03017942321052209	0.999037317448459
0.03158483543361147	0.030762134329947857	0.9990243005702346
0.03150805685577976	0.031370850493467245	0.9990066326709792
0.0314428281926766	0.032005334064997705	0.9989843982955797
0.031390587128006166	0.03266516949332632	0.9989582763010241
0.03135272090006167	0.0333497711578941	0.9989293913379337
0.03133051648008159	0.03405840541835694	0.9988990828879646
0.03132512959389716	0.03479021944925589	0.9988686261991465
0.031337568056609734	0.03554425889691353	0.9988389648278566
0.03136867215102818	0.036319476901185505	0.9988105248589059
0.03141908322781867	0.03711475076120495	0.9987831398321412
0.031489202846493716	0.0379289282741354	0.9987560818976785
0.03157916904917661	0.038760926187981576	0.9987281981154177
0.03168889879518089	0.03960987031515917	0.998698136908331
0.03181822139136925	0.04047521960698246	0.998664612767596
0.03196707627848835	0.04135681469314493	0.998626645771017
0.03213572809463897	0.04225481990801327	0.9985837216460871
0.0323249420088209	0.0431695421636307	0.9985358446706651
0.03253603902459091	0.044101148397533665	0.9984834835174252
0.032770779402713564	0.04504937171412284	0.9984274297712034
0.03303110316107424	0.04601330880742391	0.9983686081329519
0.03331880196895274	0.04699136462682696	0.9983078988657434
0.03363520089574456	0.04798136146457869	0.9982460253376629
0.033980929979080816	0.04898079464115235	0.9981835063236822
0.034355848469424924	0.049987172022221665	0.9981206348438629
0.03475914258124216	0.05099835024815319	0.9980574639451836
0.03518957332147659	0.05201278327269507	0.9979938021782173
0.03564580967532823	0.05302961963247118	0.9979292091412758
0.036126759204768176	0.05404863245900191	0.9978629992043234
0.03663182529269164	0.05507001539077143	0.9977942920923086
0.0371610473974527	0.056094090604576645	0.9977221331179237
0.037715085368796405	0.05712098647337437	0.997645659234216
0.03829504284559272	0.058150376038626425	0.9975642655032047
0.038902197469236316	0.059181350041810486	0.9974777287071647
0.0395377226730872	0.06021242620502652	0.9973862657500101
0.040202448151570216	0.06124166873785954	0.9972905226409379
0.04089670141107527	0.062266895100927755	0.9971914938319333
0.04162026935006573	0.06328591467269548	0.9970903786755075
0.04237246968793751	0.06429672973268703	0.9969884035762026
0.04315228972359521	0.06529766412399692	0.9968866410473516
0.04395855431203745	0.06628740936534595	0.9967858332545738
0.04479008583700509	0.0672649890512546	0.9966862351761732
0.04564582514780364	0.0682296641464908	0.9965875304587405
0.04652489921570041	0.06918080990664051	0.9964888653820301
0.04742662621208403	0.07011779236189097	0.9963889976843713
0.04835045900877666	0.07103988281520765	0.9962865337139795
0.04929590111351406	0.07194624381723852	0.9961802117631627
0.05026244350213648	0.07283597813866008	0.9960691665428516
0.051249544320882905	0.07370820310313998	0.9959531075131713
0.05225665480525521	0.07456211825695024	0.9958323686714597
0.05328329031384079	0.07539702810217935	0.9957078266067941
0.05432910883412928	0.07621227995565122	0.9955807277690232
0.05539392927973517	0.07700712787683504	0.9954524774333835
0.056477654100854424	0.07778058474708739	0.9953244254417308
0.05758010859954627	0.07853132557346942	0.9951976746563319
0.058700837679302655	0.07925769009599365	0.9950729473526436
0.059838925312188165	0.07995780661171227	0.9949505318006535
0.06099290327033252	0.08062981108491202	0.9948302972647934
0.06216078636967615	0.08127210286672903	0.9947117598250099
0.06334024006159983	0.08188356936828864	0.9945941967014092
0.06452884735523332	0.08246370906445437	0.994476789579475
0.06572439770954026	0.08301261166123393	0.9943587574857264
0.06692512211964559	0.08353081430764504	0.9942394543393295
0.06812984082450992	0.08401907506177111	0.9941184305827152
0.06933799946503474	0.08447809380117752	0.9939954718996484
0.07054956469455727	0.08490823621839469	0.9938706257279724
0.0717647975679887	0.0853093399295021	0.9937442133858302
0.07298396710695791	0.08568064427131585	0.9936168255702136
0.0742070588821888	0.08602085096510567	0.9934893073695155
0.07543353468330843	0.08632831524352486	0.993362720957709
0.07666220998286195	0.08660132924197936	0.9932382564887499
0.07789128327517306	0.08683841805365052	0.9931170888787766
0.07911850306796146	0.08703857148756736	0.9930002218662599
0.08034142281178196	0.08720135436034757	0.9928883494189051
0.08155766531483696	0.08732687107778549	0.9927817427130374
0.0827651216934924	0.08741561554361588	0.9926801867197047
0.08396205188881214	0.0874682697858929	0.9925830007843708
0.08514708502109469	0.08748550613408357	0.9924891468173358
0.08631913235214601	0.08746784246786955	0.9923974063216802
0.087477257357498	0.08741559091687626	0.9923065980543386
0.08862056450417986	0.08732889280303201	0.9922158025853042
0.08974813186244472	0.08720779606761536	0.9921245536360715
0.09085898227928768	0.08705234694213859	0.9920329512241648
0.09195209769251751	0.08686267572883183	0.9919416616325434
0.09302647336742763	0.0866390409697588	0.99185180818999
0.09408118098155271	0.08638181071130532	0.99176479280877
0.09511540817402364	0.08609138855780674	0.9916820882542456
0.09612844964743403	0.08576810251527724	0.991605030862293
0.09711962914140652	0.08541209273101161	0.9915346486960914
0.09808815982700488	0.08502325232715979	0.9914715596703014
0.09903298138529273	0.08460125950313742	0.9914159409106715
0.09995262419797042	0.08414571386493779	0.9913675531722186
0.10084516465639992	0.08365636342169547	0.9913258123013599
0.10170832665619435	0.0831333560902483	0.9912899017704817
0.10253971819471727	0.0825774167650788	0.9912589072312287
0.10333713062894302	0.08198988776100753	0.991231945659972
0.10409882293316154	0.0813726196311318	0.9912082609347032
0.10482371693028748	0.08072772664916596	0.9911872795302403
0.10551143603150313	0.0800572696922509	0.9911686429148098
0.10616217677545199	0.0793629682672408	0.9911522244651192
0.10677646592780853	0.07864601691176801	0.9911381348134206
0.10735487142158488	0.07790703762877262	0.9911267330014615
0.10789773636482711	0.0771461717668874	0.9911186499548426
0.1084049941164082	0.07636327403365986	0.991114785917764
0.10887608582339015	0.07555814946776514	0.991116238944248
0.10930998224238753	0.07473078732822697	0.9911241667159503
0.10970530592393628	0.07388154671659021	0.991139614784853
0.11006051948132237	0.07301125020425675	0.9911633406382543
0.11037412831337953	0.07212117672032275	0.9911956674664726
0.11064486375655586	0.07121296850231482	0.991236407703727
0.11087181262948148	0.0702884644532123	0.99128487658332
0.1110544467192763	0.069349498053965	0.9913399876925904
0.11119254244352776	0.0683977339024796	0.9914003981694941
0.11128603928011738	0.06743459645673847	0.9914646765931728
0.11133489543619005	0.06646129876587427	0.9915314859283292
0.11133898847375706	0.06547895955106939	0.9915997680572484
0.11129810680277595	0.06448876925016703	0.9916688924547248
0.11121204442239487	0.06349212978562259	0.9917387353978169
0.11108075825653546	0.06249070288518971	0.9918096785355108
0.11090452282056401	0.06148634058518661	0.9918825223828335
0.11068401174014468	0.06048090916405249	0.9919583200941058
0.1104202530738799	0.05947606692301636	0.9920381700756865
0.11011446218559907	0.058473084855862056	0.9921230328164417
0.10976780329042274	0.05747277452878246	0.9922136137462643
0.10938114298818723	0.0564755525072249	0.992310315387181
0.10895487110443691	0.05548163945342205	0.9924132378241286
0.10848885859273115	0.054491336556990254	0.9925221985733754
0.10798256584924333	0.05350528648930876	0.9926367546422125
0.10743526234813329	0.05252465028681187	0.9927562207679959
0.10684630640849155	0.05155116159038743	0.9928796859785378
0.10621541937065102	0.050587040054602926	0.9930060476464612
0.10554288317834122	0.04963479160984645	0.9931340900572729
0.10482962396030442	0.048696955326963054	0.993262600579079
0.10407717366161166	0.04777584993020687	0.993390488320038
0.10328751901408288	0.046873373152809844	0.993516885543255
0.102462880973516	0.04599090039123244	0.9936412328523903
0.10160547976562581	0.04512929236474178	0.9937633427852197
0.10071732449395371	0.0442890045130771	0.993883425446088
0.09980007573778085	0.04347028634401519	0.9940020707138675
0.09885503045179422	0.04267341783803809	0.9941201852880311
0.0978832265320779	0.04189890301189429	0.9942388767383374
0.09688562180512655	0.041147568012735856	0.9943592787384617
0.0958632967283157	0.0404205367419698	0.99448233670394
0.09481761230839598	0.03971907804625563	0.9946086105250784
0.09375024827200908	0.039044378513197475	0.9947381545915267
0.09266310274211008	0.03839734294452357	0.9948704961947469
0.09155810281849147	0.03777850363753282	0.9950047006596994
0.0904370040097356	0.037188072387535936	0.995139508819221
0.08930126421690886	0.03662612201699563	0.9952735140048153
0.0881520567479125	0.036092824993959334	0.9954053267707066
0.08699042427231135	0.03558864874203882	0.9955336986703205
0.08581752174833573	0.035114433896432734	0.9956576139706773
0.08463486948246134	0.03467132126640882	0.9957763615580689
0.08344452287425627	0.034260543841416885	0.9958895769698431
0.0822490978908671	0.033883159864029316	0.9959972463338722
0.08105165947427807	0.03353981226633056	0.9960996769391037
0.0798555123774909	0.033230565282585	0.9961974421450555
0.07866393874039491	0.032954850477500075	0.9962913065080038
0.07747994266591154	0.032711535162245425	0.9963821386004379
0.07630605758048288	0.032499089698177386	0.9964708268067443
0.07514424557771796	0.032315818507130584	0.996558210172945
0.07399591248118713	0.032160118867976456	0.9966450133509163
0.07286205143930133	0.03203070569219877	0.9967317618577397
0.07174348480533145	0.03192673298954357	0.9968186836231141
0.07064114188901843	0.03184777313639187	0.9969056284875003
0.06955629546126864	0.03179364705032264	0.9969920331517346
0.06849067110625826	0.03176414698070064	0.9970769489679584
0.06744638533830631	0.03175875237040442	0.9971591424425033
0.06642574469303013	0.03177644024655095	0.997237263390304
0.06543097874686171	0.031815647890644574	0.997310045292282
0.06446400052497173	0.03187440336020164	0.9973764881164664
0.06352629500794975	0.03195057300375308	0.9974359873979214
0.06261897697876068	0.03204211052237059	0.9974884014641037
0.061742970276171524	0.03214720568635718	0.9975340619325048
0.06089922456392957	0.03226429108487118	0.9975737250726132
0.06008888608076044	0.03239191069327851	0.9976084681827143
0.05931335061935532	0.03252850204554751	0.9976395560348267
0.0585741775497236	0.03267218108947949	0.9976683013801555
0.05787290003885591	0.032820600637133865	0.9976959231129929
0.05721078355498742	0.0329709184313013	0.9977234177799712
0.05658859370142376	0.03311989184122	0.9977514769893938
0.05600643969825743	0.033264080593832075	0.9977804615224746
0.05546373194202738	0.03340010646199819	0.9978104120041413
0.05495926790092695	0.03352491727628586	0.9978410765723873
0.054491449038652016	0.033635989627530144	0.9978719541843609
0.05405858258906665	0.03373139415628695	0.9979023495553709
0.0536591742946799	0.03380969405464378	0.9979314323911725
0.05329212673696608	0.03386970662761799	0.9979583050139635
0.05295678178508713	0.03391019045896193	0.9979820961760657
0.05265277800716131	0.03392955777254676	0.9980020851519492
0.05237976707272679	0.033925720733260036	0.9980178293677621
0.05213709265922595	0.03389612313469832	0.9980292632078867
0.05192353697697258	0.033837940758670214	0.9980367539778698
0.05173721619734182	0.03374838377714155	0.9980411054269197
0.051575654487119364	0.033624992662847394	0.9980434903043427
0.05143599060182419	0.03346582669796184	0.9980453172537304
0.051315231678165714	0.03326950162160924	0.9980480644445012
0.05121046966688537	0.033035082073965494	0.9980531111241415
0.05111898709811592	0.03276187746915157	0.9980615842019358
0.05103822335911259	0.03244922748274996	0.998074236334808
0.05096562952132611	0.032096353048302925	0.9980913773372988
0.05089845932589003	0.03170231844645858	0.998112870445507
0.05083356041751497	0.03126613509081337	0.9981381862976753
0.050767254737864795	0.030786994101071597	0.9981664964287326
0.050695365978485785	0.030264553167088884	0.9981967946994879
0.0527376652842856	0.026503876200878247	0.9981980495171721
0.05435546147236573	0.02280310531844113	0.9982030249342102
0.05555650391455314	0.019195842410098814	0.9982127154998877
0.05635178896447689	0.01571466554807392	0.9982273584702978
0.05675506738122632	0.012390264887215875	0.9982468827311576
0.056782238952414375	0.009250771976940029	0.998271259355661
0.05645063625139231	0.006321266568469777	0.9983006961570983
0.055778181418915385	0.003623562676931223	0.9983356945139463
0.054782540410238674	0.0011764507863558041	0.9983770089468176
0.053480592757722746	-0.0010035293178818246	0.998425533882497
0.0518885922121013	-0.002900995359671366	0.9984821256176595
0.050023175616074875	-0.004500798440082637	0.9985473540584543
0.047902981313129145	-0.00578778729211089	0.9986212173886295
0.04555032512836975	-0.006747484107613291	0.9987029325418222
0.0429924078717966	-0.007367443104837461	0.9987909229362045
0.04026188752471035	-0.007638825903891032	0.9988830286272206
0.03739699906844841	-0.007557868575741188	0.9989768559959926
0.034441483394216967	-0.007127241931791339	0.9990701139830824
0.031444358242202125	-0.006357556442495986	0.9991608100398299
0.02845918451656686	-0.005269177419517407	0.9992473333574867
0.02554232661464334	-0.0038940517902209676	0.9993285404070834
0.022750065423397307	-0.002276752430016453	0.9994038664451825
0.020135173298091644	-0.00047394133798627815	0.9994733419901747
0.017744082130955408	0.0014478490678627586	0.9995373604767357
0.015615519492566812	0.003415340035252845	0.9995962023498473
0.013780668856241964	0.0053514326752590186	0.9996495794296466
0.012264183426824806	0.007177230352677571	0.9996965393348279
0.011085254038372223	0.008813196262170754	0.9997358538898009
0.010258421307619038	0.010179936274820814	0.999766686101593
0.00979438478298457	0.01119889351130408	0.9997891189537429
0.009701111043207198	0.011792662215312113	0.9998041668897566
0.009984972850830217	0.011884323299713815	0.9998131201927709
0.010651000966617521	0.011395656301707514	0.9998163048217688
0.011701370439112013	0.010245015180982036	0.9998114740238309
0.013132093350489728	0.008346215351044491	0.9997921510791066
0.014928887819689509	0.0056094410165122306	0.9997463066769581
0.017063547226585082	0.0019441982262856645	0.9996557726285792
0.019491618657024326	-0.0027364789834881977	0.9994967814063036
0.022151381820524202	-0.008511402081649928	0.999241845353328
0.02496379255185657	-0.015446414437006359	0.998862734255173
0.027833537525067054	-0.02358913786122177	0.9983337038924419
0.030652085241368966	-0.0329633739114147	0.9976337145737177
0.03330364110687044	-0.04356431185896409	0.9967466369304796
0.035673771395124065	-0.05535657776618964	0.9956593987991681
0.0376586415238559	-0.0682767970133963	0.9943589452189446
0.03917182321457084	-0.08224044013869486	0.9928291937700789
0.04014659965807712	-0.09715066614891275	0.9910489049852622
0.04053386378865148	-0.11290636170942611	0.9889908746703289
0.0402972938141594	-0.12940779898349228	0.9866225342038997
0.039407456735697635	-0.14656000211607956	0.9839080485221644
0.03783542432948938	-0.16427449063885896	0.9808117639523837
0.03554577077772832	-0.1824693646383684	0.9773023366487292
0.03248927831339668	-0.20106670163988233	0.9733568953931793
0.02859709831868655	-0.21998629176890006	0.9689648875116319
0.023778925561635515	-0.23913622063572612	0.9641309874179567
0.017927011208278387	-0.25840252005537173	0.9588763067896888
0.010925998450229483	-0.2776412586457236	0.9532376878897257
0.0026659537260012023	-0.29667615456329016	0.9472654992822278
-0.006945571855778737	-0.3153022743716218	0.9410208735879441
-0.017975344862513176	-0.33329359870113984	0.9345733605241017
-0.030460299809779143	-0.35041138188980414	0.9279992547912872
-0.044405608574578245	-0.36641148403851087	0.9213800812261206
-0.05978325311227725	-0.3810510456588527	0.9148004386540172
-0.07653130629862079	-0.39409584699138994	0.908344872126466
-0.09455561644346464	-0.4053287804273655	0.9020944734070937
-0.11373530302210647	-0.4145581610152106	0.8961243148302073
-0.1339367835395108	-0.4216158139258991	0.8905048031093159
-0.15506108642918087	-0.4263018147239727	0.8853259374390429
-0.17697469402252058	-0.428493819667658	0.8806563772023537
-0.19953686648991137	-0.42810359761237354	0.8765437462785208
-0.22260938604015543	-0.42505217268420614	0.8730171310580283
-0.24605249197282109	-0.419265108551916	0.870085577887738
-0.26972055994315614	-0.4106711216140187	0.8677380477722312
-0.2934583333031898	-0.39920299455044805	0.8659446840046406
-0.3170973797203359	-0.38480010537819587	0.86465897704611
-0.3404525475413522	-0.3674129040734888	0.8638200784243137
-0.36331936614952515	-0.34700976849589116	0.8633543417999013
-0.38547407111233567	-0.32358558954720534	0.8631756398491078
-0.40667738000461706	-0.29717026864810836	0.8631847931021034
-0.4266816646572043	-0.2678350166790837	0.8632688841120124
-0.4452398922672528	-0.23569521618516937	0.8633011483048548
-0.4621146140629009	-0.20090991615030498	0.8631418572586713
-0.4770861549835751	-0.16367870094940432	0.8626405580829046
-0.48995994406295995	-0.12423640189811064	0.8616402050317928
-0.5005727382920747	-0.08284554238722217	0.8599835915343483
-0.5087966099926354	-0.039786513097224835	0.8575217512355954
-0.5145391857627619	0.004653548502194349	0.8541231068704096
-0.5177393884219661	0.05019114330370016	0.8496816573975157
-0.5183594363686476	0.096553786795298	0.8441225841748086
-0.5163751522337542	0.14348292844221516	0.8374041575664712
-0.5117669973218986	0.1907324983885959	0.8295155489946535
-0.5045134287083444	0.2380646260376239	0.8204712687311064
-0.4945867463599589	0.28524433193271337	0.810304246579706
-0.4819508957915035	0.332033931499933	0.7990600421834296
-0.46656131034734366	0.3781868806485555	0.7867939128624899
-0.4483681445584117	0.4234412054008262	0.7735711817697761
-0.42732442601465925	0.46751464044793156	0.7594702207506356
-0.4033984067863642	0.5101049735788972	0.7445867279171718
-0.37658655144846653	0.5508975387937602	0.7290378363908596
-0.3469228542693308	0.5895783785855888	0.7129645916150411
-0.31448190290550454	0.6258489796782454	0.696531718170415
-0.2793761006643247	0.6594382962582571	0.6799244178125734
-0.24174950295659522	0.6901096651452995	0.6633422622517748
-0.20177060041654266	0.7176624199403172	0.6469902450601976
-0.1596251110434305	0.741929373056712	0.6310677240340652
-0.1155087718048376	0.7627713872672075	0.6157569519318181
-0.06962015665974616	0.7800695792209781	0.6012135140345094
-0.022154610275750275	0.7937156262906293	0.587561091220082
0.026698437919427276	0.8036011999267523	0.5748918641836606
0.0767523768710359	0.809608496585663	0.5632714591747922
0.1278141164106512	0.811604825371286	0.5527453999247671
0.17967126097922792	0.8094438777236492	0.5433441336295444
0.23208029922099238	0.8029741819923211	0.5350851996197422
0.28475976991649615	0.7920524040928895	0.5279727710145883
0.3373895838755214	0.7765575348583691	0.5219957072521864
0.38961490383185804	0.7564027688342508	0.5171249836316733
0.44105220074479345	0.7315439665936078	0.5133107243236384
0.4912961044462518	0.7019853774310589	0.5104788888327871
0.5399272527683537	0.6677837371882102	0.5085279542871256
0.5865220683080874	0.6290509386727554	0.5073265392032178
0.6306645343861781	0.5859544552271726	0.5067132801388108
0.6719584870215138	0.5387147057982663	0.5064998740124282
0.7100381819693767	0.48759962474732393	0.5064772019946456
0.7445756513537647	0.43291779376925754	0.5064234183388167
0.7752848533766027	0.37501149491567437	0.5061124250754817
0.8019234924630001	0.31425012588242285	0.5053214751501438
0.8242930713519884	0.25102359505086475	0.5038373572934102
0.8422367969101299	0.18573543691648747	0.5014611995911531
0.8556346386500318	0.11879643736286588	0.49801214412686406
0.8643958699553452	0.050620468969591714	0.49333010544133593
0.86845127999486	-0.01837617692900595	0.4872778987283212
0.8677483325389455	-0.08777251434168012	0.47974338219589446
0.8622515742589921	-0.15714008471323282	0.4706424894952534
0.8519480383211181	-0.2260424868924566	0.4599235719335064
0.8368551027198505	-0.29403859029761725	0.4475724258510782
0.8170277739724756	-0.360688818308122	0.4336163084054011
0.7925634196175	-0.42556308670228526	0.41812494547714274
0.7636032144813089	-0.48824939827315367	0.40120760814914846
0.7303303244520537	-0.5483624584103238	0.3830067783459984
0.6929648909313578	-0.6055516349043095	0.3636894573219651
0.6517556114451732	-0.6595072965718514	0.3434373125453447
0.6069679934331677	-0.7099641653999272	0.32243713199452917
0.5588701363224625	-0.7567000416719772	0.30087317938214875
0.5077184244368539	-0.7995288369547379	0.2789230677285864
0.45374723761857955	-0.8382891430299292	0.25675822423545447
0.3971661839466822	-0.872832119741733	0.23454847934893686
0.3381652421664548	-0.9030126969101632	0.2124687740062038
0.2769253676886406	-0.9286858395800219	0.19070547226782136
0.2136314299605243	-0.9497067712287547	0.1694601139784948
0.14848543262073022	-0.965932776292577	0.14894901583365966
0.08171899939454191	-0.9772253419448969	0.12939785665825687
0.013603962470207731	-0.9834532819411345	0.1110315486591566
-0.055540661684829906	-0.9844979898946402	0.09406103106610003
-0.12534670660162345	-0.9802607200715548	0.07866933744046473
-0.19540001530818885	-0.9706702297155199	0.06499896865243965
-0.2652476748823122	-0.9556889281806887	0.05314187726107322
-0.33440784847778715	-0.9353169064843954	0.043133002772683476
-0.4023808332244059	-0.9095946384564546	0.034947963830714246
-0.46866052286136767	-0.8786056377004429	0.028504804721973143
-0.5327459760702918	-0.8424795722458489	0.02366902343531213
-0.594152627519128	-0.8013949772018593	0.02026072533682083
-0.6524221561742298	-0.7555800231657946	0.01806267957120028
-0.7071299190019102	-0.7053104421595544	0.01682835454409448
-0.7578894660421449	-0.6509050086997921	0.016289451876308113
-0.8043545360852331	-0.5927197404339255	0.01616288244844749
-0.846219394667176	-0.5311418998231363	0.016157447968699584
-0.8832182321682209	-0.4665843712605161	0.01598061025239722
-0.9151239373041049	-0.39948063564558844	0.015345690673705642
-0.9417465684582501	-0.330280677765489	0.0139796455045747
-0.9629324825969463	-0.25944825881269534	0.011631213207458982
-0.9785656622018991	-0.18745945399439046	0.00807887142133577
-0.9885723089382896	-0.11480130309595521	0.0031377824845666424
-0.9929278604786212	-0.04196863353101092	-0.0033351922925741436
-0.9916633952314293	0.03054248565860257	-0.011439114062939848
-0.9848678708192005	0.10224456529762188	-0.021229360312581207
-0.9726843795205379	0.17267002438625256	-0.032720265565216775
-0.9553013220672112	0.2413817149719294	-0.0458890038726867
-0.9329412444439963	0.30798092957031975	-0.06067974263024835
-0.9058498708671214	0.3721123118855661	-0.07700778201649877
-0.8742859684869658	0.4334660593946721	-0.09476383602025448
-0.8385112170986655	0.49177779960079415	-0.1138179390979216
-0.7987799538533712	0.5468256927443297	-0.13402160999839624
-0.7553306190266029	0.5984239667730006	-0.15520730506323738
-0.7083820728593524	0.646413147880348	-0.1771858262335486
-0.658137404063203	0.6906492879438126	-0.19974416846102558
-0.6047947133445313	0.7309955519756153	-0.22264685051624172
-0.5485605265044522	0.7673180333696648	-0.24564224506889837
-0.48966038930805733	0.7994849230448272	-0.26847282281293816
-0.42834366142761265	0.8273668220537816	-0.2908863038189536
-0.3648834307229682	0.8508369661588779	-0.3126446246035465
-0.2995747945890193	0.8697720765505105	-0.3335293424409519
-0.23273417713146138	0.8840553906687814	-0.35334416096431626
-0.1647002357325712	0.8935825187849233	-0.37191635816778135
-0.09583507794390678	0.8982690909235722	-0.38909879104000855
-0.026523815511855696	0.8980582113663667	-0.40477308857861505
0.04282883349684863	0.8929261753130422	-0.4188531482788672
0.11180441028366772	0.8828859668862531	-0.4312872143963873
0.179976994048232	0.867989020151232	-0.44205772971126345
0.24691810283077265	0.848326153534782	-0.4511801059336904
0.3122003029339091	0.8240279939504956	-0.45870232756562596
0.3754011088311705	0.7952642026137946	-0.46470600176709165
0.4361085012757103	0.7622406159931325	-0.4693073752743667
0.49392776405536976	0.7251943494259055	-0.47265583683869944
0.5484879226604408	0.6843882836994009	-0.4749284458309594
0.5994461757329101	0.6401070197078272	-0.4763212417770874
0.6464901272248366	0.5926557192722227	-0.4770397401954125
0.6893390873271837	0.54236168176029	-0.4772910859035102
0.7277461639385615	0.4895770743275476	-0.4772790502066402
0.7615021444704062	0.43468080449215707	-0.47720149702108594
0.7904409005442611	0.37807812377165995	-0.4772491682322965
0.8144450648374592	0.3201974702911329	-0.4776049026194136
0.8334504577751859	0.26148459893133136	-0.47844309594439044
0.8474480143429085	0.202394103509435	-0.4799294821188419
0.8564825323179178	0.14337852824393854	-0.4822209242187937
0.8606482730848086	0.08487583476302249	-0.4854643144672888
0.8600819498241729	0.0272968694675792	-0.48979351460636716
0.8549538399140428	-0.028984894766189297	-0.4953238791747645
0.8454579586114925	-0.083639251792897	-0.502145133141384
0.831802513766298	-0.1363799619564332	-0.5103144848447949
0.8142018979244245	-0.18696125397691898	-0.5198518917521833
0.7928711768741825	-0.23517227229902	-0.5307383220431012
0.7680234883598348	-0.2808314490286999	-0.5429166794869693
0.7398699832892435	-0.32378173372043917	-0.5562944461815631
0.7086214260018915	-0.36388651636859204	-0.5707473048555003
0.6744906107094418	-0.40102590831947327	-0.5861238619469948
0.6376948088782507	-0.43509371107552514	-0.6022518613921637
0.5984574079737773	-0.46599565916054464	-0.6189455750713657
0.5570080745586778	-0.4936492432008997	-0.6360134303890618
0.5135813868138591	-0.5179853001012573	-0.6532647547165491
0.46841474218812773	-0.5389512792267651	-0.6705145800190191
0.42174679048707997	-0.5565152195773975	-0.6875859184570607
0.37381739165228245	-0.570668753903181	-0.7043098923610349
0.32486939084048594	-0.5814277681334078	-0.720525192258078
0.27515151822839856	-0.588830580907546	-0.7360788265075943
0.22492087811653888	-0.592934894748338	-0.7508294597562353
0.17444347547873063	-0.5938151819804555	-0.7646528376434093
0.12399236490768933	-0.5915611587852951	-0.7774470518961233
0.07384452171528882	-0.5862766964874001	-0.7891354673394004
0.024277946423092427	-0.5780782232197217	-0.799666865123434
-0.02443039554348858	-0.5670924597463458	-0.8090138199409302
-0.0720061813407346	-0.5534543983862804	-0.8171706255524898
-0.11817950937691349	-0.537306725968832	-0.8241515616692383
-0.16268708032259216	-0.5188011222511404	-0.8299894856799497
-0.205274480201254	-0.498100869488309	-0.8347343490319854
-0.24569810838920286	-0.47538373883064833	-0.838451500041674
-0.283726645297135	-0.45084422414668646	-0.8412201233118903
-0.3191425841047047	-0.4246946126821771	-0.8431325142612607
-0.3517448100156656	-0.39716469801912474	-0.8442947082510799
-0.38135301187483106	-0.36849994845261236	-0.8448280387111134
-0.40781374343625176	-0.3389579677991481	-0.844870082371312
-0.4310068054955304	-0.30880337759538595	-0.8445732307088222
-0.4508502790493195	-0.2783016631439828	-0.8441001319361657
-0.4673032836630838	-0.2477128559721975	-0.8436166983526275
-0.4803666085301442	-0.2172860054727327	-0.843284300986056
-0.4900818272361571	-0.18725511264096475	-0.8432526424363825
-0.4965290831067989	-0.1578367419146089	-0.8436538218489668
-0.49982305338422695	-0.12922916535298817	-0.8445972134303144
-0.500106646679112	-0.10161271752522524	-0.84616474869553
-0.49754301837509557	-0.07515101997041504	-0.8484070514202692
-0.4923076060822318	-0.04999267733017285	-0.8513418283344925
-0.4845819685706457	-0.02627280001185583	-0.8549558745239566
-0.47455020622532507	-0.004113516995828209	-0.8592108122075555
-0.4623974158413481	0.016377122438006306	-0.8640509674115567
-0.4483088633376407	0.035107835113254576	-0.8694106912503667
-0.43246897638585635	0.05200771289875625	-0.8752188819330264
-0.41506039747526774	0.06702969152657093	-0.881400235648436
-0.39627203004494205	0.08016325408636119	-0.8878715108197763
-0.3763163518073789	0.09145667754599462	-0.8945426830690031
-0.3553768565002656	0.10094528076348269	-0.9013430963663521
-0.3336378742223674	0.10868293831186823	-0.9082047719262256
-0.31129016748721505	0.1147427274659117	-0.9150645834856466
-0.2885305274662785	0.11921135942863623	-0.9218663109702998
-0.26555848437469043	0.12218266384220486	-0.9285596050549723
-0.24257120453905354	0.1237516918533269	-0.9350973633788642
-0.2197583781636572	0.12401101919680188	-0.9414342532105513
-0.1972982927532923	0.12304981848351967	-0.9475280978765397
-0.17535504200694046	0.12095511311959774	-0.9533432287233418
-0.154076328401185	0.11781414187201807	-0.9588532079231197
-0.13359168943829192	0.11371689742446656	-0.9640408037221954
-0.1140114306971216	0.108758353569962	-0.9688947570286587
-0.0954268534682412	0.10304031306192789	-0.973404829103592
-0.07791218729882982	0.0966726969968969	-0.9775578901147334
-0.06152772708466779	0.0897737738729664	-0.9813373112772217
-0.04632291658671912	0.08246898419521487	-0.9847259723095267
-0.0323383052196585	0.0748884144717751	-0.9877111327193328
-0.019605983292494876	0.06716322752705843	-0.9902885829230671
-0.008148680452806676	0.05942161793001819	-0.9924644310562678
0.0020219261977015056	0.05178502380962558	-0.9942546974885189
0.010907084209370956	0.04436515958485823	-0.9956840621310445
0.018522548641289372	0.03726211094940457	-0.9967848520855422
0.024899494699742113	0.030563449398338275	-0.9975962840495289
0.030084461984863226	0.024344093842768692	-0.9981632247364662
0.03413826912797881	0.018666584916466923	-0.9985337563403559
0.03713406902029373	0.013581586347189513	-0.9987555418813954
0.03915478901216342	0.009128527233569573	-0.9988718879608951
0.04029023523157712	0.005336229912473057	-0.9989187331640406
0.04063419488818026	0.002223315303856029	-0.9989233216046852
0.04028188369827616	-0.00020173333549533025	-0.9989044953830017
0.03932801491549409	-0.0019407612647895402	-0.9988739332496456
0.03786558877544458	-0.0030061075141249003	-0.9988376389547119
0.03598527938376996	-0.0034204434878134966	-0.9987973827519326
0.03377516384972738	-0.003216133531130835	-0.998752174069349
0.03132054126053488	-0.002434144490686697	-0.9986998719779951
0.02870367804748458	-0.0011226308628941289	-0.9986387675897418
0.026003415114640917	0.0006646756730531735	-0.9985687266235781
0.023294618728346744	0.0028701776052178253	-0.9984915268701661
0.02064745930407355	0.00543412383807578	-0.9984103973194176
0.0181265197979785	0.008296175554678396	-0.9983291659003577
0.015789798980269835	0.011396662500211386	-0.9982515113593946
0.013687736787381772	0.014677427426100386	-0.9981806041102874
0.01186240334784661	0.018082244458802445	-0.9981191001268479
0.010346978050509903	0.021556862053840886	-0.9980692190543983
0.009165623921563205	0.0250487635183667	-0.9980326821128968
0.008333840749602075	0.028506787816067695	-0.99801051262035
0.007859311060157395	0.03188082732353161	-0.9980028624573141
0.007743106629667441	0.035121831072882984	-0.9980089912620147
0.007981000829944554	0.038182225916512914	-0.9980273790122861
0.008564621720082308	0.04101670173761955	-0.9980558891210418
0.009482266979994575	0.043583176592909285	-0.9980919159094847
0.010719344382929631	0.04584370933265018	-0.9981324755667973
0.012258528815306022	0.047765188950920454	-0.9981742703433547
0.01407976053525658	0.049319740627596025	-0.9982138352214266
0.016160179469640892	0.05048484356976595	-0.9982478639678711
0.0184740827445397	0.05124316349314354	-0.9982737004202757
0.020992995669730487	0.05158213246068524	-0.9982898293971243
0.023685906232690866	0.05149335238611988	-0.9982961549180869
0.02651965335238852	0.05097190718122874	-0.9982939598372746
0.029459433708578897	0.05001564903828078	-0.998285587207437
0.032469398835475796	0.04862451294092301	-0.9982739648794219
0.03551332290367275	0.046799917606480654	-0.9982620830800035
0.038555308472277255	0.04454432368511593	-0.9982524792649329
0.041560454362618425	0.04186100921607469	-0.998246744759286
0.044495383589326455	0.03875406420171106	-0.9982450732163737
0.04502991811150043	0.0386650213997066	-0.9982251537083472
0.045522916575232414	0.03858663856523335	-0.9982015729238061
0.04597433874790304	0.03852229699517145	-0.9981756660900427
0.04638434072830012	0.03847499932166397	-0.9981494426640616
0.04675333215292953	0.03844727790785904	-0.9981250373339188
0.04708206581168058	0.0384411535107024	-0.9981041358794819
0.04737173436713088	0.03845816782378929	-0.9980875295412869
0.04762404388721002	0.038499487236834495	-0.998074916220205
0.04784124262379044	0.03856605524615802	-0.9980649975871918
0.04802609438773439	0.03865876152942148	-0.9980558462863673
0.04818179793842863	0.038778590841943676	-0.9980454408217976
0.04831186940549653	0.03892672255869528	-0.9980322161045418
0.04842000913480368	0.039104572805025176	-0.9980154776019052
0.04850996437060741	0.03931378494332072	-0.9979955708254318
0.04858539296254009	0.03955617364004925	-0.9979737643044413
0.04864973884424767	0.03983362667469823	-0.9979518845149133
0.04870613755085765	0.0401479752595693	-0.9979318019797174
0.04875736873070388	0.04050085458576014	-0.9979148956099091
0.04880586204042605	0.04089358165172889	-0.9979016260633916
0.04885375111722933	0.04132707492529351	-0.99789132627087
0.04890295732339366	0.04180183354403326	-0.9978822623048559
0.04895527150734068	0.042317977554352994	-0.9978719505757394
0.04901240223545498	0.04287532541894381	-0.9978576631174444
0.04907597917492201	0.043473467112285745	-0.9978370049404293
0.049147527427519204	0.04411179704225363	-0.9978084240669788
0.049228441007194895	0.04478949565514389	-0.9977715308206554
0.04931997838993063	0.045505469455877495	-0.9977271470429735
0.049423295404022925	0.04625827139353432	-0.9976770622111859
0.04953951934028894	0.04704603599036096	-0.9976235498578032
0.049669848048139106	0.04786646348383205	-0.9975687742039101
0.04981564630249079	0.04871686726576257	-0.9975142459967186
0.049978517698782025	0.04959427897827536	-0.9974604710205703
0.05016034069346108	0.050495595873035065	-0.9974068858963092
0.050363264708739745	0.05141775051201668	-0.9973520911995168
0.0505896652140379	0.052357882042637	-0.9972942968587106
0.05084205629586303	0.053313489038529095	-0.9972318475318587
0.051122959824811576	0.05428254140664407	-0.9971636915434888
0.05143473823265018	0.05526352511203521	-0.9970896711332964
0.05177941387177386	0.056255399980570574	-0.9970105627584976
0.05215850969664395	0.0572574702787349	-0.9969278692585481
0.05257294640393985	0.058269189149379584	-0.9968434230004081
0.05302302240948345	0.05928993755097734	-0.9967588949610703
0.05350848098917009	0.06031883242511959	-0.9966753304657838
0.054028638508026784	0.061354610145078106	-0.9965928253399194
0.05458253166546537	0.062395601630242076	-0.9965104201106504
0.05516904696540978	0.06343978654690466	-0.9964262485606588
0.05578701167432186	0.06448489570127297	-0.996337924136019
0.05643524312894791	0.06552852512305889	-0.9962430840901004
0.05711256490331896	0.06656822978635357	-0.9961399615163234
0.057817806455559506	0.06760157436176749	-0.996027843258903
0.05854980686610398	0.06862613601843309	-0.9959072894910094
0.059307433958288164	0.06963947443513642	-0.9957800469370144
0.06008961552947351	0.07063908990293581	-0.995648676106769
0.06089537782631047	0.0716223850752655	-0.9955159925429016
0.06172389338382844	0.07258664762572065	-0.9953844688986428
0.06257453666942847	0.07352907745942584	-0.9952557511049008
0.06344693208095117	0.07444687405142698	-0.9951304040719535
0.06434097399896499	0.0753373782919022	-0.9950079306578747
0.0652568032429185	0.07619824982728228	-0.994887041582228
0.06619472420395284	0.07702765024489017	-0.9947660985135643
0.06715505470032877	0.0778243843832116	-0.994643608267667
0.06813792779478373	0.0785879491856735	-0.9945186425933796
0.06914308916780175	0.07931846394331679	-0.9943910910066602
0.07016973836766072	0.08001648968952935	-0.9942616920860852
0.07121644907470792	0.08068277535851251	-0.9941318307620585
0.07228118050421203	0.08131798463557266	-0.9940031555155195
0.07336137253447314	0.08192245518585026	-0.9938771190711521
0.07445410438060804	0.08249603157814651	-0.9937545560383241
0.07555628680100282	0.08303799799247122	-0.9936354094106459
0.07666485630262372	0.08354711441129296	-0.9935186964978211
0.07777694678955817	0.08402173939844738	-0.9934027397407017
0.0788900209409478	0.08446001092153654	-0.9932856063897976
0.0800019468595351	0.08486005145154636	-0.9931656475836271
0.08111100904669247	0.08522015690709281	-0.993041996756253
0.08221585720707456	0.08553892773036223	-0.9929148914205829
0.0833154148637131	0.0858153178068992	-0.9927857344473424
0.08440877731420703	0.08604860199738273	-0.99265688424664
0.08549512901537316	0.08623828351220295	-0.9925312250485225
0.08657370315140182	0.0863839819374707	-0.9924116127363267
0.08764378600265944	0.08648535128686542	-0.9923003237099836
0.08870474820598218	0.08654206497076752	-0.9921986311767177
0.08975607207737726	0.0865538815407486	-0.9921065986224722
0.09079733980221075	0.08652077467722537	-0.9920231337784653
0.09182816217843554	0.08644307978044533	-0.9919462923352296
0.09284805783640385	0.08632159980298593	-0.9918737607977035
0.0938563143890471	0.08615763136635488	-0.9918034038747683
0.09485186327652398	0.08595289861929446	-0.9917337469474367
0.09583319101213794	0.08570939953519241	-0.9916642731047783
0.09679830556096608	0.08542918493661796	-0.9915954629290957
0.09774476942989016	0.08511410802995957	-0.9915285761331866
0.09866979867567192	0.08476558763886238	-0.9914652395868245
0.09957042308632702	0.08438442449464754	-0.9914069594726433
0.10044370055740723	0.08397070896782405	-0.9913547039318662
0.10128696497702025	0.08352385095144152	-0.9913086749014598
0.10209806803439764	0.08304274267606022	-0.9912683157722245
0.1028755612492052	0.08252603652995014	-0.9912325395533512
0.10361876884147324	0.08197248275374903	-0.9912001117136147
0.1043277320410118	0.08138125009546429	-0.9911700780699769
0.10500303733888437	0.08075216150614611	-0.99114211867895
0.10564556515693813	0.0800857969929352	-0.9911167443865432
0.10625621924313758	0.07938344368190242	-0.9910952891198557
0.10683570393162356	0.07864691945570725	-0.9910796853547712
0.10738439014920252	0.07787833702676555	-0.9910720649824336
0.10790227055671228	0.07707987912237388	-0.9910742722617654
0.10838898033017359	0.07625363075649676	-0.9910873947970461
0.10884385743756969	0.07540148937747033	-0.9911114262154155
0.10926601811291248	0.07452515361506035	-0.991145160912306
0.10965442791402115	0.07362616810589061	-0.9911863629215445
0.11000796364232716	0.07270599141706308	-0.9912321808472664
0.11032546758672102	0.07176606298653532	-0.9912797223953285
0.11060578752857675	0.07080785008295434	-0.9913266558244807
0.11084779491918638	0.06983285470998105	-0.9913716860612052
0.1110503819751635	0.06884256729252258	-0.9914147845687089
0.11121245098178328	0.06783836462593862	-0.9914571256039507
0.11133292537290365	0.06682136616584791	-0.9915007560631236
0.11141081578589936	0.06579229067195394	-0.9915480898460381
0.11144535202441626	0.06475137396265138	-0.9916013577305026
0.11143615759483051	0.0636983998759464	-0.9916621445121754
0.11138341646717224	0.06263286504069797	-0.991731108705024
0.1112879729857475	0.06155425834456141	-0.9918079355857066
0.11115131503225066	0.06046239750572667	-0.9918915182607141
0.11097541971773486	0.059357737796607885	-0.9919803058307985
0.11076248520430276	0.05824156857506097	-0.9920727266805393
0.11051460845176253	0.057116044148859825	-0.9921675822384789
0.11023348245854563	0.05598404164357574	-0.9922643071136976
0.10992017531947432	0.054848886274917255	-0.9923630241770044
0.10957502198015633	0.0537140107735854	-0.9924643873220582
0.10919763354720219	0.05258261179043932	-0.9925692604483736
0.1087870175567847	0.05145735851063265	-0.9926783223986091
0.10834178629444667	0.05034019899062189	-0.9927917140001619
0.10786041972951615	0.049232283815805675	-0.9929088384069797
0.10734155377153815	0.04813400786183957	-0.9930283753057771
0.10678425848384505	0.04704516859400547	-0.9931485122246664
0.10618825241713498	0.04596522240627368	-0.993267341941696
0.10555400061935573	0.04489358714743543	-0.9933833227292379
0.1048826747385764	0.043829920279294186	-0.9934956791694252
0.10417599272811182	0.04277431126820648	-0.9936046485116197
0.10343598309307744	0.04172735047258045	-0.9937115100282571
0.10266473653016728	0.040690067122399746	-0.9938183716007782
0.10186421258077767	0.03966376984685764	-0.993927749246162
0.10103614349514722	0.0386498574042567	-0.9940420286910185
0.10018203471589188	0.03764966972278973	-0.9941629197090399
0.09930322822421991	0.03666442644451151	-0.9942910208871348
0.0984009776923905	0.03569526313239063	-0.9944256102534559
0.09747649043794666	0.03474333181979972	-0.9945647326714226
0.09653091905174117	0.033809910448117965	-0.9947055740651205
0.09556530860857926	0.032896472539716295	-0.9948450341732307
0.09458051767010622	0.03200468312012188	-0.9949803615976281
0.09357714179153606	0.031136306649349563	-0.9951096914014301
0.09255547096626661	0.03029304124518737	-0.9952323515009013
0.09151550223065778	0.029476315222312432	-0.9953488753854672
0.09045701658584256	0.028687087396729045	-0.9954607411007541
0.08937972313507615	0.027925691156121077	-0.995569922934571
0.08828346479729507	0.027191763167691407	-0.9956783880818165
0.08716845918413284	0.02648429099863296	-0.9957876660621165
0.08603552739887779	0.025801793446379714	-0.9958985776755032
0.08488625095280744	0.02514262002345298	-0.9960111612744089
0.08372299756696507	0.024505319732833514	-0.9961247885960965
0.08254878659313344	0.02388899641684828	-0.996238418719654
0.08136701160983913	0.023293568270124528	-0.9963509192911063
0.08018106955373049	0.02271987159764812	-0.9964613802065387
0.07899397019561001	0.022169575836063677	-0.9965693457202659
0.07780801437855019	0.021644923444629455	-0.9966749008671659
0.07662460813722814	0.021148357740353455	-0.9967785858618206
0.0754442388987216	0.020682118701070555	-0.9968811537747856
0.07426660907389614	0.02024788176832555	-0.9969832271562065
0.0730908980929653	0.01984650300355936	-0.9970849562222257
0.07191610373702109	0.019477911138009254	-0.9971858055238931
0.07074140184677777	0.019141157194171955	-0.9972845526248986
0.06956646316613052	0.018834604704620974	-0.9973795155468781
0.06839167420876624	0.018556222786480496	-0.9974689650670977
0.06721822100854215	0.0183039271846743	-0.9975516144170786
0.06604801743712044	0.018075901327482068	-0.9976270345086004
0.06488349408801285	0.01787083165799067	-0.9976958676997709
0.06372729716814979	0.01768800744432616	-0.9977597796562871
0.06258197680062438	0.017527265987172976	-0.9978211565058479
0.0614497501602827	0.01738881621421144	-0.9978826105055992
0.06033238769381836	0.017273014986946552	-0.9979464097552788
0.059231220891251726	0.017180169194949982	-0.9980139678754372
0.05814723847279491	0.01711041414289654	-0.9980855076891361
0.05708121590825385	0.017063691462530065	-0.9981599709835278
0.05603381576354954	0.017039809157295926	-0.9982352009823224
0.055005621706997306	0.01703852842740772	-0.9983083661258656
0.053997113779274214	0.017059618450036586	-0.9983765410780125
0.0530086197762874	0.017102849331793388	-0.9984373247440079
0.05204027726616068	0.017167922903791398	-0.9984893523151893
0.051092033605176446	0.01725435994019143	-0.9985325740662628
0.05016369943521572	0.01736137871828675	-0.9985682347520006
0.049255051211934554	0.017487802181239395	-0.9985985643153632
0.04836596823273996	0.017632019915896687	-0.9986262591266432
0.047496585514271106	0.017792025002007526	-0.998653888908576
0.04664743351918865	0.017965534475216774	-0.9986833779561929
0.04581953470360333	0.018150183897756814	-0.9987156758089099
0.04501442922489808	0.01834377833032128	-0.9987506729079202
0.04423409626066222	0.018544567623773756	-0.9987873582711928
0.043480749450909593	0.01875148502904677	-0.9988241565330565
0.042756523307555916	0.018964276365246537	-0.9988593432784305
0.042063107515553935	0.01918346328168399	-0.998891443210709
0.04140141537962218	0.019410119695874407	-0.9989195328950413
0.04077137992669128	0.019645493085424764	-0.998943381128514
0.04017194365820022	0.019890553953596353	-0.9989633977845586
0.03960125573504987	0.02014558151454398	-0.9989804222781368
0.03905703582914428	0.020409883719297604	-0.9989954153117595
0.038537024817063795	0.020681716158305	-0.9990091377736905
0.03803942273116079	0.02095841795801318	-0.9990219186471724
0.037563220273601455	0.021236728331964758	-0.9990335970270262
0.037108366626225325	0.021513208980686177	-0.9990436595973597
0.03667575415050746	0.02178469328901498	-0.9990515222425238
0.036267021172350374	0.022048685492213345	-0.9990568584138357
0.035884204042347496	0.02230363085912849	-0.9990598570371809
0.03552930839083764	0.022549002028738427	-0.9990613080091864
0.03520388302491685	0.022785190536954998	-0.9990624723890853
0.0349086740459267	0.023013224826210436	-0.9990647738179913
0.03464343157269391	0.0232343638311813	-0.999069402841837
0.03440692098401342	0.02344965307214974	-0.9990769507388721
0.03419713652089811	0.023659552923920586	-0.9990871806176084
0.034011653066584574	0.02386372542879291	-0.9990989957751328
0.03384802341610733	0.02406101371360793	-0.9991106178990105
0.03370412921771866	0.024249601350937726	-0.9991199485964334
0.033578409012493926	0.024427296051226878	-0.9991250427497054
0.03346992837503907	0.02459185017960119	-0.999124588767059
0.03337830903137332	0.02474123590088261	-0.9991182865609247
0.03330356535533087	0.024873822746249167	-0.9991070281228733
0.03324590956916567	0.024988442240233166	-0.9990928113080784
0.03320557555819456	0.025084363817180363	-0.9990783730479054
0.03318267931973986	0.025161219561809306	-0.999066607938881
0.03317712029792056	0.025218902420990806	-0.9990599051319295
0.03318853005100227	0.025257460296575468	-0.9990595703787497
0.033216265042587775	0.025277010097231312	-0.9990654943755405
0.03325943027314929	0.025277683938201685	-0.9990761666106509
0.03331691851871131	0.025259608366692575	-0.9990890286576075
0.03338744690822186	0.025222908795272145	-0.9991010735981443
0.03346957515291627	0.02516771818731205	-0.9991095448881321
0.03356170514761134	0.025094161176958753	-0.999112557175594
0.03366208165009733	0.02500229520861403	-0.9991094894113778
0.0337688221094301	0.024892013277289522	-0.9991010804238944
0.03388000007272687	0.024762932926333494	-0.9990892286946234
0.03399379507552308	0.02461431639513325	-0.9990765492119771
0.03410868860420709	0.02444508023663276	-0.9990657866443233
0.03422364453411057	0.02425392794321517	-0.9990592178939331
0.03433820650415431	0.024039587603920637	-0.9990581763580666
0.03445246984287345	0.023801101874703683	-0.9990627994449284
0.03456691411119266	0.023538099991244833	-0.9990720596031423
0.03468211976091676	0.023250972530045516	-0.9990840729804398
0.034798435613728286	0.022940890131027868	-0.9990965991298952
0.03491568075076067	0.022609657731861126	-0.9991075972706938
0.0350329439361428	0.022259439370900268	-0.9991156941189789
0.03514851555422412	0.02189240417248522	-0.9991204408190659
0.03525997241204242	0.021510353352149247	-0.9991223067127587
0.035364414124500844	0.02111440202338839	-0.9991224438204376
0.03545881725013241	0.020704784552580388	-0.9991223118157444
0.035540452365936843	0.020280832652854797	-0.9991232782397536
0.035607289194950396	0.01984115527864625	-0.999126304323221
0.0356582945889574	0.01938400839744525	-0.9991317861726882
0.03569353799565862	0.018907788125106337	-0.9991395634257914
0.03571405567471484	0.01841154158618737	-0.9991490652771386
0.035721478873925516	0.017895366686394618	-0.9991595445982714
0.03571750549845364	0.0173605831139418	-0.9991703355173986
0.03570334999019632	0.016809621938137047	-0.9991810606108324
0.03567930705156212	0.016245661234745818	-0.9991917276591534
0.03564453189864919	0.015672093759071984	-0.9992026824684334
0.035597090546876264	0.015091952282303913	-0.9992144237824636
0.03553426725284623	0.014507432363220255	-0.9992273430786625
0.03545304826246444	0.013919624349913928	-0.9992414867522039
0.03535066266408899	0.013328503601679862	-0.9992564321980504
0.03522506394613973	0.01273316471849132	-0.9992713439327124
0.03507525746376987	0.012132241181229842	-0.9992852205569269
0.03490140844006059	0.011524417745593488	-0.9992972552308124
0.03470470931987582	0.01090892441351539	-0.9993071718066072
0.03448703392564255	0.010285905830649998	-0.9993154106597598
0.03425045288423763	0.009656580938850991	-0.999323096120663
0.03399672663814417	0.009023153822720991	-0.9993317800727566
0.03372690026717931	0.008388505222094104	-0.9993430244651329
0.03344109150417342	0.007755748746650787	-0.9993579491545632
0.033138513635517064	0.007127762497133582	-0.9993768799579235
0.032817715744052435	0.006506811691352405	-0.999399189031273
0.0324769618355928	0.005894349674832324	-0.9994233736005056
0.03211463663379685	0.005291022794792103	-0.9994473675776758
0.03172958006740538	0.004696839486522109	-0.9994690190567347
0.0313212983576494	0.004111434460969633	-0.9994866249874204
0.03089003550162507	0.003534362868466123	-0.9994993962808382
0.030436712570023575	0.002965366140164967	-0.9995077253713991
0.02996276797117508	0.002404568839043236	-0.9995131622984359
0.029469936129953453	0.0018525941673953605	-0.9995180790325671
0.028959993584305923	0.0013105906988874752	-0.9995250908267861
0.02843451399320931	0.0007801624010577574	-0.9995363785555319
0.027894680899103217	0.00026321618096900035	-0.9995530975869837
0.02734119123731383	-0.00023824228998974538	-0.9995750464863205
0.026774268051723487	-0.0007223276479217146	-0.9996006900199477
0.026193779443807422	-0.0011874599817349738	-0.9996275265237269
0.025599424885840917	-0.0016324740015028396	-0.9996527026450277
0.02499093395516597	-0.002056642736646185	-0.9996737143347441
0.024368235717140745	-0.0024596310232633863	-0.9996890156897517
0.02373157410785385	-0.0028414014236059905	-0.9996983953557685
0.02308155927979104	-0.00320210039938122	-0.9997030353398151
0.02241916709258479	-0.003541950485490998	-0.9997052317790508
0.021745711422035123	-0.0038611513309612395	-0.9997078387451526
0.021062794699747246	-0.004159775954936778	-0.9997135643265134
0.020372222541533654	-0.004437666082447565	-0.9997242816035808
0.01967587810016371	-0.004694352236103634	-0.9997405280332816
0.018975569639060063	-0.004929026614520007	-0.99976134624192
0.018272877912784338	-0.005140588779707594	-0.9997845306703721
0.01756903748942973	-0.005327764702360941	-0.9998072124204522
0.016864877707985747	-0.005489277480051767	-0.9998266182186093
0.016160834072818108	-0.005624039608123215	-0.9998407995450325
0.015457031592536901	-0.005731334508096799	-0.9998491267223799
0.014753432100452732	-0.005810953841853679	-0.999852404846913
0.014050027382331912	-0.0058632622093880505	-0.9998525967271275
0.013347052536107257	-0.005889171011596613	-0.9998522584153401
0.012645190069476946	-0.005890012130536537	-0.9998538547329281
0.011945723789672463	-0.005867307213116522	-0.999859137160243
0.011250580850731141	-0.005822454214374481	-0.9998687367570995
0.010562212136721191	-0.00575640338601823	-0.9998820570435725
0.009883315439516798	-0.005669417756305202	-0.9998974802180889
0.009216454474177443	-0.005560995220162959	-0.9999128287154566
0.008563662183589877	-0.0054299982172411245	-0.9999259579081741
0.007926142344744497	-0.005274982398321188	-0.9999353193598706
0.007304166754693707	-0.005094646373664095	-0.999940343086177
0.00669720877268968	-0.004888282907163171	-0.9999415394060922
0.00610428774370896	-0.004656107732782884	-0.9999402925350452
0.0055244369528288165	-0.0043993729583348875	-0.9999384132466356
0.004957173090219626	-0.004120235070217332	-0.9999376051069947
0.0044028531572089	-0.003821411852198242	-0.9999390094169116
0.0038628350089521756	-0.003505704196973845	-0.999942951314437
0.0033393936543400092	-0.0031754871019651614	-0.9999489430940318
0.0028353968894970546	-0.0028322931710226583	-0.9999559141199135
0.002353810053543318	-0.0024765987562269808	-0.9999625695203677
0.0018971453104902494	-0.002107871892758944	-0.9999677604487858
0.0014669841161052675	-0.0017248862682036567	-0.9999707708180603
0.0010637053724408148	-0.0013262473866229476	-0.9999714611488983
0.00068651871407707	-0.0009109980770223537	-0.9999702498766077
0.0003338052533173594	-0.0004791261959822365	-0.9999679497957469
3.6686561866703357e-6	-3.1832336567249185e-5	-0.9999655047971564
