0.884125961050244
0.8733040243370003
0.8292390904862587
0.7089577572669743
0.675142777054305
0.5374520988350527
0.4983790019192488
0.47264317615477325
0.37783517138460004
0.34923783920244766
0.2848197257985142
0.2537995209105821
0.2347059631549151
0.21825714759417414
0.20508477580749268
0.19449109718936342
0.181825913277462
0.16999769419359168
0.16020838229183054
0.15182280738699772
0.14265382517482855
0.1340638953573709
0.1267411267958981
0.11997455324488848
0.11226995716656396
0.10316693664810406
0.0956729623783098
0.09081013032018159
0.08736309154848154
0.08390011701851585
0.07937496024556895
0.07519462611241434
0.07143074834747215
0.06778066979613312
0.06383990179422067
0.06146611378006056
0.059036401357881185
0.05775628925648979
0.055719123079361776
0.0536496172813557
0.05171592223114313
0.049805467978070894
0.0480431478276262
0.04650119250367324
0.04512081066321261
0.043842316528949044
0.04270543730572979
0.04183086300245309
0.04111892268836448
0.040613812263425586
0.0401450402351447
0.03985464592101973
0.039490827464391254
0.03930140363950829
0.03882552676886075
0.038379687087592984
0.0376777925032904
0.037019229280508104
0.03640705058700966
0.03595998599941497
0.035600943070895064
0.035242322269666004
0.03476306698355863
0.03418226863784146
0.03357938755429779
0.03304166604477843
0.032559502120821704
0.032077309555730515
0.031596526252781865
0.03119236264275982
0.030923703629243404
0.030592669961809538
0.030217609700703807
0.029748949484554588
0.029392756593286273
0.02898846558902307
0.02859086014078588
0.02794298194350564
0.027417000396670166
0.02668839086103253
0.02612347789869407
0.025542149019712024
0.02514728084159834
0.02486567929057648
0.024684770195577244
0.024505584288010307
0.024414929955505482
0.024311013502035406
0.02427829935622866
0.02411733142572159
0.024058700417589507
0.023801882178004885
0.023740537452598853
0.023332649331235578
0.022820858093699825
0.022269675442337045
0.021817590088199335
0.021374572606313147
0.020995845780126088
0.020516522652685387
0.02025032902354773
0.019958577615368123
0.019792649053199274
0.019415700198450736
0.019003074791474672
0.01863655475209025
0.01844854431037346
0.018309127451215934
0.01827136743967367
0.018173878998418935
0.018087033622574578
0.01778817855922754
0.01737047789304358
0.016843547712407425
0.0164525463963332
0.016259069763316147
0.016191878462213594
0.016236462598506807
0.01638662856508566
0.016515148592919582
0.01657992048244139
0.016597614661871762
0.016635316249646426
0.016843148714017042
0.01702920472936814
0.01720584578622536
0.017126065776439103
0.017193122398606375
0.017257474772373604
0.017294943168004062
0.017098189030712585
0.016905489236845983
0.016391612137216238
0.016476219629236455
0.015738113746187166
0.015500963976090465
0.015454412766073455
0.015176204912157876
0.015052878578724338
0.014857502479993234
0.014852402661215236
0.014783869630132729
0.014877294835354549
0.014889831635725048
0.015087574667806802
0.015014620260317024
0.015641620567282744
0.015363229749144336
0.015270678655847136
0.015650624502684507
0.016012165850542104
0.016241797848956796
0.016159189391897977
0.01592167782620102
0.015473530889916542
0.015267175652219633
0.014540312677160272
0.01479143870805022
0.01420095696499124
0.01389293652456397
0.013664337970584806
0.013344132557849442
0.013018658744227307
0.01280562754045389
0.01247117182804569
0.012460231904040775
0.011711068194421081
0.0112069023068615
0.010822814132152192
0.010754718454169643
0.010601353326883167
0.010554049244647978
0.010509245759144858
0.010499024372244703
0.0103882884053344
0.010265305821669457
0.00990570624978987
0.009741438605717911
0.0094141938685669
0.009044476074142438
0.008822021197507135
0.008587519015047174
0.008357905389798082
0.008246944419337987
0.008069741583732193
0.00788373121711411
0.007625459048346106
0.007407109118058364
0.007239694922859585
0.007100582795192656
0.006977633512763204
0.006814673396337512
0.006690280772359503
0.006584115369183463
0.006547896881871074
0.0064700830578680035
0.0064503410854797605
0.006353387583881487
0.006098135617950529
0.005691723676061133
0.005418857331415006
0.005156565314060391
0.004972485568194185
0.0047981733556367034
0.004649779469412807
0.004591186583948803
0.0045984183318953376
0.004633665169728518
0.004667377734072109
0.004694775069921331
0.004719576958987226
0.004734132787762579
0.00475372992850992
0.004763494823817771
0.004768757383560807
0.004742762942721246
0.0046656015326477784
0.004546795570573803
0.0043997520254852596
0.00429619499141487
0.004206855975258661
0.0041590731883531795
0.004110587865705673
0.004094163983075105
0.004069024277005839
0.004042781156678832
0.003995068586551465
0.003935741920291225
0.0039036717850983726
0.0038779713034525765
0.003890627037633876
0.0039041980977561064
0.003951267921753598
0.003948620780134304
0.003938321037248671
0.0038738446599780874
0.003817188976674324
0.0037614135547653915
0.0037678723268726455
0.003815609397507358
0.0039005737285538467
0.00400689124917375
0.004099368200797648
0.004168403534250575
0.004173999925169536
0.004133952951400843
0.004060529198672447
0.003969179773935239
0.0038608520609831887
0.003766703881621203
0.0037141825711685117
0.003723970956541589
0.003746024988432406
0.003762932415150577
0.0037549378529392885
0.0037246428231273443
0.0036802405835258956
0.0036432851178730408
0.0036090842458231798
0.003611249487589674
0.0035822781020694583
0.0035909547267508057
0.003538022594620549
0.003469125620900515
0.0033521213511752412
0.003234065873740699
0.003125072577995769
0.0030862577544594205
0.0030812117806033323
0.0031163147214252618
0.0031512778203811598
0.003190034244405282
0.003186953541652715
0.0031663586397502885
0.0031395369909031356
0.003134022420208382
0.0031317917750758317
0.0031492827346193963
0.003109533192414582
0.003035106407356103
0.002929007519637483
0.002810267263291144
0.00270858169012006
0.002671369118166955
0.0026873567421411004
0.002722109158316499
0.0027711830245331637
0.0028090077124665047
0.0028358285992580168
0.002814094230677522
0.0027919818908823113
0.0027502526846079345
0.0027508978132320117
0.002761084841396033
0.0028221509353345553
0.0028935941469210302
0.0029483231864518844
0.002956454255875929
0.00295488797918525
0.0029141383718735425
0.0029062802590334447
0.002886498737207144
0.002899457991686505
0.0028944106412527315
0.0028822896808499143
0.002821307106877946
0.0027446198044972503
0.0026733524853196355
0.002640377790045445
0.002639485256872298
0.002651880915942151
0.0026918002795101037
0.002693874498335025
0.002688186707094198
0.0026494928767905046
0.002607982945596332
0.0025631543319640793
0.002537318326607696
0.0025147481399106497
0.0024930780426862253
0.0024571776682225654
0.002418550963864008
0.0023737181193183576
0.0023302640154415633
0.0022996811446971965
0.0022786580666760425
0.0022806647661430812
0.002280553648320194
0.002298279877367748
0.0022902366978281297
0.002281613581824271
0.0022530376773517435
0.0022354707750712466
0.0022173320812040598
0.0022266775320621823
0.002233151004495837
0.002262244401118385
0.002275852192071437
0.002288158498409021
0.0022724533647890954
0.00225730023683568
0.0022355258391953403
0.002224007618974122
0.002219116763307938
0.0022364908213192702
0.0022511134051859116
0.00226948770408808
0.0022464707273017748
0.0022457349215801448
0.002191438839976023
0.002177180489610575
0.002160518230838515
0.0021654170718630184
0.002177308320211291
0.0022045196075670126
0.0022277477081926733
0.002240400556065336
0.002225450897864245
0.0022017894972649055
0.0021703409612625624
0.002136430044728743
0.0021065972911769038
0.0020969469217509418
0.0021121307897175035
0.002132727607143836
0.002142965052783663
0.0021464903932312818
0.002133559495848314
0.002111879153590346
0.0020537856118015285
0.002002643255734071
0.0019404794184709195
0.001964209715657639
0.0019473575686531075
0.0019501219546417259
0.0019518827039802789
0.0019413408415968614
0.0019157394043072817
0.0018661607455776608
0.0018302865550877678
0.0018063344990514874
0.0018041877298332065
0.0017992617724946758
0.0017953536790923375
0.0017807788624498722
0.0017542437774938913
0.0017183910578953965
0.0016940235704845374
0.0016802291305153538
0.0016760477997619372
0.00167526941711027
0.0016756013993813879
0.0016778718165556539
0.0016700008571006175
0.0016703015728065096
0.001650760932253137
0.0016606558054270137
0.0016492774229247553
0.001655650581398771
0.0016662098722511898
0.001683706770058302
0.001699395114378166
0.0016996174246933782
0.0016850657286472948
0.0016619786434852735
0.001646804642764177
0.0016300406703309012
0.001615012958667006
0.0016096223488619166
0.001610476316381948
0.0016225860972547967
0.0016216822235671224
0.0016231933162817458
0.0016115812871091983
0.0016091841792648665
0.0016029852890063756
0.0016167397272268125
0.0016338283582033597
0.0016645842329481297
0.001670429404901197
0.0016683319325190293
0.0016490831205533962
0.0016300904761290536
0.001605143156524269
0.0015858376849128275
0.0015672534332670796
0.0015608834259522864
0.0015541660337061725
0.0015623751341238279
0.0015488588359946487
0.001549134872284419
0.001535190471226966
0.0015225904424823744
0.0015058787300658572
0.001488543333645731
0.001469668034661753
0.001463611062647252
0.0014619280267195722
0.0014662063265906133
0.001460358558243946
0.0014534445086485936
0.0014366708057873545
0.0014162152135819284
0.001395521989833115
0.0013944828678075782
0.0014045946348507088
0.0014137653864872424
0.0014152071401626332
0.0014180896270349352
0.0014160503799203195
0.0014139420955701087
0.0014045294988090373
0.0014018672932538112
0.0014006604159141345
0.0014133402911473691
0.0014107939288036109
0.0014184681081525485
0.001421882535265373
0.0014287219933653006
0.0014299266682979428
0.0014275516503932106
0.0014207437321295258
0.0014183195892359945
0.0014171850000291863
0.0014184087322726135
0.0014208009527874044
0.0014226951208912153
0.0014203038593151307
0.001409680070064534
0.001398126989479609
0.001390576120302689
0.0013888200042476706
0.0013867390901270427
0.0013879668642997056
0.001387380885336631
0.0013916102835982436
0.0013879097695764786
0.001387839233828403
0.0013785872384257658
0.0013780669777223586
0.0013735543223420965
0.0013713900086204656
0.0013686085780004187
0.0013717813091996822
0.0013794905290695492
0.0013924937556670791
0.0013968010709488055
0.0013997533180891142
0.0013990428040178693
0.0014003390722209241
0.0014008011185953073
0.0014036686914515872
0.001405356355482501
0.0014058482214816537
0.0014025371063150494
0.001400870637864149
0.0013981411510230468
0.0013948366434435866
0.0013885249483744921
0.0013803350106111334
0.0013709757592483829
0.0013670623173367424
0.0013687197101117654
0.0013724525317761471
0.0013733812839137882
0.0013746659101395164
0.0013731461603257444
0.0013714784408103142
0.0013630378445267932
0.0013543486161325946
0.0013423282510248158
0.0013440007858054326
0.0013428605193920862
0.0013468652391667169
0.0013498842921333964
0.001356234509119092
0.0013622557823516623
0.0013666869719353714
0.0013642843910084412
0.0013608911567628557
0.0013572500182694736
0.0013571810737757484
0.0013571326021053487
0.00136026439504644
0.0013660374845164691
0.0013759457657867014
0.0013839021577550237
0.001385512659648147
0.0013820357248175985
0.0013795711946831823
0.0013768710101127457
0.0013742690415256553
0.0013717046997864246
0.0013717957412361925
0.001375398547915685
0.0013818516317068985
0.001384019414099713
0.0013838514570503335
0.001382974341419374
0.00138136249050963
0.0013793072799447859
0.001381472580445131
0.0013832398405274615
0.001402260280272516
0.0013912003007650053
0.001400419199319658
0.0013996597742806371
0.0013978437248686193
0.001392998153967373
0.0013848849800374152
0.0013686192596961688
0.0013575104832904694
0.0013536171698788069
0.0013550963894062296
0.001354734608815522
0.0013543774277741671
0.0013531249956807434
0.0013494685068223822
0.0013437602218087097
0.0013321543038365413
0.0013207135594346386
0.0013141210581613105
0.001311842276367603
0.001309294916646886
0.001310066187442116
0.0013057656199180756
0.0013069695201649023
0.001303982069571219
0.0013089150197567179
0.0013128418217465687
0.001322713746361781
0.0013158199849202523
0.0013176867703981188
0.001315840338261709
0.0013160593862204806
0.0013131961311550477
0.0013128875533977569
0.0013133127582915516
0.0013292103433084623
0.0013337178178119413
0.0013380451659401604
0.0013372746749576447
0.001337892224764936
0.0013407100511871328
0.001351921510600873
