0.9978334367027892
0.9975661621790831
0.9968335848701277
0.9966004616056197
0.9954231561140198
0.9951668269594544
0.9940512290060616
0.9779859608863671
0.812073501171452
0.7043915295871581
0.566474736153074
0.5429418641595616
0.90655265958626
0.47608974285323785
0.4462794917550902
0.29474735549319014
0.22807437937832975
0.15429318378545148
0.12218422649667027
0.1055304983019128
0.08468126576436663
0.08045366223961381
0.07675884371354169
0.0708046152415413
0.0636050875417179
0.0584617570841538
0.05453532894717367
0.05031237003931455
0.04458622030149806
0.039259600434364106
0.03499432462532387
0.03226367097167038
0.03005855850524025
0.028360079664499604
0.026473655407727836
0.024617675186477284
0.022806252816415518
0.02138372318483661
0.020224575910701592
0.01894914638123657
0.01762185547241546
0.01632745451366685
0.015493779323785817
0.01478212738396495
0.01427507272646722
0.013638564416631027
0.013091212037155908
0.012444741226918576
0.011858984949826845
0.011242209751779031
0.010712352354215693
0.010273131632034138
0.00995676383037325
0.009661379869699449
0.009347768644385801
0.008993672226564331
0.008678811811057008
0.008415142510566076
0.008164806692973592
0.0078913522074599
0.007626010713634335
0.007407775598937905
0.007211692473513165
0.0069913071755765
0.006733031450614435
0.0065060608456642965
0.00631753923740852
0.006155844340727301
0.005956833204895817
0.0057953325294560765
0.005665210817516642
0.005617927168318215
0.005524131173538227
0.005491922320666642
0.005383968922519133
0.005369097673098733
0.005273545287917847
0.00519336649533253
0.0050579566985914926
0.004954483932863685
0.004861109004081932
0.004797479816656902
0.0047255140588498
0.004667248284229042
0.00460501861373247
0.0045504581141565525
0.004479568430805325
0.004425704163495803
0.004390701495395777
0.004378904490086877
0.0043514961561669785
0.004311553577524385
0.004228245492112204
0.004128231938119231
0.004015736690502314
0.003930886365236641
0.0038330525857976916
0.0037710693601152867
0.0037311211167938563
0.003742565564245126
0.0037483097793127307
0.0037820034883349063
0.0037837914004247297
0.0037752808672070204
0.0037239264496290447
0.00366790739006434
0.0035861252953785505
0.0035378184039562832
0.0035160925178930325
0.0035191182484103356
0.0035225556198179575
0.003523932378395489
0.003507994384935431
0.00347736080098926
0.0034394523499349794
0.003390590261568349
0.003337895661680801
0.0033103737069921646
0.0033152591129703146
0.0033327102356595084
0.0033479816582633326
0.003350705926782216
0.003320023361056079
0.003271268652027759
0.003200902211224821
0.003113021361248469
0.0029941781122401756
0.0029224869231745387
0.002886549858430898
0.002897306412945111
0.0028940551958072658
0.002899690837826596
0.0028801469415291603
0.0028608358125870037
0.002826920097465657
0.002795241011939009
0.0027756530804202706
0.0027815363606636945
0.002791858589762719
0.002799619183719182
0.002793415602839411
0.002767644288072968
0.0027250195881018957
0.002678442877495524
0.0026254494939651485
0.002575238266636082
0.002546096342851023
0.002553423264733845
0.002563542296474486
0.0025935993723744666
0.0026066544416109005
0.002635544537733625
0.0026088399744459423
0.0025996252451868096
0.0025622192963479784
0.002528289876055967
0.00249459263339169
0.002484189840680162
0.0024748584659194384
0.0024589892074610153
0.0024273657050655206
0.002393842658687473
0.0023703164302337765
0.0023551918156861085
0.002342694525288014
0.002338692547264598
0.002349436384518344
0.0023707864282317415
0.002377204997675464
0.0023816630001423644
0.002370606820247423
0.0023710961006296882
0.0023520944830927037
0.0023629583092147355
0.002352372612943854
0.0023586415233058378
0.0023565713582111014
0.0023617265156814504
0.0023576882181215453
0.0023518513513700046
0.0023368579865675754
0.0023179587912449673
0.002298421025616948
0.002293343864736508
0.002290722382065291
0.0022891187613627295
0.0022790816654209567
0.0022616186421302586
0.0022335721018844623
0.002209101709196193
0.002187772767492324
0.0021719177896346586
0.0021609027200445996
0.002159594315930935
0.002158669017368775
0.002156938516776452
0.0021491353974419924
0.002135364840963161
0.002118554954529117
0.002109535416926378
0.002106986334002914
0.002110923920558061
0.002123899552139874
0.002149463951449937
0.0021722343363785868
0.002178596083129425
0.002171800300488913
0.0021617224721737216
0.002143510046007102
0.0021289507916144035
0.0021228965814981127
0.0021345018810125516
0.0021394976181249303
0.002150688347192009
0.0021601058121288874
0.002171679766878487
0.002169265796833353
0.0021590684394324766
0.0021489133977499186
0.00213750262133261
0.0021235201166196482
0.0021123110298376657
0.0021125205730597174
0.0021216664133159036
0.002128484183270274
0.0021311760930202706
0.002128953444046233
0.0021148399362685977
0.00208641520384506
0.0020581528932477333
0.0020463836725377327
0.002044339580970611
0.00204849214049474
0.002061978915288698
0.0020881609090174225
0.00211327273813261
0.00212111255711378
0.002116059537585313
0.0021089125556970068
0.0020959976269466774
0.0020786697340750004
0.00206566893877147
0.0020695329367068638
0.0020829397151963525
0.0020929775497419145
0.002099082894068127
0.0021074582142289744
0.0021113148612627586
0.002108154475198465
0.002087982868642091
0.002070299420934618
0.0020563736853641545
0.002049369221180597
0.002039134323158276
0.002030203400759323
0.002029716631518741
0.0020336270399135548
0.0020402209239400726
0.0020406562620095547
0.002042260452750022
0.0020425534102843645
0.002046842351007716
0.002055814648691201
0.002067729916621519
0.00207452294720345
0.0020761089154410772
0.0020760866640081588
0.00207186715815455
0.002060929599469463
0.0020387065081305944
0.0020160458881350873
0.002003168974334113
0.002000061821186838
0.0019970388024657115
0.001996708756927257
0.0019969031382285896
0.0020039090913606117
0.0020053533698688453
0.0020076631058014716
0.0020024333888718493
0.0019960104588002126
0.001978898683131447
0.001955140115069587
0.0019346912101082525
0.0019300681513276796
0.001933501184171904
0.001935795427621012
0.00193878530240027
0.0019400259064130676
0.0019351649411592509
0.0019263296937628294
0.0019137471586002652
0.001911035939362149
0.0019067335471792957
0.001904005144719001
0.0019008184694125352
0.001897128758349742
0.0018923761549578533
0.0018863693848190088
0.001882012804517219
0.0018777466284773947
0.0018719533784714582
0.0018638029893223163
0.0018582009366081564
0.0018610685725308773
0.0018722874814321444
0.001880174561557646
0.001884321608548789
0.0018887187012496254
0.0018901954891281658
0.0018847189968221878
0.0018637614456672447
0.001841362474096997
0.0018245985046883573
0.0018192123681980976
0.001812293635659712
0.0018027330635417282
0.0017895140459015524
0.0017759764015972679
0.001767656465398837
0.001765591378084408
0.0017632008943369026
0.0017602212399155936
0.001754166434883131
0.0017469363435269614
0.0017429732734280945
0.0017472176586853516
0.0017534851451172506
0.00175836765633125
0.0017618761177460307
0.0017686179949505387
0.0017760083207375987
0.0017815234959682735
0.0017756663361402913
0.0017663501493838107
0.0017579429399776636
0.0017538154557826813
0.0017463791072479529
0.001741109010635955
0.0017322629526575484
0.0017320507220200954
0.001727979616316988
0.0017335263822885194
0.0017295031834160257
0.0017310354499399105
0.0017328547840841924
0.0017430191190488387
0.001765521396706049
0.0017931708228783316
0.0018091408105167517
0.0018114585327120847
0.0018095598002206836
0.0018047466429074732
0.001795686175480371
0.0017826714314270742
0.0017707881499969824
0.0017679044684075218
0.0017685934607854503
0.0017713027669896686
0.0017717676601242682
0.0017726934063015398
0.0017696789790286327
0.0017638883557777874
0.0017505929049291824
0.0017415638419693291
0.0017335117779420095
0.0017361977698944764
0.0017364878794478011
0.0017422823488441042
0.0017486843707556488
0.0017647450520568153
0.0017684168557609015
0.0017740262724776357
0.0017570442500374206
0.0017528316614904282
0.0017494512041251187
0.0017435441578585453
0.00173760099893161
0.0017290405383326157
0.0017232332583066445
0.0017194880271067525
0.0017204737125511849
0.0017202380552198693
0.0017200294698154761
0.001721447492542938
0.001716959703794596
0.0017143498889352071
0.001700346502194694
0.0016919852102262323
0.0016793276748908736
0.0016777957371378882
0.001675182843294598
0.0016739682513760012
0.0016784533273281332
0.0016837060086553057
0.001702586554194807
0.0017070045821948043
0.0017171999124916404
0.0017137051874567821
0.00170996492140979
0.0017076302799178267
0.0017065938056338714
0.0017154041070243653
0.0017264175144969252
0.0017380213555127089
0.0017372155721380733
0.001738451684861142
0.0017353580053503515
0.0017324622185767025
0.0017247965699371814
0.0017173014185657975
0.001708649842299681
0.0017097049885504423
0.0017084321020309212
0.0017113556182347112
0.0017121143483453949
0.0017125736170016115
0.0017134367773375958
0.0017132705892312083
0.001716310901960283
0.0017154769258369562
0.0017236963074682143
0.0017187177448475532
0.0017224002288826479
0.0017248321965559477
0.0017285141356981892
0.0017343160455525197
0.0017372720246754403
0.0017374647489509232
0.0017212015682127046
0.001720357418422025
0.0017099864672979748
0.001713068279030061
0.0017186769852181594
0.001722948009618419
0.0017310879151526404
0.0017430593730355937
0.0017565210934835096
0.0017640908366212127
0.0017648758028909195
0.001765135245099192
0.00176419629269281
0.0017594778956317447
0.0017570625221364766
0.0017419614557021568
0.0017261964394257312
0.001697380217589195
0.0016788484064155784
0.0016883870741171148
0.0016811864576607993
0.0016813336495172804
0.0016748177558658095
0.0016687731187539634
0.0016559554798373788
0.0016392232014328378
0.0016136920756714135
0.0015992089385190589
0.001588192296052282
0.0016019709782756353
0.0015958238110188594
0.0016025150130389298
0.0016017651332598803
0.0015988393849741822
0.0015922583170361326
0.0015833172088486336
0.001576517227025842
0.0015800562925500916
0.0015894523092033208
0.0015972933170461112
0.0016007448153969595
0.0016012732283544606
0.0016034641962621166
0.0016006054329389952
0.0016039382152953086
0.0015881957969681726
0.001578096769039694
0.001564230725989657
0.001562470043239672
0.001557280884698642
0.0015536649590856544
0.0015537132102048101
0.0015553872796938983
0.0015580120369807493
0.0015624017256242184
0.001564385111971045
0.0015644809347710176
0.0015690780206452648
0.0015476176968569622
0.0015594985381288118
0.0015437625797566912
0.001539318883143459
0.0015413168164046254
0.0015403859147542498
0.0015459848752216176
0.0015470408057413065
0.0015486745117854195
0.001550471842086898
0.0015577385628786633
0.0015662081551169327
0.0015747796603483577
0.0015719177251731775
0.0015746157516367543
0.001576211675322181
0.0015819607455648255
0.0015854956026999933
0.0015856944052182187
0.001573874041227108
0.0015487466148357276
0.0015280523380945543
0.0015158201691703455
0.0015285144969530151
0.0015289329282101027
0.0015353339892691942
0.001534411479459763
0.0015320350390030657
0.001516354099891426
0.001490163640775144
0.0014679082750613248
0.0014507016345756685
0.001459353705712929
0.0014582942803109677
0.0014632193481443068
0.001466416088932665
0.0014673593151342534
0.0014678458620899781
0.0014659629247424921
0.0014570200443843606
0.0014452871951582402
0.0014315126674823708
0.0014225170456445002
0.0014233443062439122
0.0014144700383627584
0.0014178516319068857
0.0014181892278462005
0.0014230232747424743
0.0014240019597230869
0.0014308036750073638
0.0014238203461411914
0.001419762021414639
0.00140363509366781
0.0013961372210130607
0.0013935492751054324
0.0013917620041443146
0.0013964215579926886
0.0013974816889313346
0.0014028041456863316
0.0014054216982574697
0.0014092997634139737
0.0014062851800631382
0.0013967335530890024
0.0013786135099350671
0.0013646036139825513
0.0013567731568788766
0.0013559393916738327
0.0013561553948012173
0.001358432928375397
0.0013590998361144302
0.001360228374189587
0.0013580417328880046
0.0013549404912415741
0.0013452540309397687
0.001335993909272526
0.0013235967658222214
0.0013203534206046585
0.0013156895028708648
0.0013149268288109028
0.0013125284232505807
0.0013123742394409166
0.0013099361349476202
0.0013097000788666602
0.0013078571170346276
0.0013088884398843592
0.0013089189071942564
0.0013142683848513248
0.0013165020616703882
0.0013225012965791816
0.0013198105953171613
0.0013190515974602635
0.0013164374935570877
0.0013142051905615237
0.0013103901626393966
0.0013063331140429346
0.0012974085554496306
0.0012921782656173386
0.0012827628987737705
0.0012936967984941705
0.0012907989689419086
0.0012978883974838484
0.0012975802217651267
0.0012972303781031425
0.0012971625853361868
0.0012978096993112587
0.001299445121051901
0.0013030670416268597
0.001306314724624169
0.0013085774661347749
0.0012996723757701112
0.0012856004841927393
0.0012659427626691144
0.0012618487659487032
0.0012541950149890235
0.0012541434033273013
0.0012552478364417086
0.0012577668246189222
0.0012608881506538383
0.001265481345640751
0.0012636045195549284
0.0012613161722724309
0.0012470821607101223
0.0012478757127459827
0.0012410768689022356
0.001242059717567523
0.0012434145131515195
0.001244285503822995
0.0012456817849798019
0.0012451814779194659
0.0012451874921916017
0.0012368861498987527
0.0012357657624577079
0.0012202667906879294
0.001233124657418927
0.0012274551882006102
0.0012292293892516293
0.0012312250179948303
0.0012326574081903408
0.0012343230025131935
0.001233469701884038
0.001230339028884031
0.0012179018828040733
0.0012061444490011342
0.0011952400193537827
0.0011969593515419596
0.00119731816277735
0.0011994203411065385
0.0012018235009265688
0.0012038023913580331
0.001204987390967971
0.0012064762973270637
0.00120401020197608
0.0012038370185925018
0.0011984207683247705
0.001201875691451526
0.0011997381740810886
0.0012019885115400197
0.0012025498682056712
0.0012026335985915737
0.0012024666350705093
0.0012016889541386355
0.0012004655331917524
0.001200792840165943
0.0012039704982263477
0.001211212594306288
0.0012147093517193008
0.0012165115808339677
0.0012169838397307897
0.001217756404545911
0.0012185266062366695
0.0012191613240793986
0.0012191239566066714
0.0012167531631743778
0.0012118241460392642
0.0012058628443319952
0.0012034118098687152
0.0012021209222343732
0.0012021264521193675
0.001201413262033213
0.0012008976699369733
0.0011989013792726988
0.0011970967440812497
0.001192700263203228
0.0011931279427340735
0.0011926889416443154
0.0011968394488291456
0.0011969139315081145
0.001197145241633668
0.001198008794641492
0.0011986374758843898
0.0012000132934348873
0.001201484476181236
0.0012038063043672276
0.0012056656072872984
0.0012069112442990582
0.0012068942611918598
0.0012065569797176656
0.0012063141384821563
0.001206031852099998
0.0012059537348667604
0.00120596405619805
0.0012064817131505756
0.0012077879596427143
0.001210146588266403
0.001212459254324616
0.0012129890216868167
0.0012129281791545266
0.0012124047725010634
0.0012114411510495415
0.0012098799321045295
0.001207610159042083
0.0012042034431890558
0.001200149583095611
0.0011978978534279983
0.0011989226297473565
0.0012014359490658544
0.0012022337204126154
0.0012028251074476248
0.0012034265163649027
0.0012040948617861313
0.001204792185356185
0.0012058299425911634
0.0012065522579729482
0.0012069999742144177
0.001206359486909725
0.0012060128521815816
0.0012054877564039446
0.0012056223646354502
0.001205705017423342
0.001206331525087867
0.0012074508988153543
0.0012098636854184774
0.0012130143894016343
0.0012157910889265544
0.0012156313476501257
0.0012148856511825512
0.0012138819993898764
0.0012132168870984117
0.0012120460184145143
0.0012112860963491845
0.0012112893623971166
0.001214103291954649
0.0012195779464781453
0.0012254469804362511
0.001227295319003674
0.0012275696668179181
0.001226958873837003
0.0012261547163207598
0.0012245132646046542
0.0012220965242358273
0.0012187963246995115
0.0012156947607059876
0.0012150467317812996
0.0012168518383110505
0.0012184045112356712
0.0012189412904859975
0.0012193978726193766
0.0012196633471696083
0.0012200700083641602
0.0012206649101807465
0.0012222840071833274
0.0012249891196971507
0.0012282756054491362
0.001229839996935933
0.0012301346026654114
0.0012300224072691601
0.0012299802480018052
0.0012298445203535735
0.0012298239354804341
0.0012297179139153513
0.0012295784594033021
0.0012290662345293968
0.001228346653011525
0.0012276397858264065
0.0012273608127811864
0.0012271286896883837
0.001226784779055412
0.0012261727323095162
0.00122515359354336
0.0012234627347171845
0.0012210466821589994
0.0012189298779424762
0.0012183463871268119
0.001218781505347044
0.0012188882206551344
0.001219036870156509
0.001218821217086774
0.0012185104582251305
0.0012171390992341546
0.0012149018201098594
0.00121100673173552
0.001208553304807125
0.0012080889340652101
0.0012090684357990988
0.0012093178189990228
0.0012098700643772275
0.001210603041049696
0.0012115281446264947
0.0012127221544323552
0.0012133748013571921
0.001213177100500784
0.0012112922148451721
0.0012105630713095117
0.0012099617339562108
0.001210217354604859
0.0012103607814188955
0.0012112962479455258
0.0012130278373392867
0.001216555687064913
0.0012216898189941205
0.0012262448950111082
0.0012268198582042755
0.0012251870799681597
0.00122401273725814
0.001223197476682203
0.001221874286944924
0.0012202802943003799
0.0012179610068110969
0.0012154320633608329
0.0012134316516086985
0.0012146140011362605
0.001218137377525741
0.0012206111872240522
0.0012210697858167086
0.0012214531785146865
0.001221769806190931
0.0012223357495064202
0.0012228671846749584
0.0012236538010998999
0.001223917011893172
0.0012233517091888024
0.0012216997854889722
0.0012210158332965904
0.0012207751284337154
0.0012207515358173548
0.0012205513853714156
0.0012204793110252576
0.0012202431031871352
0.001220326697161822
0.0012205555140401558
0.001221325397080808
0.001222098946132455
0.0012228168577267384
0.0012227170450473945
0.00122283446730731
0.001222637293066875
0.0012228375220416088
0.001222605819974909
0.0012234284138803453
0.0012240013215610857
0.0012259478772126409
0.0012261415572521472
0.0012275693500098384
0.0012271652221360063
0.0012273762104385022
0.001228439946798332
0.0012293950808916487
0.0012313733939390281
0.0012335297524231348
0.0012351776757968391
0.0012336267505847487
0.0012304177536185401
0.0012275204201698253
0.0012270823523817809
0.0012266488031856815
0.001226191654817299
0.001225675192069009
0.0012254009070223337
0.0012254070572068065
0.0012261583156920053
0.0012263879664936028
0.0012270412552853882
0.0012262264394069522
0.0012269799486453459
0.00122641146471264
0.0012261887615921396
0.0012258059995475246
0.001226306583009762
0.0012272471420834985
0.0012306297423232415
0.0012325157720988744
0.0012362698626233182
0.001232638830757693
0.0012331840254287685
0.0012321134827562585
0.0012285477767668973
0.0012253638803313982
0.0012197308380485494
0.0012139193607054177
0.0012100305256193544
0.0012137909070911168
0.0012234200776734538
0.0012292469867534184
0.0012305447159438043
0.0012311255953129097
0.001231695679368372
0.0012318721691106371
0.0012315345802892952
0.0012293176149784646
0.0012250821703660986
0.0012182804863531405
0.0012161070352293413
0.0012162059015404791
0.001218563717725829
0.0012191167139257164
0.0012202767143216775
0.0012215794621759923
0.0012231997320766852
0.0012249887191854159
0.0012249232885761518
0.0012221804048110907
0.001216054343732953
0.001214207208676099
0.00121276118380359
0.0012129963536696708
0.0012129257049131037
0.0012128145732327456
0.0012115101835892261
0.0012096643755247771
0.0012059084312041057
0.0012037526982647817
0.0012029156111897366
0.0012051707851657434
0.0012052806586744236
0.0012057426109509661
0.0012073055098577035
0.0012085390110391225
0.0012105244122350145
0.0012124490396659415
0.001213553909755083
0.001212631669532449
0.0012100455511233066
0.0012086277486939578
0.0012077052447446168
0.0012079673251713663
0.001208024648561845
0.0012086581754905401
0.0012088614870471859
0.0012096983939610118
0.001208836834250382
0.0012077268329795943
0.0012043983415516157
0.0012045540144223765
0.0012035668273981392
0.0012039631644847337
0.0012045659951643306
0.0012053547930436226
0.0012063777116460561
0.0012074113762724492
0.001208182398801716
0.0012069822154849308
0.0012039176896352366
0.0012007258223383777
0.001200065313098797
0.0011996560548100943
0.0011997546636735024
0.0012001888100976466
0.0012004698407294678
0.0012009086693419158
0.0012012255891188928
0.0012011301017511578
0.0012002962222211755
0.0011993801384654335
0.0011992352164904019
0.0011991106739578927
0.0011992192626680276
0.0011994325260909489
0.0011999690470768098
0.001200930534172806
0.0012026206160636876
0.0012046077978878356
0.0012056162853125163
0.001205141419294009
0.001204536021075897
0.0012042680689133833
0.0012039504823374014
0.0012034455636815156
0.0012026484978194252
0.001201599771173345
0.0012003840756814599
0.0011998886818713195
0.0012010073892977369
0.0012034536691704067
0.0012046993231948355
0.0012050627196195096
0.0012051112932134345
0.0012053257558609087
0.0012054028160305985
0.0012057977162632239
0.0012061851587437111
0.00120730370581984
0.001208268563805348
0.001209731671560521
0.0012093911803584545
0.0012097467616973834
0.0012093877932969344
0.0012092182059084688
0.001208888452400081
0.001208720579776057
0.0012084414448272907
0.0012085985397341514
0.0012087670445946608
0.00120989746368666
0.0012101129490185158
0.0012108977007818655
0.001210486021208379
0.0012106085691991342
0.0012108158649656309
0.001211170135820061
0.0012119539893923337
0.0012133576191912798
0.0012159728313562157
0.001218920450562322
0.0012209057759491326
0.0012206077600768195
0.0012199484892402301
0.0012196456978949
0.0012194535107545312
0.0012191684291368299
