0.47393233116696676
0.46614808233638283
0.4360625308876275
0.36751243648829934
0.3587705188881233
0.33679155922223203
0.32146851334501136
0.3010701615736192
0.2927920272523804
0.2881144768601528
0.28444465380826667
0.2779520941089474
0.27227104988740214
0.2652798634791389
0.2605561225937122
0.25518955100846274
0.25148888568122674
0.24832552720273526
0.24562373188334186
0.24197998465866932
0.2380123347510783
0.23414206425492157
0.23082727997651475
0.2271901189986567
0.22375246121239856
0.22040236300359461
0.21745492328940408
0.21401224160239796
0.21011186430472073
0.20562079409661405
0.20124579831569378
0.19679233289801512
0.19290046749390577
0.18984474056250678
0.18724622345103947
0.18419122493849416
0.18069815638950038
0.1777937898034908
0.1755741589872265
0.17408671944852194
0.17196913524707425
0.1705434295196946
0.1681277387161807
0.16593763370621317
0.16337837125432964
0.16121337960070192
0.15864133183031903
0.1560175554432428
0.1525840848540011
0.1500119723089336
0.14788495353531006
0.14632317632370684
0.14467068684009676
0.14272589344820252
0.14082401336379002
0.13889007323183433
0.137099230244362
0.13540421496955812
0.13404556990608996
0.13279533140113875
0.13151802732052154
0.1301200495507514
0.12861456832986995
0.12712161269101596
0.1256759974124212
0.12428508689784423
0.12294302671180268
0.12174050994862384
0.12059287730587875
0.11958089838211561
0.11852153382433916
0.11738141720561313
0.11613247281743388
0.1144328743323656
0.11242479509812198
0.11039748271766747
0.10869797792950475
0.1075799208507523
0.10638087289467024
0.10559245172834109
0.10440931790852248
0.10350545134709077
0.10242628567286993
0.10112351166333589
0.09928743015934438
0.09739368065235288
0.09550466061627061
0.09388850158381279
0.09219411276871681
0.09125110166651595
0.0905858054074562
0.0901647402083221
0.08935303644281534
0.08787470044590728
0.08630325600385325
0.08503352775643369
0.08404121556609767
0.08277353408337118
0.08132769219617486
0.07977740895089391
0.07862799006719978
0.07771375352427068
0.07636800283848344
0.0753566296614171
0.07377740307980929
0.07200780548101882
0.07040381458495748
0.06839246650896802
0.06659717255031117
0.06495576089637023
0.06397156231792545
0.062680665159906
0.06151740824673113
0.059784797152406144
0.05827496723019454
0.05671295213955563
0.05486707812807079
0.053371570160161586
0.051853255338650595
0.050015221229282925
0.04881007329450637
0.04780124584005008
0.04657508830045054
0.04540238779466199
0.04431587880683774
0.04375092661798252
0.043031944033745884
0.04255304356582601
0.041519358839206655
0.040101008723343434
0.03906419481944834
0.038572896278174285
0.03816713561056595
0.03802194261633096
0.03765665638186988
0.037093468625410075
0.03636599500348259
0.035643369564373084
0.03496489585574303
0.034401675176792046
0.03389400191099934
0.03349497666082646
0.03307213358315464
0.03275274451707966
0.03237832231285287
0.03202161600253095
0.03155886718321477
0.03109236968391149
0.030592861400598692
0.030201368039324383
0.02996024739375025
0.02976779287472542
0.029526446490635516
0.029159757331601144
0.028711212457656732
0.028270275367964892
0.027920061069234392
0.02764510431759082
0.027439440035400997
0.02720442095351283
0.026944894687823795
0.026579797705134967
0.026132860245638656
0.02571021869067902
0.025381672098200414
0.025145124377222383
0.02494755161402762
0.024800975824954996
0.024701869547834487
0.024637935040213055
0.024567565058316698
0.024483137660679777
0.024354038082276652
0.02420997527283575
0.024041568882042785
0.02382153783112273
0.02357090600591205
0.023355905816692335
0.023211175296572906
0.023115545706850038
0.023023207319503247
0.02293763067994281
0.02286009398812916
0.02279449368539066
0.02271784336792304
0.02262217206236039
0.022506488623088683
0.02240574167985887
0.022322775244369653
0.02224291178962101
0.022163481221316506
0.02205150136904488
0.02195364342687156
0.021862405072150204
0.02179080132218214
0.021697350387108294
0.02159080385612211
0.02145485627851862
0.021317846638380766
0.021179019676546673
0.021049448273828042
0.020905422698224263
0.02076966083667131
0.02066884672499525
0.02061436985476639
0.020572923557602985
0.020564839219557762
0.020544571236248532
0.020539222902197896
0.020503797994887774
0.020455803690680452
0.02039611600971558
0.020337258936729663
0.020274009264344417
0.02020801610348477
0.02014819257511291
0.020108425455677925
0.020092285387185438
0.020074603583548623
0.02005812205089308
0.020011613607097356
0.019962170298103765
0.019883893599721758
0.01982855737217748
0.019759374699662824
0.019716746055878476
0.019656181184823596
0.019594915346702102
0.019500836535355726
0.019408758829893014
0.019317660498761824
0.019259828801551526
0.019204688048507723
0.01916497975906528
0.01912345914070135
0.019084079044610514
0.01905227899278128
0.019021808075485702
0.018994993122481096
0.018954014585653822
0.018919126120286567
0.01887508886830902
0.018858992288962928
0.01883300717755909
0.01881911702917216
0.018783433691055285
0.018754047600622492
0.01870931527273123
0.01867368565578653
0.018626184915710886
0.018604598159451813
0.018591600216906312
0.018612317970470582
0.018618777739553005
0.01864057469285496
0.018637188635544533
0.018632167042921255
0.018595693457618356
0.018552758051457285
0.0184964238440104
0.018466391459512566
0.018446068994358522
0.018447738376747402
0.018418023596042277
0.018396904757990717
0.018316015265201546
0.018266549015760747
0.01821394769643303
0.018181367658897774
0.018139689794161362
0.018112854067542594
0.01809745689732578
0.01810472175116784
0.018103015863971117
0.018092167330716502
0.018056974025443373
0.01800167367646066
0.017955643152802736
0.01792268097579741
0.01792479345654241
0.017917823957569023
0.017956575797712704
0.01792845705558277
0.017957021963724396
0.017924343158725153
0.017902639024421574
0.017874620474111036
0.017869149207865198
0.017861731981086648
0.017864429334794374
0.017850568975309122
0.0178253710057249
0.017764857412851165
0.01769120460787066
0.01761217718328434
0.01758054217181637
0.01754548845662296
0.0175394377629553
0.01751149343143621
0.01749253650387994
0.017453874147949633
0.01742723584606387
0.01740120787053967
0.01740182959667058
0.017392978925216518
0.017404230087645245
0.017393254191814478
0.017399894139551897
0.017369577091126076
0.017354268773388637
0.017322974771772914
0.017307376320028323
0.017281461073913706
0.017258486790538985
0.01723766432547369
0.017230098011245754
0.01722709076198481
0.017227250359933888
0.01722279713232122
0.017214563887399392
0.017194580951644833
0.01716898509083009
0.01714373539142644
0.01713461242639791
0.017131137523782702
0.017123774372175382
0.017115118021018505
0.017073296705058416
0.01704649786339274
0.016977837179952382
0.016984212077093996
0.01695897702787519
0.016941379651440935
0.016903822457015494
0.016858289380981106
0.01681786478200864
0.01679997085751317
0.016794566290332158
0.016791108683420708
0.016786523427557487
0.016779911990214558
0.016776697505381133
0.0167760959995068
0.016778954506009636
0.016783431865115772
0.016786695420877074
0.016791035281651157
0.016777740078932513
0.01676206683203252
0.016718431811819645
0.01670687304979912
0.016683718159485994
0.01666905591439971
0.016645147300959784
0.016627406142193935
0.016616356114772635
0.016624505251016664
0.016630794295035667
0.016642183246097786
0.016648980119097767
0.016653640240164136
0.01664786546314534
0.016631358924702244
0.016605587293484936
0.016583733341296036
0.016564481744152593
0.016553690951549793
0.016527039271742927
0.01651124719769881
0.0164652971766297
0.016473857291292915
0.016450975514214483
0.016456609313626136
0.016460808909146807
0.01644992919561661
0.016430407056130192
0.01639209410203113
0.016350399960192163
0.016318078440037964
0.016305225316975425
0.016305771213786513
0.016307485968483193
0.01631419821873481
0.01631329167307427
0.016314939498772385
0.016295466680247173
0.016284295210413746
0.016246673691188596
0.01624841685721856
0.016230504666883583
0.016218427113637968
0.01619822400311377
0.01617374025775553
0.016141197738063773
0.016115030874037983
0.01610746043445943
0.01610844119310717
0.016111146367780327
0.01610998592291346
0.016100737708094393
0.016082674893178495
0.016055396218810247
0.016036071586406964
0.01602745688827356
0.016032725443694718
0.016041353032982486
0.01604372513801189
0.016050893590524362
0.016037336924475842
0.01602024013873582
0.015979887656962677
0.01595475080438702
0.01594008495867727
0.015935560440747287
0.015931892508017742
0.015925386185158374
0.015916857912981697
0.015902486099661606
0.015888115637597955
0.015882797648678726
0.01586323505788967
0.015854917734492546
0.01580895766303192
0.01579644655788548
0.015754716505967825
0.015761429858022202
0.015757397628928582
0.015753996713693486
0.015740581465286674
0.015719448508228706
0.015677216723704257
0.015636361744666538
0.015598991403562468
0.015600644392697927
0.015594014935293665
0.015599053688445608
0.015595294183150088
0.015577557238465434
0.015551752294292842
0.015509962645678499
0.015479318946294507
0.015464186893095255
0.015461887149406883
0.015461432316553503
0.01545229333070941
0.015445837111053407
0.015420462803351964
0.015406258323181987
0.015373339763964933
0.01538320235626578
0.015372217012761258
0.01537947796852146
0.015376254249752974
0.015370229108606637
0.01535623002759745
0.0153389710661751
0.015317916627520134
0.015310787425804828
0.01530022265469988
0.015318530111604
0.015316029589998226
0.01531969604033745
0.015315928339670215
0.015306982995902385
0.015291367279484547
0.015267707389029161
0.015249348080747738
0.015243018721395662
0.015244770817508635
0.015244835125279965
0.015243432518224243
0.015234093341375488
0.015214668097277673
0.015172434675026714
0.015116498341025575
0.015062760103798367
0.01505787141265813
0.015050412545442926
0.01506216480646494
0.015072496843298033
0.015079127383975988
0.01506818747919858
0.015048223106887693
0.015020640666505991
0.015008232881676187
0.01500299439302144
0.015001414411958347
0.015007172319226658
0.015009728417072932
0.01501537569557343
0.015013017986566624
0.015005204719365728
0.014989554248337034
0.014978924216995426
0.014977772400270206
0.014977724652392665
0.014985176000047118
0.014986279468891084
0.01499482596249413
0.014982737705838023
0.014973867299132082
0.014954656385276599
0.014946634271108317
0.014949689125908439
0.014948827482784255
0.014952750516394775
0.014953043267865507
0.014949329440286374
0.01493783008598415
0.014917828169895953
0.014902543857805095
0.01489593029668057
0.014894277545217438
0.014895407902737579
0.014894166926970875
0.014896077312396616
0.014891426036929833
0.014889968556892952
0.014878938682222564
0.014874302888060464
0.014861587030616796
0.014866994167627712
0.014864468942038411
0.01486931011535575
0.014867355868906085
0.01487112706561633
0.014864960058199816
0.014863523755631824
0.014844163304969848
0.01483916626280768
0.01482614917781444
0.014825601247620779
0.014823836589268335
0.01482079387243962
0.014817451167677409
0.014808632075578365
0.014797194079395393
0.014772931545022683
0.014759930594401172
0.014743659861902292
0.014746493812201833
0.014745416729662453
0.014744341547525908
0.014740349812355169
0.014734004610882812
0.014723330963156811
0.014718959408519972
0.01470778857606081
0.014724931760703885
0.014714478383822893
0.014724674292290518
0.014718008361859436
0.014710346523810647
0.014699969355622011
0.01468727372668599
0.01467093517183271
0.014664147662364901
0.014661206404667282
0.01467267090329094
0.01467536849404194
0.01467900956498247
0.014677366585428508
0.014671425547775452
0.014663563816167735
0.014651568514945645
0.014633068227130619
0.014618534965660346
0.014600529505560678
0.014607761072818581
0.014602771386131308
0.014613026814444097
0.014613025802083679
0.014616059364032097
0.014612765537928896
0.014611334325588587
0.01460277565113921
0.014595293962761269
0.01458331622943898
0.014578005581686981
0.014571721166989682
0.0145712097334042
0.014569022864929893
0.014566127207768398
0.014559853158621294
0.014547483967554009
0.014526944231157413
0.01450380015641839
0.014486158232872137
0.014484919345516989
0.014487044428942775
0.014490294340725685
0.014493343791825541
0.014493285646464127
0.014491011468260262
0.014482040352898018
0.014468757745551009
0.014457134306080421
0.01444790366732851
0.014454458569670092
0.01445116502870869
0.014452789733279903
0.0144523442022636
0.01445396265641763
0.014454068480415971
0.01445786525433701
0.014461075387830036
0.014469618949079055
0.014471953356161138
0.014474771864504965
0.01447506516689101
0.014474156360820056
0.014474291244159554
0.014472402016754482
0.01446943530317546
0.014462977318735804
0.014455786505061963
0.014450455770087967
0.014448191947465383
0.014449288992787857
0.014449524602302977
0.014450572828807129
0.014450525824893812
0.014450442357440418
0.014448392581252967
0.014445933316785897
0.014441654358020029
0.014440552108706206
0.014440102666848809
0.014440568011103272
0.01444102669480729
0.014440392108065914
0.014439810828928867
0.014436804291590555
0.01443251765247
0.014424333450339555
0.014417917318528262
0.014413978911389402
0.01441622343660054
0.014417339265170526
0.014418386466957256
0.014419008582485016
0.014418875227828698
0.014418643318722335
0.01441805078695535
0.014417959304802053
0.014418494681322613
0.014419199067581712
0.014419703255958871
0.014419301593335043
0.01441906375786517
0.01441836646579564
0.014417686067527136
0.014416760845736953
0.014416015901302481
0.014415803277217698
0.014417358723090357
0.014420336190889227
0.014422482429358507
0.014422869773932145
0.014422574306500735
0.014422117605406792
0.014421339163399827
0.014420531278387383
0.014419272846816655
0.014418389145058219
0.01441756076051659
0.014418587446141107
0.014419104342713651
0.014420105280974038
0.014419501193386863
0.014419325386795467
0.014418484683886956
0.01441771087289656
0.014416565597165976
0.014416385280585087
0.014417552826435753
0.014420581422318723
0.014422163233699936
0.014423074285633053
0.014423109234688702
0.014423463229481737
0.014423527895500943
0.014423638731684396
0.014423328643421662
0.014422463339218372
0.014420842848982929
0.01441925938451305
0.014418631423250727
0.014418566476903982
0.014418624122569335
0.014418699395833623
0.014418784195397438
0.014418789096258822
0.014418528478963744
0.014417732968846853
0.014416119954510531
0.01441436971597565
0.014413266909410805
0.01441312516826665
0.01441304275493105
0.014413101339710077
0.0144129886409744
0.01441297128100194
0.014412666537063967
0.014412514551438216
0.014412080611531763
0.014412035774297505
0.014411759965179072
0.014411885303654337
0.0144117316757999
0.014411593936544564
0.014410881205129344
0.01440957895002093
0.014406848930947902
0.014403567657226835
0.014401022309433631
0.014401013385264672
0.014401423965669236
0.014402059929231936
0.014402606370636062
0.014403385123051615
0.014404293888477304
0.014405585809205146
0.014407120065116463
0.014408444871010673
0.014408512628042103
0.014407902405812134
0.014407477541922176
0.01440728300097971
0.014406934277322203
0.014406672027755918
0.01440638464401467
0.014406715285053218
0.014407762620784803
0.014409513400066243
0.014409984746632243
0.014410072542950347
0.014409819780270228
0.014409521812061565
0.014408735304024534
0.014407558742113524
0.014405370569398168
0.014402984897329385
0.014401288651198496
0.014401430507790636
0.014401693507537505
0.014401971133671698
0.014402059812192003
0.014402205948765734
0.01440188861064462
0.014401206171799075
0.014399263172730214
0.01439686702881593
0.014394788436030592
0.014394709115718829
0.014394846420972551
0.014395236421625102
0.01439564209840516
0.014396481241742753
0.014397257166610222
0.014398355362432502
0.014398522798775293
0.014397944597315693
0.014395822380511514
0.014395175159399809
0.014394724998430197
0.014394806548950756
0.014394660253400526
0.01439494377529038
0.014394914856567076
0.014394656824881169
0.01439335578194878
0.014391513765831476
0.01438971045384796
0.01438914682065684
