0.913384514358996
0.8989072639452483
0.833758952244281
0.6321323137412675
0.6051861493584796
0.5354080249073816
0.4538775876636018
0.393707379326308
0.354254187198202
0.30623353277609844
0.2841978313277743
0.25877691227803584
0.2406184448831425
0.2218233669097996
0.2081493074118721
0.190076217254097
0.1742597375867893
0.16184505187072368
0.15312635024308335
0.1444528967308461
0.1358448790138551
0.12925656683900305
0.12414920053717604
0.12007973238179837
0.11640199347256502
0.11376287268836416
0.11171710860832468
0.1104876970396414
0.10940357266866324
0.10869347047111738
0.10776927061117852
0.10683150973374222
0.1055077330227292
0.10406224482919257
0.10245056244669432
0.10078888393925117
0.09943841797932634
0.09835239630822878
0.097571872789809
0.0961668645091645
0.09513745258670508
0.09288998641216434
0.0909212637498788
0.0881988353150499
0.08619457586683066
0.08420807683615705
0.08284823345677733
0.08088461119176088
0.07958916440288838
0.07734939662657692
0.07524735824562284
0.07278023038733838
0.07096874316251794
0.06897861166713487
0.06720771892914884
0.0652449791717633
0.06358543323607452
0.06202129707790194
0.06051999807890596
0.05863970748414682
0.05681532554266011
0.05503340117609051
0.05350566621666719
0.05215940969503485
0.05098640429562151
0.049788613812255744
0.04860356224717266
0.047386218703847405
0.046316363658035764
0.045125929799660736
0.043988682512410504
0.04282982660181012
0.04182936184687791
0.04062308175743756
0.03945087578205453
0.038360957013132024
0.037539853537687295
0.0366246105640507
0.035890192958522804
0.03451299666540436
0.03335304758872831
0.032029037434420704
0.03132942731805777
0.030733960508793734
0.030511519649485175
0.030295608686295272
0.03030535476533386
0.029941593134469424
0.029569169080574498
0.02866807049337572
0.028005007342244093
0.027126776909119688
0.026683474802742024
0.026456951649385052
0.026544072414937836
0.02663680177016159
0.026557467935393098
0.026437542955571547
0.026127006583299583
0.025838007176466116
0.025389659449246205
0.024787698700051153
0.024626146821260186
0.023808435382703386
0.02327462502021177
0.02288180096212522
0.022839546624352836
0.02261360135612256
0.022504862365434364
0.02213029804202926
0.020960015284638034
0.019757683814665472
0.019207693032536777
0.018739028271191116
0.018310063335031934
0.017515472882581595
0.01713633363728595
0.016617867714259882
0.01621656096835966
0.015857113362600983
0.015491686475403887
0.015122921453542548
0.01457264094411903
0.013760661027016396
0.01296587499214591
0.01219331818068159
0.011997425995873223
0.011548156790773256
0.01124762711794719
0.01089610025757215
0.010575635184789323
0.010049713880564637
0.009618877129083714
0.009025274550124474
0.008698820515952943
0.008420732167689182
0.008360039715582746
0.008386061062887862
0.00838535231835208
0.008273776021795576
0.008082192846451952
0.007761444937736561
0.007491122215688317
0.007199641366354204
0.007033308660118531
0.006835516074222836
0.0067185748203061335
0.006561986057967206
0.006426415804390295
0.006220617815993201
0.00601935197649317
0.005861125759008434
0.005764074462948632
0.005758336881385939
0.005835045744931211
0.0059513979564219666
0.006049228743800594
0.006095033126580218
0.006044942597859815
0.005937612944297177
0.005901954701817258
0.0059357374739754665
0.00603377581840292
0.006126873311409375
0.006170213738976749
0.006136950530815755
0.006039846966206797
0.005872037538045771
0.005674323973120066
0.005452662167848787
0.005220250897557954
0.005011774656695278
0.004907060329424784
0.004870643874323122
0.004874930838375757
0.004876091415669692
0.004868937190153244
0.004840504059216821
0.004806034742927401
0.0047562748986993975
0.004696259322288454
0.004620202514082683
0.004547913864438091
0.004482982531000934
0.004432948798648084
0.004390481653818501
0.004363684935717371
0.004338942714538274
0.0043157144396542835
0.004291196752811144
0.004248641839457501
0.004202761621800832
0.004116613857968188
0.004046850387060319
0.003983027192793864
0.003941281064460234
0.0038876321096461552
0.0038340355895045697
0.0037788381273378135
0.0037547709073524893
0.0037428554755268295
0.003732853410226278
0.003707404938002812
0.003675885685274438
0.0036285142338118304
0.0035767404463897257
0.00348870606750179
0.003414534987887019
0.0033284404155590197
0.003262561034567235
0.0031945827032924257
0.003135682603533585
0.0030899190931139575
0.003062490041556676
0.0030442413347355757
0.0030279962802129967
0.003009941667342697
0.002979634028291267
0.0029455524822784573
0.0028960638456545507
0.002865130128486104
0.0028355971991327333
0.0028405421672406117
0.0028290858285644482
0.0028375880080412363
0.00282477241780954
0.0028305449460120924
0.0028283745676055405
0.002845959708016599
0.002856493514673375
0.002875659112345441
0.0028734256879568987
0.002871452326964119
0.0028446501145689695
0.00280221215960208
0.002747264799732807
0.0027041412166174394
0.0026867331498670044
0.0026755982424782054
0.002673791826388383
0.002658957354496394
0.0026542624558505423
0.0026330875773128426
0.0026297858591671774
0.0026119620243411634
0.0026101033861340994
0.002602865552070288
0.002615556392568996
0.0026185479804658462
0.002626524359092608
0.002603511259935354
0.0025756221822270664
0.002521095936325768
0.0024835216335805654
0.002426713739974884
0.0023887913783526282
0.0023499209347604966
0.002341380497947132
0.002334225818213631
0.0023376408256150505
0.002321794632830554
0.0023075138406223328
0.0022754297581825123
0.002268275435421685
0.0022441186994131
0.002280886336280652
0.0022980230722681183
0.0023279921847626506
0.002336475833292051
0.0023414389274475367
0.0023173240898098912
0.002277906250054751
0.0022250031140517157
0.0021898981983007326
0.002164714945731172
0.0021536541283267985
0.002152868217735582
0.002144822808000546
0.002130763151866444
0.002083901393323262
0.0020464398486286783
0.001968988927096793
0.0019676624869112147
0.001914090793727674
0.0019178205395654069
0.0019004755667462736
0.0018907274843623645
0.0018630157061172992
0.0018449725458523636
0.0018209884038469237
0.0018126499845840804
0.0018094263412802292
0.0018326408985966935
0.001864372380510293
0.0019091317596887647
0.0019185168124419283
0.001935979198118165
0.0019217983505089853
0.0019229567842455886
0.001908752584925788
0.001912259216350909
0.001906084881046044
0.0019079023351230573
0.0018919535739061466
0.0018879538253940287
0.001860378604582713
0.001846964701085252
0.0018072911156720162
0.0018063442492903814
0.0018027318759110678
0.0018236853737646497
0.0018300470698280336
0.0018420483145934474
0.0018435221586299844
0.0018369914639120855
0.0018206407003260594
0.0018102573475936024
0.001802957893511259
0.0018001856822619233
0.0017956396231284533
0.0017922658556553395
0.0017850770809284544
0.001781884481590057
0.0017770383761507857
0.0017737771099237687
0.0017732768409295385
0.001767329530991013
0.0017841018943069442
0.0017796421524552963
0.001824544792596361
0.0018048448584292998
0.0018195757690271375
0.0018211618859976797
0.0018324067335772631
0.0018463155366528206
0.001862371189019274
0.0018689771579378234
0.0018682655006367344
0.0018642165282029
0.0018545390869132983
0.0018383411909341785
0.001816565035817952
0.0017996220752388714
0.0017872200655430492
0.00177540439142565
0.0017619481553226013
0.0017408271155572863
0.0017301664659342686
0.001720300191340951
0.0017458288823530288
0.0017482205065694756
0.0017662375787580453
0.0017745885740306222
0.001786175885498953
0.001786781191313147
0.0017792929249155764
0.0017586993145618512
0.001744837771674168
0.001727077537050481
0.0017105167378830832
0.0016892097173540899
0.0016726572082458313
0.0016658724827749438
0.0016735625169636004
0.0016848905184802532
0.0016980768476613783
0.001702258889543895
0.0017174365269756464
0.0017121147114425583
0.0017248904691632982
0.0016831880678385702
0.0016849293301328117
0.0016700213910360029
0.0016604201319265766
0.0016632508459434314
0.0016680122137109343
0.0016852963290585055
0.001701999836719037
0.0017128681900604459
0.0017119540011913403
0.0017036137112315664
0.0016960546962186407
0.001681897076110106
0.0016700512446475857
0.001646201391082347
0.0016333849935638023
0.001612671147387057
0.0016320299200534016
0.0016229521313121387
0.0016369727502935638
0.0016444613161359367
0.001657279462600636
0.0016698027558226802
0.0016838472636426793
0.001691921552468667
0.0016894103413204187
0.0016840451915310917
0.0016781069602403442
0.0016737139798360667
0.0016733262025510065
0.00167606364523476
0.0016826871743871319
0.001681423258923731
0.0016755290354358854
0.001662606163719882
0.001649143664880559
0.0016409655221971131
0.0016243707513507455
0.0016234374553198982
0.0016197120371250762
0.0016387643588271494
0.001650047802630894
0.00165755822644309
0.0016554066035292525
0.0016475481108614853
0.001634569999398039
0.0016191579123868705
0.0016153262948151448
0.0016205436845039278
0.0016205840047476272
0.001633619731872371
0.0016298931308560416
0.0016551950310945696
0.0016413720513390184
0.0016614568485774361
0.0016430130500155737
0.001641680711536142
0.0016406785450813755
0.0016444722533708322
0.0016497117940332262
0.00166439082275327
0.0016682932026548247
0.0016723868810598619
0.0016519835575776742
0.0016504214644020299
0.0016401274769276553
0.0016368500745146952
0.0016393260148900302
0.0016446683718273625
0.001657197770411456
0.0016633031845598722
0.001664577572570658
0.0016603252638242028
0.0016551089532553798
0.001656371559865255
0.0016522788739109506
0.00166123938010021
0.0016506079902919302
0.0016542757236692185
0.0016200054894633942
0.0016159285255668565
0.0016010608940796867
0.0015984275571964135
0.001596558875736065
0.0015971930896174769
0.0015929398891892932
0.0015847870503475359
0.0015620797802756714
0.0015494061208765064
0.0015180313687451763
0.0015132865183276611
0.0015035107352349697
0.0014994342066068644
0.0014979291585088816
0.0014949752424084917
0.0014911997877690153
0.001484006063058152
0.0014767085872881003
0.0014696920176730521
0.001466228858160501
0.0014631144459918977
0.0014647654368385443
0.001470435413586657
0.00148832326927828
0.0015113472991699628
0.0015373571064715708
0.0015296068846688549
0.0015321690823665302
0.0015161260926284115
0.001496051991990377
0.00147140375195276
0.0014531502562787901
0.0014379616511258075
0.0014395838644113423
0.0014406139468294832
0.0014418993303471073
0.0014406171363294806
0.0014304582317647418
0.0014209389522837346
0.0014028308943061507
0.001383793426950053
0.0013645150512650028
0.0013585457197727857
0.0013584221046305522
0.0013553204523362172
0.0013519191071793557
0.0013388839246591955
0.0013285376492776502
0.0013053937131254356
0.0012989336053128575
0.0012902650501858126
0.0012976935415396351
0.0013003557742777838
0.001294382821814044
0.001292306889219219
0.0012839477783147535
0.0012760549076266114
0.0012669578599504572
0.0012598959780404373
0.001260500373488349
0.001263028531552246
0.0012646850045556768
0.0012640013451475363
0.001260424395938542
0.0012579264026975068
0.0012494176681859814
0.0012414643352843813
0.001221998462862972
0.0012086208498580664
0.0011959090878556067
0.0012006155183679201
0.0011919810212165372
0.0011920952662840545
0.001184231407705738
0.0011829104497195209
0.001172695770833232
0.00116707014230083
0.0011497877495528774
0.0011495821115869997
0.0011426343360179114
0.001150924336845216
0.00114904612841088
0.0011480233523960548
0.0011472446661329183
0.0011453661597134457
0.0011456540570000118
0.001143792320189796
0.0011510832243007973
0.0011494395877464925
0.0011578172661087516
0.0011521404090423237
0.001151619938846049
0.001150747720703782
0.0011514994032223447
0.0011520150516155514
0.0011528230056363498
0.001142042838395585
0.001135454882803033
0.0011039561503128903
0.0011063816554707229
0.0010920822889171067
0.00109599851143799
0.0011007706721206656
0.0011070879048422633
0.0011123505083191487
0.0011155546645779113
0.0011024411209466511
0.0010839303353225027
0.0010570716901181498
0.00104728471649973
0.0010407374566915317
0.0010407160102002821
0.001044714610027031
0.0010493151275015045
0.0010547266790041365
0.0010620768996314478
0.001060996528113034
0.0010645869038871103
0.0010492654360191866
0.00105077206814852
0.0010387786818966127
0.0010371559065338598
0.001031929471693116
0.0010317602618415966
0.0010265511893398083
0.0010231574714371083
0.0010132781193070706
0.0010100296955966592
0.0010076076990712668
0.0010110581260993623
0.00101014468879701
0.0010109789733063757
0.001011727597538925
0.0010144345872094007
0.0010193130799858174
0.0010284831990940435
0.0010384535306942055
0.0010463766168932187
0.00104323630884251
0.0010394353004649082
0.001034958829280952
0.0010301606917221262
0.0010275675091638847
0.001024786583672832
0.0010250774672505014
0.0010269451323473566
0.0010291155935994167
0.0010339448766287784
0.00102588721589425
0.0010282431315672413
0.001025543611100077
0.0010247571722415971
0.0010209336709994243
0.001017006813753496
0.0010069715586047412
0.0009956390465946097
0.0009797608320294415
0.0009733095473667408
0.0009688349563147236
0.000967779476026942
0.0009680369980454295
0.0009669035461851161
0.0009668075063219428
0.0009658724408789787
0.0009660612547340297
0.0009663603492733319
0.0009673285105073481
0.0009678853461581038
0.0009661611177143037
0.0009655760681849812
0.0009641394828588945
0.0009635483624828578
0.0009623595038923405
0.000961821462758139
0.000960037444987405
0.000959563335346858
0.0009577119837101966
0.0009572333749815476
0.000956477431245828
0.0009558035985058888
0.000956137692861514
0.0009562872781280207
0.0009584166830899354
0.0009610526976267519
0.000966592368703445
0.0009701269335422591
0.0009721649474661032
0.0009691942428929901
0.0009678180415949034
0.0009665911768454993
0.0009657327836112839
0.0009655119346894114
0.0009650635262965501
0.0009643637708664499
0.000962306721961681
0.0009592269706126255
0.0009567849958942443
0.0009556680180584642
0.0009559054362653363
0.0009560527571959021
0.000956629771897588
0.0009571325210625536
0.0009577398295066986
0.0009578541398855278
0.0009569278412660531
0.000953763685923259
0.0009493709955352703
0.0009465701646440561
0.0009459851612882986
0.0009461870100712089
0.0009465317997014999
0.0009471312631744722
0.0009476055304855624
0.0009482080834462003
0.0009478780631018147
0.0009469280369781008
0.0009442347189441702
0.0009429042313174874
0.0009417035035336196
0.0009422363269131484
0.0009423191882061976
0.000942977892956498
0.0009433895415652538
0.0009438087806044049
0.0009427199854461499
0.0009399689114291676
0.0009358351931065823
0.0009338849864941601
0.0009328933601870926
0.0009328113033957308
0.0009323846890269549
0.0009321969454691437
0.0009318471397825601
0.0009316960547963715
0.0009317778028756774
0.0009324613582054053
0.0009334250801179
0.0009338598858240066
0.0009338810756513438
0.0009337945215672216
0.0009336701275858283
0.0009334944252804567
0.0009332999393392161
0.0009331757613516012
0.000933271741752395
0.0009339368520919211
0.0009349177334313508
0.0009356983978515698
0.0009357563369327693
0.0009358028710145794
0.00093570012822497
0.0009357398292326735
0.0009356080325463867
0.0009356083082370237
0.0009352230633998815
0.0009350115818138605
0.0009346492271401496
0.0009348074665520012
0.0009346530834057898
0.0009347778011385977
0.0009348525515708861
0.0009354342102472213
0.0009364611735148687
0.0009386952127511394
0.000941315968330525
0.000943352637750916
0.0009431721374981716
0.0009427186276318444
0.0009420616753150757
0.0009414845020076501
0.000940649038571939
0.0009396233813230292
0.00093808832317821
0.0009361086785136807
0.0009342114665135681
0.0009337522403229936
0.0009342433707035247
0.0009346440460428207
0.0009348192581077885
0.0009351174536589291
0.0009352680431403693
0.0009352978321578442
0.000934473379531453
0.0009327452254391244
0.0009304947566062816
0.000929863264633124
0.0009297460530870438
0.0009299822198303165
0.0009302387697382453
0.0009309358467293749
0.0009319077970260659
0.0009336969798833805
0.000935487346134245
0.0009366666794976553
0.0009363231560475249
0.0009360190959859516
0.0009357251027329871
0.0009356054431833849
0.0009353934384435103
0.00093555764205
0.0009359039964756954
0.0009372062956808369
0.0009387287621457352
0.0009401755185693972
0.0009400538955582904
0.0009398780192018674
0.0009394612722476436
0.0009389936469549331
0.0009380179529427934
0.0009369183301298767
0.0009351507149325533
0.0009338911271177808
0.0009333780655278456
0.0009349887707353344
0.0009355322812932276
0.0009359553142455068
0.000935829599065463
0.0009358721340383402
0.0009353411168445125
0.0009348144793934754
0.0009340190983614383
0.0009339719230180288
0.0009349525328222752
0.0009365067855066078
0.0009370228436340056
