0.0664205269386633
0.04607059135398728
0.02289589035781281
0.017690272601816104
0.009893419851185858
0.009618164792302597
0.00895168556429804
0.01169142187356309
0.14102534152116808
0.16793557273575865
0.3507909630983175
0.23982631223705086
0.6251114145336096
0.28659863652303685
0.12832425032547645
0.14343295826444125
0.13212351951115076
0.09132759208476193
0.05960735617978141
0.0595332856155224
0.05485471411423304
0.04919207681950544
0.044159530208719766
0.03977269938602068
0.03744956588506121
0.03577154298314722
0.034268298375560335
0.032848282789280536
0.032397387002117806
0.03229667280685489
0.03200214598814044
0.0310610258941717
0.030356637805786457
0.02953784938533688
0.028923838219603204
0.02819256354796118
0.027685691941725432
0.0272297632979549
0.026708305456927706
0.02627199693108806
0.02598147769812187
0.02601586257192101
0.025940768398435177
0.025880518576221867
0.025564598377185277
0.02528658419427099
0.02489481739978172
0.02468201786062485
0.02453678265207293
0.024527237903500754
0.024490432048137167
0.024421970931948866
0.024280594571939207
0.024146361584949205
0.024032454644878798
0.023977708819014842
0.023950979909824754
0.02393258905889384
0.02388820658019042
0.02380133970959941
0.02366771672451584
0.023514867744490187
0.02337203507056551
0.02322918033704624
0.0231026594575634
0.023008120176493008
0.022968981706099623
0.022929344334295276
0.02288919118559718
0.022801915094464498
0.022735252663333982
0.022627676770230254
0.022554353327984167
0.02239599718149099
0.022332345315961066
0.022219640577626043
0.022198876726434502
0.022124755456558787
0.02206051015505872
0.02195529735353685
0.021849328767717724
0.02171034482106926
0.021580079003919117
0.02147788541076523
0.02142454270609584
0.021361568129821595
0.021266546636609096
0.02112006778354425
0.020996460465164013
0.020916792297087095
0.02087059982685524
0.020801993601430202
0.020732594866479936
0.020676120570668366
0.02066833661184475
0.020651497389732487
0.02063629582897819
0.020582749155337865
0.020533593674199047
0.02045345948720534
0.02036815878075371
0.02022359313703126
0.02010250470552377
0.02002452723984871
0.02001569750965082
0.02000527703534305
0.020004930929354625
0.019979599494104994
0.019952202387482187
0.019906852554047783
0.01984148276858988
0.019751497988109157
0.019680068831593567
0.019652796945352602
0.019647603061931807
0.019641491730673866
0.01961996768215979
0.019574640421643696
0.01951714485319822
0.019456205707978458
0.01938312773443207
0.019300259780693718
0.01925028941377116
0.01924063211025029
0.019263048350144474
0.01928990018408383
0.01933306640189647
0.01933890002143368
0.019333744293325572
0.0192929011848767
0.019260943487026783
0.019210765691156317
0.019187390694153428
0.019169256980188787
0.019162708295626274
0.019144058015889365
0.019113652403179637
0.019070566233151287
0.01903044960429645
0.018985101878790767
0.018937577474195444
0.01890462574839258
0.018900546862228973
0.018911740606094907
0.018927618950229208
0.018932657325230196
0.018919899857144373
0.018882324642437998
0.018845856009487072
0.018779239347638366
0.018714352664390255
0.018632793905831835
0.018623112119029672
0.018608065032933108
0.018618711434637447
0.0186100401674002
0.01859303918118327
0.01855815373867209
0.018528151316717145
0.018501055605428585
0.018487768344258138
0.018487496128679948
0.018491591957494502
0.018490068490609524
0.01847566207856033
0.018435345639397416
0.018373125368918775
0.018316052816699346
0.018290844133419304
0.018271358187614495
0.01826080754092374
0.018228962121505377
0.018215120603859325
0.01818192603592872
0.01817901563769897
0.0181590149495362
0.01814107566380163
0.018114125570946493
0.018100382481978206
0.018091488141795953
0.018088709401196112
0.018083805704949163
0.018079869566571594
0.01807048358433605
0.018065279461842
0.018059048200280148
0.018056561081865374
0.018056524265620433
0.018066699462697677
0.01807748574153767
0.018087460513998344
0.018090789455986744
0.018088835749137888
0.01808026891963499
0.01807440221997103
0.01806894379707491
0.018065020854514557
0.01806156059775077
0.018061023465262838
0.01805858417906092
0.01805277902612412
0.018037214158511894
0.018002557217103976
0.01794617460854986
0.01789715317712659
0.017877974044642975
0.01787815421802641
0.017879296528229727
0.017879836178047337
0.017868208265095165
0.017850445843564766
0.017827225032401084
0.017817011569120078
0.01780016530187678
0.01777996345014976
0.01775224251320673
0.017741454068575968
0.017745687635940977
0.017752561990471483
0.017759131769834458
0.017763793839754904
0.01776070457962431
0.01774643318643776
0.017729581155261687
0.017719228712999913
0.0177128301645606
0.017707763112170594
0.017709423532231705
0.017722567281783452
0.017740137138848033
0.01774685157085565
0.017745242302804054
0.017734564532384534
0.01770845556530254
0.01766304122066864
0.017620675757703874
0.01760474056039485
0.017606780246004594
0.01761130416997514
0.01761822690848025
0.017622826651095047
0.017616532666363427
0.01759532970014932
0.017573582816428956
0.01756004217539786
0.01755032643435206
0.017533906314369463
0.017514430287094318
0.017494545852462795
0.017495713726155215
0.01750460183291702
0.017514818420556466
0.01751793934555168
0.017518570856838167
0.017510247371646637
0.017490556777238875
0.017473511321869584
0.017461686092505646
0.017458577433656086
0.01745306174821215
0.01744465834153286
0.017426457434944753
0.017400352562721655
0.017375084590380396
0.01736175189555833
0.017356701082179016
0.01735224960491033
0.01734754286350204
0.017342388402943998
0.017344368745922267
0.017353181107941373
0.017360796391119315
0.017361585847458283
0.017361379366401586
0.017354621538609005
0.017342369038149008
0.017322773314734752
0.017314136990049023
0.01730877177879009
0.017311420175052605
0.017312588274795426
0.017318290878449716
0.017323757568518006
0.017326400794054564
0.01732209798432527
0.017315646852875788
0.017311064214667216
0.017303348371350835
0.0172924144726484
0.01728221747616676
0.01727746898533078
0.01728356487227445
0.01728377842424711
0.01728629994369013
0.017285703327843516
0.017281392721871125
0.017275202476060403
0.01726975363607819
0.01727015005071153
0.01727233072443468
0.017275004969504737
0.017277570666444086
0.01727904261521751
0.01727301765146294
0.017257522494724564
0.017239150805473558
0.017228751183427704
0.01722292260245184
0.017215013136957058
0.01720633906061997
0.017199342510847204
0.017206454472105337
0.017220487347763824
0.017234143968175797
0.017237685689849513
0.017241298956659934
0.017243457107960936
0.01724468348143715
0.017243638187243948
0.01724195493829317
0.017239681506099558
0.01723981011528941
0.017239918485129957
0.0172400761656748
0.017236677499811393
0.01722708896978775
0.017213072597074275
0.01720293243287696
0.01719650539142814
0.017191195733680553
0.01718028646581027
0.0171643588569802
0.017146245466889698
0.017140607352252646
0.017144173708947386
0.01715034982356467
0.017152462574419602
0.017155797141005347
0.01715338547525891
0.017149787567454666
0.017136590540445362
0.01713244130641678
0.01712389221480548
0.017126337006309722
0.017122506912583324
0.01711542903619223
0.01709551702050871
0.01705906969290405
0.01701972081299985
0.016998439112733355
0.016994275902393108
0.01699468706991991
0.016996298332713322
0.016998679508436254
0.016999532666284067
0.016996422562120528
0.01698901644330275
0.016984200913127023
0.016979811485921648
0.016977598869822308
0.016972913552231406
0.0169671325916817
0.016958896781832156
0.016955218829176055
0.016952748977043797
0.016956397621857633
0.016952245360816742
0.016950394716615746
0.016940843694857266
0.01692662526592892
0.01689679631213925
0.016875245367725555
0.01685587240911568
0.01686673213705181
0.01686892069915813
0.016870576805968707
0.016872303934498456
0.016870630590898883
0.016865316887569648
0.016854255309188604
0.01684623010984665
0.016840814274131533
0.016839723674535678
0.016838688996228757
0.01683466225403918
0.01683292308055384
0.01682414678005828
0.016824862419484665
0.016824003392777453
0.016832485942679276
0.016832193802997164
0.016833039341364153
0.016830608767609223
0.016818913380353795
0.016802171683134914
0.016770503706448614
0.016757921074841864
0.0167445654892473
0.016746664090949936
0.01674855866385061
0.016746213320633307
0.0167391901942473
0.016716239411751044
0.016690038342185187
0.016669614985355574
0.01666741279311401
0.016664937455667883
0.016666252738998022
0.01666503433646449
0.01666426870232074
0.016658006926141056
0.01665214917774227
0.016642858735162136
0.01664141896998328
0.016637332688622775
0.016635383370913526
0.01663216532346723
0.01662758280409793
0.01662011390515883
0.016605969621129257
0.01659559061046123
0.01658183720773676
0.016585269064762986
0.016580637092473594
0.016576697708738708
0.01656849956339157
0.016555149828521576
0.016537546496450006
0.016518459014844722
0.016519907117728883
0.01651448203060324
0.016522878679225417
0.016518491297167093
0.016511352274965807
0.016504321561245372
0.016490981983637187
0.016468766794121126
0.016441079933109726
0.016421176455055142
0.016413230067025775
0.016410035982554527
0.016409238724578112
0.016410663485943
0.016406971577569873
0.016410695509912032
0.01640838478737361
0.01641644914088214
0.016419758644104054
0.016403422195867212
0.016407587962037673
0.016405270743447442
0.01640872291229023
0.01641092526319643
0.016416689639133675
0.01642117078588723
0.01642737854875953
0.016419075179938347
0.01641233251114038
0.016390165838896298
0.016393169357627246
0.01638446532867832
0.016382444187801104
0.016379684164870456
0.01637681969882021
0.016368984560753974
0.01635411175233359
0.016330717076755263
0.016308947750898972
0.016294767340974237
0.016287561404124795
0.016283608265850846
0.016277640624757006
0.016274439506680505
0.01625860599594997
0.016252820106029242
0.016229379066344918
0.016213480257921797
0.016203732116081504
0.01620526343968809
0.01620685829233437
0.016204625956684815
0.016200594751644037
0.016193839474869187
0.016182826139083395
0.01616856009232115
0.016148000346410174
0.01611705309500211
0.01611866172272569
0.016096848930301833
0.016108439249483686
0.01611023293477598
0.01610551715709263
0.01610222402664585
0.0160912237880535
0.01608031566638335
0.016061193242702276
0.01603421736080235
0.01600199955493986
0.01597782686900817
0.01596191256507451
0.015961163816839097
0.015954840341361187
0.01594864063540946
0.015936321988221036
0.015922408637868757
0.015903087599212107
0.01588229759372728
0.015868213650395036
0.015859554544039756
0.015850097829180787
0.015829946487695423
0.015825551026896867
0.01581450147892305
0.01580936182305015
0.01580034152737142
0.015795244457885382
0.015791796050702578
0.015784260261890393
0.015779862701802205
0.015759499284122347
0.01575402178388663
0.01574505739815224
0.015738717296736926
0.015734020827316564
0.01572564630302542
0.015712451252710036
0.015698389235520693
0.015682327071130375
0.015671255307555976
0.01566558080820102
0.015658363435746114
0.015664165446190648
0.015658765942017316
0.015656473172154906
0.015648729729184407
0.015642906641385235
0.01562887923507683
0.015625945913801953
0.015618262266570038
0.015624110600076069
0.015625532110935425
0.01562534087682299
0.015625768372159676
0.015620086223563145
0.015617858977687193
0.01561082221484289
0.015605002301766646
0.015595288224471315
0.015588302827937328
0.015583862925884318
0.015587857542842976
0.01559269179034306
0.015596344813591623
0.01559521294741939
0.015593686676976026
0.015590337873877202
0.015588439186638436
0.015585502043277355
0.015584666007807724
0.015582653218163545
0.015584591167223105
0.015584534936278316
0.01558908063702924
0.015587607061036013
0.015589678352330494
0.015588871943995386
0.015590204776744332
0.01558957910608294
0.015591165997584366
0.015590099603272067
0.015589646208095775
0.015584425264002388
0.015577228156404055
0.015562366538280914
0.015551892376006626
0.015541644471451121
0.015542804891151119
0.015542784875709703
0.01554462664566858
0.015545941217905201
0.01554825781549618
0.015549445969171849
0.015552980736339261
0.015549412229367898
0.015548224624791773
0.015528818788769105
0.015527715802115094
0.015518921594488533
0.01551826164234571
0.01551786993145754
0.015517252730715914
0.015515596402512544
0.015512271708345127
0.01550552497620572
0.01549651570076438
0.015484614751273273
0.015481250757741205
0.015485320078940434
0.01550009146601361
0.015502478758147697
0.015509283232385207
0.015508572609454041
0.01550633675439117
0.015502332732168278
0.015495750260994812
0.015484949013432225
0.01547661003090628
0.01546735160758006
0.015473642867238069
0.015469538822293405
0.015475139361415535
0.015473629802317035
0.015471822295346827
0.015470491565235722
0.015468081404957479
0.015466449321748565
0.0154620048273989
0.015462669775327398
0.01545429787296193
0.015462856994324037
0.015447039773723525
0.015451624870365999
0.015449356109149992
0.015446933942551921
0.015444991377028705
0.015442211197115197
0.01544066066448535
0.015438928273131758
0.015443821579329664
0.015448139919301163
0.015455190346478909
0.015452248910137856
0.015451420404956728
0.015448899940047833
0.015445901685183339
0.015443006984608432
0.015439926501060075
0.015434929402052155
0.015431862986542089
0.015425847097245149
0.0154268220251913
0.015421249094329625
0.01542254340340976
0.01541992266338088
0.015419140619565064
0.015418819010197815
0.015418509518078438
0.015418250993361471
0.015417394293621434
0.015413590300258795
0.015406456399843949
0.015396765039146665
0.015392498072412275
0.015390486425214345
0.015389872785734005
0.015388862703378026
0.015387710958999046
0.01538629877264619
0.015384775767712133
0.015384436683730462
0.015386076400404902
0.015389821186099661
0.01539155634865308
0.015392672182436007
0.015392548986924104
0.015393069105753332
0.015393213124831884
0.015394450384100478
0.015394730083592933
0.015396646925757373
0.01539364827469647
0.015392725072933322
0.01538822542327889
0.01538805890226691
0.015387745780007678
0.015386709090004835
0.015385830471120077
0.015383937517142399
0.015381487857214715
0.015377477779915272
0.015373575114676519
0.015370894107178734
0.015370397544052117
0.015370588967367094
0.015370742382270097
0.015370900093621409
0.015370765080937154
0.015370336020111508
0.015368981732420739
0.015366280852103675
0.015362392818074389
0.01535923272774431
0.015358480900603655
0.015358487451964553
0.015358965046488038
0.015359825381262238
0.015361206149340112
0.015363128875513277
0.015365879637590507
0.015368882099957903
0.015370000817718665
0.015368327752185218
0.01536563821341752
0.015364798325178453
0.015364178263943207
0.01536351622182941
0.015362752322271467
0.015361830750706518
0.01536031928725301
0.01535867356119247
0.015356941456170836
0.015356573754059744
0.015356554989168547
0.015357011025773137
0.015356849376150006
0.015356713969407743
0.01535597561786739
0.015354603148014734
0.015351675099859463
0.015347683856691163
0.015344052411079723
0.015343790070781238
0.01534443840358013
0.015345410689931671
0.015346028755332086
0.015347089220292931
0.01534761350106173
0.015347140557914085
0.015343530810556616
0.015337129326639998
0.015330681104057553
0.01532866028105051
0.015328348331551833
0.015328929424577975
0.015329666157202548
0.015331149455826032
0.015333219772411644
0.01533584339264471
0.015337938113189287
0.015337680275128385
0.015335467940925773
0.015333815601389134
0.015333241618765148
0.015332733203461846
0.015332378394907309
0.015331786244054846
0.015330802459462944
0.015328437593151278
0.015324674695116003
0.015320531868747711
0.015318650444704485
0.015318294579323655
0.015318379558701856
0.015318366253877058
0.015318389087821238
0.015318157582170366
0.015317745795133897
0.015316979527935093
0.015316414569812031
0.015316455002151952
0.015316968894930616
0.015317208357181755
0.015317412229765903
0.015317699734632484
0.015318192647500561
0.015318964534835722
0.01532015774183526
0.015321734960007327
0.015322898792990203
0.015322917927156232
0.015322332569397634
0.015322194800654665
0.015322019060929448
0.015322174244517095
0.015322350214870828
0.015323415157725284
0.015325049694912884
0.015328064126388763
0.015329795039884853
0.015329992299575657
0.01532896611366441
0.015328702131797822
0.015328123165807561
0.015327324550091226
0.015326252296460785
0.015324739157755563
0.015323503893365675
0.01532297245972547
0.015324388538320965
0.015324991252063547
0.015325570034592007
0.015325296903189178
0.015325108173068647
0.015324058038393651
0.015322056838691145
0.015317952278500635
0.015311813065336244
0.015306114689021544
0.015304892422753014
0.015306366114402947
0.015307510253118495
0.015308299387630231
0.015309563513343782
0.01531103248058352
0.015313061819015483
0.015314974215778099
0.015315879883858408
0.015313437723024736
0.015309209772555676
0.01530656627094018
0.015306075140447684
0.015305660563659784
0.01530526461733095
0.015304522903865747
0.01530358933576692
0.015301994859739931
0.015300455280982894
0.015299777002837689
0.015300826070094087
0.01530138170997819
0.01530159496135386
0.015301585722314326
0.015301716675201193
0.015301630598167915
0.015301493574045533
0.015300579808889325
0.0152988057991712
0.015296106602044057
0.015294094740967767
0.01529303890981426
0.01529308669173235
0.01529293221529937
0.015293025986976683
0.015292598156708581
0.015292285301924835
0.01529034273283103
0.015287965131243642
0.015284317359938404
0.015283390701327337
0.015281817443359214
0.015282185613908483
0.015281942416285776
0.015280735047949912
0.015279588920921072
0.015277075516024086
0.015273847377139549
0.015270273577672633
0.015269766110580507
0.01527183954255984
0.015274456955438387
0.015274850417138608
0.015275244917722142
0.015275594361979006
0.015275881103207656
0.015275659135692732
0.015274616584146528
0.01527206740665532
0.015269829021679948
0.015268025671797303
0.015268519009239645
0.015267707997467794
0.01526823344912931
0.015268347736099197
0.015268446847009565
0.015267384534337736
0.015265206446985147
0.015259714373758726
0.015255431319542101
0.015250280437638652
0.015253563144078441
0.01525295122234005
0.015253988318548517
0.015257428282447583
0.015260427836285895
0.01526555553792619
0.015270361439937874
0.015272484675943554
0.01526685033762576
0.015256246311007637
0.015250212228675286
0.015248875599289224
0.015248251938117074
0.015247557830699643
0.0152470714057793
0.01524672523791648
0.015247513786559419
0.015249402744239915
0.015253730205002536
0.01525454449859509
0.015254122157510097
0.015251706267132903
0.015251114998151905
0.015249860839089413
0.015248395527437841
0.015246397869407735
0.015243797968738093
0.01524239769455471
0.015243423791246768
0.015248529562638558
0.015250137050893398
0.015251530097812438
0.015251269325863182
0.01525123168013609
0.015251141919956135
0.015251948220344258
0.01525281929651745
0.0152549956707424
0.015255643051202639
0.015255823167513394
0.015253436816557109
0.015253290345291992
0.01525279663618384
0.015251107315755852
0.015249703735593756
0.015247282432604203
0.015244507575077226
0.015241898575336088
0.015241136638558084
0.015242719485207723
0.015243884221300963
0.015244770882071546
0.015244489207526302
0.015244388520454066
0.015243650658103403
0.015243224451712334
0.01524188439687757
0.015241825081120486
0.015241803055143444
0.01524445072052194
0.015244123623906591
0.015245086060424295
0.01524467843797972
0.015244050266348008
0.015243210028206722
0.015242087743713939
0.015240832800332615
0.015239614885640851
0.015240098238810562
0.015242483271823537
0.015245371417849873
0.015245973036030924
0.015246371568125472
0.015246265522512403
0.015245796455630178
0.015245465794236801
0.015244893209454213
0.015244317524287787
0.01524397384315368
0.015244376581344365
0.015245096578728634
0.015245203825887454
0.015245322039703968
0.015245207180311748
0.01524497221463561
0.015244383183949384
0.015243302007997617
0.015241367618490709
0.015239008544847166
0.01523767947536736
0.015238036542544298
0.015238623613979319
0.015238887635220522
0.015239198689502742
0.015239685834307903
0.015240439225046587
0.015241384718315043
0.01524237896226921
0.015242495797147648
0.015240971616328869
0.015238319485339824
0.015237030442401545
0.015236659995710222
0.015236605158177152
0.015236375817039294
0.015236265598202126
0.015235791623920192
0.015235229229361713
0.015233777076136601
0.015232368985579892
0.01523058922052034
0.015230833143206168
0.0152304634388164
0.015230817315870504
0.015230978164793574
0.015231283237957527
0.015231404865624243
0.015231574095979972
0.01523120093200181
0.015230692019392422
0.015229244451713253
0.015228890118320626
0.015228079029146357
0.01522848464974691
0.015228355960303142
0.015228131143389945
0.015227747998201924
0.015226894535138258
0.01522533762183742
0.01522240728807156
0.015218990124952536
0.015216592439765697
0.015216717235146171
0.01521734878467007
0.015217645168444816
0.01521783069007876
0.015218084532206855
