0.30077116639018087
0.297683360158574
0.28803453874303075
0.2978510357095948
0.29256320875711117
0.3703257611335641
0.29099365139507327
0.2807640892305274
0.2709508046037107
0.2656123371223551
0.2581921198201099
0.2553251661702869
0.2454207601644529
0.23979820395649065
0.23282174403549094
0.22962238040175376
0.224851688064307
0.2198283936466331
0.21477227826582068
0.2099549762243702
0.2041738729382503
0.19821710535366488
0.19355323005184022
0.19054246456686763
0.1879845927001469
0.18524210199301405
0.18234811467446066
0.17924549851938787
0.17621835210585912
0.17326475380156148
0.17008242495375903
0.16748718046795918
0.1659817683851229
0.1646998041841271
0.16395693139616885
0.1622228754556252
0.1612633230942333
0.15933410751113808
0.15797475060231736
0.15641986733736613
0.15494636345741164
0.15340223148504484
0.1520822918867173
0.1508688790988716
0.14965972984726483
0.14839423514025873
0.14721908484579782
0.14605326079046377
0.14488930003179035
0.14366516630746717
0.14255924408511467
0.14124591297797484
0.13978617406711713
0.13792564883120517
0.13636499847840666
0.1349929193785554
0.13403028753302748
0.13293431405127398
0.13178425468579769
0.13062565294567197
0.1296533654538079
0.12873013250014442
0.12783363709147666
0.12697479730678973
0.12616811929435412
0.1253319285939638
0.12447564207740835
0.12356497242994147
0.12263371791372368
0.12158792095435855
0.12057557972057464
0.11955978617450469
0.1185425774749852
0.11751525683426145
0.116484592095636
0.11562769484448099
0.11484052486288432
0.11433665685470418
0.11379828163618888
0.11350116222967188
0.1130240101795651
0.1123899198263798
0.11148643217358312
0.11050709995758767
0.1094972954365655
0.10855434333174763
0.10763293569852905
0.10674494849682914
0.10565536398183539
0.10451298675580267
0.10327924209811268
0.1024615000371707
0.1015896470782397
0.10081030779702005
0.09962078199586011
0.09862349145673888
0.09805373110676419
0.09767987725573213
0.09722461302556673
0.09664219678451424
0.09590973680931991
0.0954876531324722
0.09510337413016468
0.0947738959092076
0.09419705921901278
0.09350364861911187
0.09268597177447102
0.0919190412900388
0.0910421915039692
0.09027037459841292
0.08961801082036613
0.0892777455303404
0.08901404542608049
0.08884616082007446
0.08862929881631565
0.08830931980576306
0.08778763990791061
0.0870350976920673
0.08611969138149134
0.08530439535793966
0.08457623299797312
0.08382202357457569
0.08291785259154316
0.08184265633520693
0.08086195467198476
0.07992357287007057
0.07908749115351055
0.07801193954954
0.07693895238849724
0.07599175312806405
0.07539645857996602
0.07483666303870273
0.07453179569222634
0.07372030492715564
0.0737913156603438
0.07337057871897024
0.07246216178631737
0.0720905233046959
0.071314919324166
0.07086456257323004
0.07020728396571674
0.06958224412570124
0.0686853136182185
0.06782610775074471
0.06682311125220697
0.06622007177190559
0.06510190539205163
0.06478899495191615
0.0641254036472042
0.0625261357236705
0.06130010083040227
0.06013825909803583
0.05935783883558288
0.05868858295358059
0.05819857001064621
0.05725260886769501
0.056795325218144566
0.055510337611094474
0.055139401884481964
0.05454490825078118
0.05385493628922111
0.052699153894992024
0.05174850083099014
0.05097754210712657
0.050469343627071894
0.049666554184402134
0.04945777028872922
0.048827716198922566
0.04841811967101606
0.04784349069868998
0.04715387135208693
0.04644117494036204
0.04578992261906045
0.045024981670473196
0.044136390675392434
0.043059862156996975
0.04224877022011997
0.04154070748140537
0.041445337356551204
0.04127766241770647
0.04099627053029764
0.04065282360704492
0.04028682057126354
0.03999279388922794
0.03982457679631668
0.03960652738353876
0.0393857152918109
0.03912330856760582
0.03888101623669116
0.038638995846454804
0.03831706198877061
0.03791320219364336
0.03741801763625374
0.036994977475544255
0.03663490450277418
0.03637296184450223
0.03606728193533637
0.03578674786785785
0.03558981548647844
0.035244962777087996
0.03520185256422459
0.03517922967309017
0.0351845649910455
0.03509944695109246
0.03492869600625892
0.03463768788124166
0.03434132061967232
0.03406685369423579
0.03379243981718749
0.033529263882009386
0.033301332683007945
0.03309884546010988
0.03287073686347275
0.032619985809748786
0.0323677056757149
0.032157330008365737
0.03198379329279
0.03184322187919142
0.031750206862685704
0.031653313270215255
0.03155716614568327
0.03141774774896566
0.03126788348069587
0.031085999820709365
0.030927437379945744
0.03079936529350258
0.030709946950338574
0.030647893264776793
0.030574790538331786
0.030492944156216173
0.030346070442705764
0.030166626546396236
0.029950935179388183
0.02981854535909456
0.029723931405279402
0.02968573672285968
0.029623031152611
0.029551436048662616
0.0294280886380881
0.02927966446190966
0.029099509243914468
0.028892645413488904
0.02868889814418396
0.028502171847766933
0.028388517563374016
0.02833597170555613
0.028319896272012146
0.028298846808550326
0.028253915906063187
0.028165035187282306
0.02804858375046948
0.027917991958078536
0.02780685540504113
0.02769788841323173
0.027595106521517532
0.027503806618267235
0.02742804729133519
0.027352949093402135
0.027281705579926263
0.027178473501504707
0.02711009705108869
0.027001251818844163
0.02694427666631627
0.026905268711371888
0.026898813759831275
0.02687085239818343
0.02682780162897902
0.02673796325643185
0.02664317867656063
0.02651615042064659
0.026375601821352235
0.02621673590646978
0.026110290345050857
0.026047908010620735
0.02600720458609118
0.02594148052914802
0.025858652605909693
0.025746792551923026
0.025681882359227193
0.025635299403033107
0.025626545935221068
0.02562343721263871
0.02560613047716709
0.025551875133695612
0.0254675294464507
0.025368735660825315
0.025236173254855165
0.02508425474542575
0.02492510009656379
0.024834208759287435
0.024781521745682156
0.02477007181270441
0.024711042982246578
0.02461688482510349
0.024434615250778502
0.024225660275716265
0.02404385986687374
0.023930805473822092
0.023848822981285767
0.02382044253782245
0.02376532731856429
0.023720909220824815
0.02363315074008676
0.02354862713008954
0.023453968256939906
0.02339559269039515
0.023357276992858278
0.02333839367584367
0.023304862371621105
0.023245593545801024
0.0231657390802954
0.023054185057249987
0.022982533646977443
0.022926881338125704
0.022905190198844627
0.022879658053687524
0.022852016651261242
0.02280509215390969
0.022756821609063893
0.022713797790086088
0.022697153357501554
0.022693854295218974
0.02270143531782043
0.022709228698585826
0.022704637904908065
0.022689710884516656
0.022648519145265333
0.022603694738250857
0.022536518766998914
0.02249584189536169
0.022460026777515574
0.022450476772470362
0.022435368223916008
0.02242384187785429
0.022384537364898094
0.022342653343915497
0.02226729606457689
0.022197587869704827
0.02213150084615867
0.022105992139321406
0.022091364536695468
0.022084526475893096
0.02205528271702617
0.02199917853580191
0.021902992851921432
0.021809631126557982
0.02173093370675383
0.02171297732587274
0.021682411993102724
0.021710600686295045
0.021703662861168205
0.02170124095523851
0.02167674164207367
0.02163574816443281
0.021567583629725218
0.021489731196499884
0.021421700982115932
0.021397046937808417
0.021395154756822854
0.021402052237260882
0.021402426478092096
0.021384564713891385
0.02133927759631915
0.0212802286720295
0.021233587092598927
0.021206789337485654
0.021188220534039126
0.021179942831152654
0.021166144243550566
0.02116667432337116
0.02114859816793757
0.021160867672255446
0.021116100022639972
0.02112301316409415
0.021110612252555616
0.021085930886161508
0.02106587204345478
0.0210444047718924
0.021045646464885603
0.02104366701706617
0.021047202732395243
0.021037210903683934
0.021028621684590743
0.021012063598261466
0.020997123516228733
0.020987724306588462
0.020991446550862602
0.020995831859872083
0.020998801888001184
0.020994236400545763
0.02098357384277849
0.020965766159991794
0.020936974008168074
0.02091205434830412
0.02088330423870055
0.020885566520762344
0.020866254964598707
0.020870091764506715
0.020852942962771404
0.020825203194339337
0.020782608439962602
0.02073064245117906
0.020695096499499965
0.02068810839794477
0.02070177343570323
0.020710910800105342
0.020718837571017112
0.020718966964880514
0.020703737883295936
0.020678602083407216
0.020645272116360913
0.0206332858238929
0.02062483810686566
0.020630720713633144
0.020625729039383645
0.020620564664254548
0.020589761821781738
0.02055126362665305
0.020500808456935804
0.02048195741527803
0.020476950037556674
0.02049101743727144
0.020504352281227378
0.020522022587859734
0.02053111953487574
0.02053530219920785
0.020522857433916908
0.020509125410187568
0.02048492548161729
0.020490194801322192
0.020485966616196616
0.020497147566334917
0.02050588255430219
0.02051578808526
0.02052076753205867
0.020520758233618652
0.020507152634342773
0.02049687177930648
0.020488066592892706
0.020491246690402365
0.020493893291331333
0.020502184933372414
0.020507757175941888
0.020507316723403335
0.02048947298990378
0.020469948946562844
0.020457912919159882
0.020454880331597813
0.020449101840078088
0.02044538045219213
0.02043639211164694
0.02042835648145458
0.020411972031147196
0.02040106952978471
0.020383477307366893
0.020383574942206772
0.020372909581968024
0.020363333302898412
0.020345625603554462
0.020329379247493562
0.020317451586624236
0.02031621702591513
0.020315581298357088
0.020314974676707287
0.02031123146036662
0.020304128903103735
0.02029408617482431
0.020284562844464116
0.02028336768488359
0.020288130810585003
0.020293173602455528
0.02029372203391222
0.020294168922253664
0.02028990169045608
0.020284883444246504
0.02027176884527393
0.020265480126089308
0.020258952268820796
0.020265581740410266
0.020264951032450518
0.02026820690656772
0.02026789053093836
0.0202659246252469
0.020254689486162825
0.020237372358385408
0.020217888831862818
0.02021114074643937
0.02020719243765423
0.02020668295999939
0.020202917956704702
0.020197657043018236
0.02018697267199887
0.020176023313466795
0.020169098497790028
0.020169976329438066
0.020170903479238222
0.02017306814465436
0.020175266954687077
0.020179296691259285
0.020183189380277078
0.02018618173069331
0.02018398161299273
0.020178980507637445
0.020174066709761185
0.020172595709271213
0.020170630436088577
0.020170962582789054
0.02017030819314103
0.02017442715997042
0.020176825145656885
0.020183271424202065
0.020179107411033348
0.020179493086933675
0.020174956458803517
0.02017083388860319
0.020162107625662284
0.020151655031912852
0.02014076846986823
0.020137357111337906
0.020137894224165787
0.02014051127235339
0.020139992592696165
0.020139099364843926
0.0201340833287732
0.020124622647550994
0.020108743097869253
0.02009419426768655
0.020088547162766424
0.020090639108220287
0.020092561944469733
0.020094532067974957
0.02009559778557335
0.02009494192876926
0.020088868481846656
0.02007749685037563
0.020065501474453518
0.020061286039389947
0.02006077933233663
0.02006090287361717
0.020060438149050563
0.020057917549980098
0.020047313742759698
0.020034983881215496
0.02000907093635096
0.020018061549506694
0.020007708048756068
0.02000795303825964
0.020007831182042857
0.020009791340763416
0.02001141739746848
0.020018744934900412
0.020021857032110568
0.020021679195977526
0.02001896727234742
0.020018689854471194
0.020017837000526617
0.02001637440444437
0.020014941607954917
0.02001145588202835
0.020010712228531125
0.02001155729820303
0.020012219490668892
0.02001241260997877
0.020013995321985778
0.02001183817055463
0.020013293431506707
0.02000677457236899
0.0199984836764473
0.019978467758036578
0.019962792183937594
0.01994773431043595
0.019953194467932645
0.019950498985008447
0.019950348110935323
0.019945825301823095
0.019940404002950385
0.01992642403589706
0.019911651064275282
0.019888395756882504
0.019881407379202076
0.01987609379446409
0.019875769253315467
0.019870973149511917
0.019861057375909374
0.019836565683659324
