0.047473281093107805
0.9992604837548125
0.034372929675259276
0.9999942742074762
0.6326163737596819
0.011204157597815458
0.010751365815819917
0.008877038054648399
0.00796685072048604
0.0077417371040671415
0.007712227980660527
0.007707949588670724
0.007694559854416855
0.007614781765548415
0.007332936850777673
0.01885163146619264
0.007303824580044339
0.008816468733127008
0.007255134599402728
0.007136909263038714
0.00732396935508336
0.0071254851187304066
0.007120592108480062
0.007156666597019831
0.007120486155874248
0.007116228714412385
0.007097623620380837
0.0070229918120534324
0.00736872243190774
0.006986761799956427
0.008927739368996218
0.006994091748263383
0.0069804912410637064
0.006963949062658435
0.006903541891576594
0.006889022323872806
0.007144653686572658
0.0068684257785175395
0.006853968514631569
0.00683880225668955
0.006781879615037673
0.007142095557266649
0.006764995321623363
0.006753682597000237
0.006856512518374224
0.006770256037500458
0.006746437569105162
0.006725120738414133
0.006636794999187524
0.006574129935094009
0.006525802876823051
0.006143360817477149
0.06166745564862625
0.006141349011504932
0.0061352719391073295
0.006069134184905586
0.006539910059007491
0.005854086674510566
0.0065479813326250035
0.005825599166240102
0.006009162384430091
0.0057895278889639225
0.006406579281522846
0.00577570112287439
0.005881971687560892
0.0057584992757536285
0.005723502684857451
0.00566546508206425
0.005481220569646079
0.08001227368648721
0.005471048667119478
0.3127394911475224
0.005469641788278917
0.005437446330031093
0.005315046268772412
0.01559573821228903
0.005314697594372592
0.005297846933080794
0.005736174138274533
0.005296731960192723
0.00527584726195221
0.005227593348495379
0.005241016588593666
0.005219986677513142
0.005213282854338468
0.00517206365023241
0.005196837057424674
0.005114845141874529
0.005106413305518812
0.00521695921382425
0.005106239100632426
0.005103132243510685
0.005092652807327591
0.005073980014329345
0.005052970649245777
0.005034256860053094
0.005015224117778889
0.005006585765252346
0.004983040242789361
0.004943735996413211
0.0049501387231887985
0.9130846740218616
0.004948585742275744
0.004925881781364008
0.0048965584037562225
0.0049242399441421295
0.004887392304474546
0.0048786397825947595
0.004856258351208091
0.004877569219869465
0.004834425446750151
0.004802641376135692
0.0047343690178574364
0.02493624265089138
0.004722525509666387
0.007131482883091616
0.004716703931677363
0.004652804431140118
0.004630079619934165
0.0062682813105212065
0.004625729484212318
0.00475395330149908
0.004604392847527404
0.004591108851469493
0.005097077820608304
0.004590324507197461
0.0045888749132767664
0.004587043752760991
0.004583996264480866
0.004580736623457236
0.004578872185171393
0.004577217372094692
0.00457569195485295
0.004573312365025026
0.004588482322099118
0.004572240602390266
0.004570944759455753
0.004566794937957874
0.004551975526203838
0.004547067799785457
0.0045427977237152885
0.004537558365617379
0.0045329722147405705
0.004530444229933103
0.0045291273552195595
0.004528123289719601
0.004527780804939905
0.004527713341371115
0.004527698900864083
0.004527693326283425
0.004527685367641062
0.004527667700789028
0.004527622431372668
0.004527529270126271
0.004527339543805832
0.004527144623520812
0.004526982761076124
0.0045268816937054975
0.004526647435235091
0.004526069588801375
0.004524452197749513
0.0045220008349949724
0.004519064486283092
0.004516138087285779
0.00451272850729687
0.004508915277582536
0.004504056888345253
0.004469262210750698
0.01863703223980371
0.0044690258742673804
0.004465047042162487
0.0078010857548017655
0.004463036115338133
0.004457819825590339
0.005069794480116633
0.004450253643453512
0.004442489133498201
0.004542115349929541
0.004437759337059629
0.0044372674589156814
0.0056107640240891
0.004437145652398576
0.004432565284141464
0.0044245931869529125
0.004409375572165207
0.005155790684798026
0.004392468615631749
0.004381597158066743
0.007742935204730425
0.004380439073812057
0.004376387122373447
0.0043686050140254
0.004363533814917697
0.0043802416141773635
0.004356890823781153
0.00444366347526415
0.004355693300476025
0.004353911121332458
0.004351345198827683
0.0043478425060664745
0.004347587804212736
0.004345803593314039
0.004345954916810456
0.004344980848746341
0.004343916818680616
0.004342156430988622
0.004340973959667292
0.004340729393655562
0.0043405511485414515
0.0043399147443649285
0.004339792950468973
0.004339748457392864
0.004339684421480977
0.004339667147610568
0.00433962448384732
0.004339594590945097
0.0043395146403458216
0.004339416039254965
0.004339172209038636
0.004338503863361197
0.0043375355396067985
0.004364154367161235
0.004337143601130503
0.00433621547865173
0.006824033481275766
0.004335321181869352
0.004335231930586868
0.004346285183906775
0.004334298449253133
0.004332693457753939
0.004329886763118596
0.00433249521658775
0.004328956506823637
0.004327808319453386
0.004327634324331378
0.004327847865298259
0.004327533868042381
0.004327443234860605
0.004327415016055609
0.004327365483306994
0.004327357650721768
0.004327354742214377
0.004327351175726834
