1.4142135623730951	3.1622776601683795	2.449489742783178	-0.40546510810816466	0.5418	2.4237061150395447	3.44314831140435	3.1258846903218442	0.05289
2.092073472700261	3.051042494244415	3.194296930970083	-0.17047559820794042	0.5414748662557093	2.4697926101526178	3.4433417001357984	3.1258846903218442	0.060181418513880494
1.4967889949223485	3.148727232121342	2.5402205483572127	-0.37683919273992483	0.541760392908384	2.429320272494002	3.443171869602595	3.1258846903218442	0.05377822488025692
2.710322337789548	2.9309725685315664	3.8904098425236566	-1.1223739775946426	0.5385415192436828	1.874956404394855	3.4648300035034585	3.1258846903218442	-0.017010000755760493
1.6865947409732915	3.1146687642418547	2.751400313458486	-0.4934464428645426	0.5412569368468234	2.3426135922147115	3.4465593647112267	3.1258846903218442	0.04270641374507897
1.517545958103087	3.1450026327428957	2.563314952504217	-0.3895912429164997	0.5417053354659705	2.4198381181992725	3.44354232261947	3.1258846903218442	0.05256742288475096
1.5654677070245875	3.1583943035066597	2.6024988018988635	-0.43524008176926815	0.5444124337496945	2.460719444357824	3.45086840086218	3.1258846903218442	0.05896678932053414
1.5376060970196699	3.1506084126213865	2.579717389390038	-0.40869993718112807	0.5428385321638061	2.4369511222170943	3.446609033467258	3.1258846903218442	0.05524621033656561
1.5290479438954792	3.1464232912199503	2.5721971100334997	-0.40923127337499876	0.5412108123142015	2.4462359779432887	3.4662386723328886	3.1258846903218442	0.055837161625117586
1.5303964118360969	3.1454113903961685	2.573834115076845	-0.4086350044416924	0.5415581098459518	2.4431801750004474	3.4613133348229317	3.1258846903218442	0.055457086186727636
1.530940360750168	3.1430659238530274	2.5746258761613756	-0.4085871448167993	0.5417582869949714	2.442042116883518	3.458910051179875	3.1258846903218442	0.055347185154530784
1.5305763437253972	3.1412410321025694	2.57442620804706	-0.40856426143137997	0.5417618465471455	2.442102691533668	3.4589229797050987	3.1258846903218442	0.05535719342418225
1.5291202756263147	3.1339414651007376	2.573627535589797	-0.40847272788970257	0.5417760847558423	2.442344990134268	3.458974693805993	3.1258846903218442	0.05539722650278812
1.5216102199054766	3.0909142961985627	2.5699926628902565	-0.40813657206304665	0.5420426023920838	2.442958727003699	3.4572683066355414	3.1258846903218442	0.055565145565146114
1.4915699970221248	2.9188056205898625	2.555453172092094	-0.4067919487564229	0.5431086729370497	2.445413674481421	3.4504427579537356	3.1258846903218442	0.0562368218145781
1.3714091054887172	2.2303709181550615	2.497295208899444	-0.4014134555299279	0.5473729551169134	2.4552334643923115	3.423140563226511	3.1258846903218442	0.05892352681230605
1.48888580193448	2.9034271307762607	2.5541540196214605	-0.40667180213539456	0.5432039299306809	2.4456330323066187	3.4498328721911253	3.1258846903218442	0.0562968383496156
1.4596373643683893	2.7507787024321164	2.5397719181606377	-0.40199186439574464	0.5443798635751567	2.4429004015464866	3.440095144653067	3.1258846903218442	0.056664307222698225
1.4848550726424568	2.8823906398485755	2.5521720211810996	-0.40602685957771345	0.5433659854311005	2.445256448264334	3.4484909152562735	3.1258846903218442	0.05634747926153762
1.4804856201403152	2.85958634284402	2.5500234650720066	-0.4053277191323418	0.5435416593006396	2.4448482179003936	3.4470361866793984	3.1258846903218442	0.05640237579347447
1.4700614922543522	2.805182522638068	2.544897691616322	-0.4036597917640432	0.5439607614378981	2.4438743097234403	3.443565665666233	3.1258846903218442	0.05653334150808635
1.4776674401331202	2.8448781811544555	2.54863770384265	-0.40487679224289697	0.5436549642482683	2.44458492023337	3.4460979256525914	3.1258846903218442	0.056437782588420284
1.4787155949577848	2.8503485310247645	2.5491531046739224	-0.4050445037423526	0.5436128231759407	2.4446828475195295	3.4464468894588536	3.1258846903218442	0.05642461387568596
1.4741625240375058	2.8247872620567964	2.5469948954008816	-0.4049272544350641	0.5437568256124615	2.445168010522477	3.445109165765473	3.1258846903218442	0.05650086690868435
1.4785223173890256	2.8492634567952972	2.5490614888286016	-0.4050395265167727	0.5436189360701419	2.4447034426579104	3.4463901031738042	3.1258846903218442	0.05642785081204968
1.4781201256282601	2.847080637918405	2.548963707654012	-0.4053137242766839	0.5436011328576972	2.445132319414146	3.445882911355295	3.1258846903218442	0.05640560840084026
1.476511358585198	2.838349362410835	2.548572582955653	-0.40641051531632855	0.5435299200079183	2.4468478264390887	3.4438541440812567	3.1258846903218442	0.056316638756002596
1.4700762904129505	2.803424260380557	2.547008084162218	-0.4107976794749072	0.5432450686088031	2.45370985453886	3.4357390749851042	3.1258846903218442	0.055960760176651934
1.4443360177239595	2.663723852259442	2.5407500889884775	-0.4283463361092218	0.5421056630123418	2.4811579669379444	3.403278798600494	3.1258846903218442	0.05453724585924929
1.4666771581222497	2.7849761198341803	2.546181684468356	-0.4131150677226872	0.5430946043770549	2.45733451564101	3.4314525324547605	3.1258846903218442	0.05577277796134977
1.4010838549678724	2.431004275937197	2.5293986909096544	-0.4543779592774415	0.5404338485293666	2.5222775436700564	3.350549975137938	3.1258846903218442	0.05223121854007331
1.4631026550261839	2.765686445567403	2.545267096247427	-0.4153636865072598	0.5429496066477433	2.4608735820333725	3.4270437524772066	3.1258846903218442	0.055579780894462326
1.4653859416447017	2.7780081176838367	2.545851308091753	-0.4139273354836411	0.5430422268990496	2.4586129313307277	3.4298599504370904	3.1258846903218442	0.05570306169976427
1.4634790482627353	2.7696483149714313	2.545657436974484	-0.415435420682685	0.5428502014303326	2.4607137007264135	3.425288276420213	3.1258846903218442	0.05539374518849365
1.4558514747348703	2.73620910412181	2.544881952505408	-0.42146776147886067	0.5420820995554647	2.4691167783091577	3.4070015803527043	3.1258846903218442	0.05415647914341117
1.4559347050815308	2.7347335137401045	2.54471575723517	-0.42142059429870266	0.5421846874299677	2.469252772080271	3.408937973734907	3.1258846903218442	0.05434410388391254
1.441944830841379	2.6520681847036367	2.54112746036664	-0.43234001864264937	0.5418859779818623	2.4868176322352875	3.396034441222664	3.1258846903218442	0.05412152480971932
1.4543314690050215	2.7252600877812494	2.5443045393146875	-0.4226719575877796	0.54215045540219	2.471265700645314	3.4074592321477475	3.1258846903218442	0.05431859637787661
1.451434229952498	2.708140475734504	2.543561419423751	-0.4249333204919264	0.5420885940399252	2.474903302951071	3.4047869695049084	3.1258846903218442	0.05427250126830255
1.4510306798517603	2.708459872899855	2.5436643509356536	-0.42484321511061196	0.5419582799208366	2.474493025338259	3.4022956522996775	3.1258846903218442	0.05403494685073507
1.4440929870900099	2.6804101984033544	2.5429045772571044	-0.4285211743340479	0.5412161710677335	2.4791258695663005	3.385539624077174	3.1258846903218442	0.052810043118037435
1.4163422160430081	2.568211500417352	2.5398654825429072	-0.4432330112277917	0.5382477356553211	2.4976572464784677	3.318515511187161	3.1258846903218442	0.047910428187246897
1.436477876034056	2.649621664850549	2.5420706168702387	-0.4325582611448319	0.5404016003558185	2.484211079377836	3.3671474841896094	3.1258846903218442	0.051465535905384316
1.44065391017664	2.6665057216124106	2.542527950587833	-0.4303443719139942	0.5408483010118577	2.481422412260687	3.377233509667281	3.1258846903218442	0.05220284728321378
1.417764221838119	2.568726422537189	2.5396677086752613	-0.4430841236983858	0.5386660920136255	2.4981238154516374	3.3254295315769085	3.1258846903218442	0.04854791806516762
1.4321018074276106	2.6299731747270036	2.541459299832889	-0.43510422991843434	0.5400329786144211	2.4876624323968115	3.3578783774835124	3.1258846903218442	0.05083728346465546
1.4389101118562329	2.659056630345798	2.542310049628705	-0.4313149206359984	0.5406820544326287	2.4826947702937936	3.3732869426084204	3.1258846903218442	0.051924404897394576
1.4365352723051301	2.6464044788206267	2.541837312893076	-0.4329013823288946	0.5406177493636394	2.485059172126671	3.3694733842858504	3.1258846903218442	0.05171631921243798
1.427035914100719	2.5957958727199415	2.53994636595056	-0.43924722910047936	0.5403605290876821	2.4945167794581806	3.3542191509955703	3.1258846903218442	0.050883976472611614
1.3423898931665603	2.164235909672682	2.523908078458573	-0.4926784158027916	0.5369219598887068	2.5725134550114177	3.210714904427936	3.1258846903218442	0.04249023605766875
1.4164514369706471	2.541831888250058	2.537940874312666	-0.4459284784662721	0.5399305566371752	2.504269795837498	3.336274805837931	3.1258846903218442	0.04983438958740139
1.3698029867847843	2.303999049609218	2.5291021687612445	-0.475374423163343	0.5380355600121854	2.5472537895805494	3.2571895680016816	3.1258846903218442	0.045208596463302934
1.1567289750496166	1.2577958539192702	2.4893104056356132	-0.6018823325775429	0.5244443335657006	2.730125232583414	2.914260672302841	3.1258846903218442	0.025924211678816936
1.3694494270166742	2.3022630548895804	2.529036141156898	-0.47558434133568295	0.5380130077035692	2.547557233367314	3.2566205363311638	3.1258846903218442	0.04517659733512664
1.3679642848366382	2.2949709384923045	2.5287587895204657	-0.47646611115288945	0.5379182758143551	2.5488318613302265	3.2542302956649842	3.1258846903218442	0.04504218369628702
1.363682399491125	2.2841935991968567	2.528179111245802	-0.47683260243281506	0.5362431339427488	2.54872962611724	3.251122254670066	3.1258846903218442	0.045011692072951706
1.2925408515821537	2.0626077021737173	2.518448227419337	-0.4943477351720204	0.5117167903137197	2.5664492063683175	3.1875683948384097	3.1258846903218442	0.04413642379268561
1.3350282413063128	2.194943961939191	2.5242597379310925	-0.4838872898677771	0.5263644940944776	2.5558666602471765	3.2255242404800764	3.1258846903218442	0.04465915439990326
1.3001511905365213	2.0762728059153526	2.5189615994139243	-0.4926325366381623	0.5160533977014691	2.5648789402217633	3.1894026792774772	3.1258846903218442	0.043269105522597266
1.3306206958589535	2.1799470369721647	2.5235901920324166	-0.4849924599362919	0.5250614416585289	2.5570055763164996	3.22095942151987	3.1258846903218442	0.04448348864074213
1.3103076923106654	2.1108308829342897	2.5205044636200884	-0.4900858444042055	0.519056079020489	2.5622544855866756	3.1999215933582748	3.1258846903218442	0.04367389989531222
1.3243047081883421	2.1584565284067745	2.522630736550573	-0.4865761623870177	0.523194174895677	2.5586376365953147	3.214418061795829	3.1258846903218442	0.044231760602481046
1.2902978033081025	2.0520167822207402	2.518243419682323	-0.4976087703369256	0.5112240093797044	2.571749456882902	3.185380051748103	3.1258846903218442	0.044735237823540414
1.3211015580258114	2.1484308441671707	2.5222174900411036	-0.48761533663919787	0.5220666909993026	2.5598726542904906	3.2116829376517324	3.1258846903218442	0.04427918371105697
1.3001272937260726	2.088191871651995	2.5199134514615555	-0.49612601641171583	0.5137311834977448	2.570970236624774	3.197403348488879	3.1258846903218442	0.04571282672239404
1.3173117429548764	2.1375463352931936	2.521801176028464	-0.4891531213264153	0.5205605579830571	2.5618778633495722	3.2091027755329202	3.1258846903218442	0.044538226975367
1.3093508918904717	2.1170891837270265	2.5211865370938678	-0.49337772299836	0.5168339126551382	2.567809725773824	3.205471303959736	3.1258846903218442	0.04570730002611088
1.3005631776196966	2.097702387582627	2.5209966065294145	-0.499623145869269	0.511764240401892	2.577050752913966	3.2041052766848424	3.1258846903218442	0.04802329503337645
1.2608549023504838	2.001793051520228	2.5191641803013973	-0.524706928605101	0.49088322751545443	2.613425210709443	3.1918032868130166	3.1258846903218442	0.056380337225548846
1.1020218012736325	1.618155707270632	2.5118344753893282	-0.6250420595484295	0.4073591759697043	2.758923041891352	3.1425953273257137	3.1258846903218442	0.08980850599423845
1.2591894840402664	1.9977704853594922	2.519087325888266	-0.5257589760882654	0.49000744983533134	2.614950804244446	3.191287324861868	3.1258846903218442	0.056730842781172776
0.9188451705367626	1.1740164520424614	2.5033432030877236	-0.7415263644010939	0.3114964719308344	2.9280790159418255	3.084659930072937	3.1258846903218442	0.1282201489371733
1.2588339253708276	1.9969099071849488	2.5190708779585305	-0.5259843888906921	0.48982095891050703	2.615277930175151	3.1911759309201666	3.1258846903218442	0.05680552786203773
1.2521777308137474	1.9798292595985962	2.5191758137746723	-0.5319466405985066	0.4867231970280124	2.624462127327739	3.1883675685515285	3.1258846903218442	0.05837829269690718
1.2255529525854263	1.9115066692531866	2.51959555703924	-0.5557956474297647	0.474332149498034	2.6611989159380904	3.1771341190769764	3.1258846903218442	0.064669352036385
1.1190538396721423	1.6382163078715477	2.521274530097511	-0.6511916747547973	0.4247679593781201	2.8081460703794967	3.1322003211787672	3.1258846903218442	0.08983358939429631
1.2188149399968522	1.894216066120888	2.519701782727821	-0.5618311872143957	0.47119630988552574	2.6704960053634976	3.174291236280975	3.1258846903218442	0.06626144931739741
1.2226163980919016	1.9039710943850117	2.5196418522218376	-0.5584260508673393	0.4729654907416079	2.6652507649618187	3.175895136492806	3.1258846903218442	0.0653632184195695
1.1898323382866576	1.8175990225947722	2.520616326079381	-0.5889259085447907	0.45797193725268126	2.7123688069462255	3.160779281919403	3.1258846903218442	0.0730780528153833
1.2215466825033958	1.9011528481960276	2.519673648463127	-0.5594212349110055	0.4724762640262627	2.666788186022847	3.1754019191985843	3.1258846903218442	0.06561494681028644
1.2176096615360348	1.8882996659202635	2.5203306016887046	-0.5644332243383706	0.47099995585403576	2.6747008845724896	3.172137581002978	3.1258846903218442	0.0665161727310365
1.2057973270703382	1.8484064204521578	2.5224895745464035	-0.5803698276862135	0.4664942820366924	2.6999231145004265	3.161607965767463	3.1258846903218442	0.06934879226220433
1.2122191491784298	1.8700945403114946	2.521315840457803	-0.5717058305733425	0.4689438093351355	2.6862109499628435	3.167332432519187	3.1258846903218442	0.06780882750909889
1.207824251940495	1.8552518591438398	2.5221191079132437	-0.5776352033183231	0.46726742830542606	2.695595132993451	3.163414783806355	3.1258846903218442	0.06886273195024067
1.2043443291187093	1.8451859345743664	2.5224569020334062	-0.5814852006716176	0.46628644701951916	2.7016955978717214	3.160866525681839	3.1258846903218442	0.06951689060616512
1.179467972626309	1.7802141312614173	2.5236161136585844	-0.6058264025381529	0.4616627499656397	2.7404796064404	3.144138357313798	3.1258846903218442	0.07316982388704575
1.200830629273634	1.836008890689153	2.5226206366908124	-0.584923311765319	0.46563336570405983	2.7071737057666936	3.1585037294009153	3.1258846903218442	0.07003285487557176
1.186616901304568	1.7988856271504572	2.5232829812228137	-0.5988312657648024	0.46299150084112095	2.729333918316853	3.148945672348762	3.1258846903218442	0.07212004959636809
1.1846675137506448	1.793794237469943	2.523373820599359	-0.600738716961711	0.4626291737659041	2.732373152121776	3.1476348017947657	3.1258846903218442	0.0724063046464288
1.1774567380283965	1.7743947893416265	2.523640222543743	-0.6083206378291136	0.46087537260984285	2.7444567946772347	3.142636860836769	3.1258846903218442	0.07373001362972303
1.184408749994274	1.793098074634963	2.5233833806204284	-0.6010107995225515	0.4625662373783987	2.7328067821303543	3.1474554471696563	3.1258846903218442	0.07245380687393566
1.1837985770677444	1.7914062447852315	2.5232143946063936	-0.6019839213425398	0.46203662158937314	2.734368901601073	3.14705300846655	3.1258846903218442	0.07282735350578286
1.1813578853616262	1.7846389253863053	2.522538450550254	-0.6058764086224926	0.45991815843327083	2.7406173794839477	3.1454432536541233	3.1258846903218442	0.07432154003317164
1.173118964217003	1.7617072423383773	2.519196924778269	-0.6203463113995245	0.4511980585433385	2.7638856400726945	3.140191080994977	3.1258846903218442	0.08040935548540118
1.1745059322283795	1.7649764125035938	2.5182682719329406	-0.61978216639014	0.450382836808988	2.7630016048011723	3.1413451315589898	3.1258846903218442	0.08074291795806948
1.1714006869816806	1.7552780634597136	2.514673537420574	-0.6280330909530842	0.44372820047084544	2.776305711571081	3.1397528255383778	3.1258846903218442	0.08496825206046935
1.167192487405773	1.7406114294000126	2.507837419416688	-0.641341819896411	0.4323115094636503	2.7977836358170194	3.1378085132192775	3.1258846903218442	0.09182158154457472
1.1646973767052382	1.7289270720983876	2.500750086185192	-0.652025705083877	0.4225143178034968	2.8150464508022504	3.137000279200768	3.1258846903218442	0.09696968841580807
1.164620852385156	1.7227245113159835	2.494924230989164	-0.6573810646632939	0.41694040094038864	2.8237413585582645	3.1375165143987878	3.1258846903218442	0.09886025001659672
1.1643147551048272	1.6979142681863668	2.471620810205053	-0.6788025029809615	0.3946447334879559	2.858520989582321	3.139581455190867	3.1258846903218442	0.10642249641975132
1.1645067673281737	1.7134775229136543	2.4862388480769733	-0.6653650167209109	0.40863061625679065	2.836704022528809	3.1382861353757407	3.1258846903218442	0.10167876349992692
1.118991318580929	0.9832068384095048	1.881894677496722	-1.2790250449106317	-0.199813453661018	3.832171514582234	3.164023682063942	3.1258846903218442	0.32562091235889756
1.1644758163877815	1.7129809318649385	2.485827888261905	-0.6657823114082372	0.4082168684709671	2.8373809499426175	3.1383036371536055	3.1258846903218442	0.10183104630260997
1.163799959995832	1.7021371826861402	2.4768540149536933	-0.6748945153730751	0.3991821159832703	2.8521625919125455	3.138685812567033	3.1258846903218442	0.10515635093870752
1.1648720601978086	1.6962077483245421	2.472181222156522	-0.6772687314550379	0.3977461849656725	2.8561444267184077	3.1385974878017424	3.1258846903218442	0.10369053065628978
1.1647863779661813	1.6794530690112572	2.4591389284468415	-0.6890332445852511	0.38717643556553794	2.875337513210102	3.138634215093187	3.1258846903218442	0.10600898426817655
1.1648424499908672	1.690417638610053	2.4676740447826306	-0.681334331308535	0.3940934735328186	2.8627772052078457	3.1386101800797026	3.1258846903218442	0.10449174567985244
1.1653717771445082	1.6813605988882574	2.4609931581838542	-0.6866922985372288	0.39001925327591574	2.8715923621043498	3.138209699123789	3.1258846903218442	0.104374883645964
1.1663619038359723	1.6730234122429777	2.455556608916161	-0.6906799920967606	0.3880624912317252	2.8782336689293615	3.1371717813319075	3.1258846903218442	0.10296369276795082
1.1695361203617636	1.6437360631777604	2.436969262942893	-0.7052646742702944	0.38072165191984836	2.902449651198159	3.133193500513137	3.1258846903218442	0.09877322435667649
1.16775647336182	1.6601562230744524	2.447390390244533	-0.6970876688063113	0.3848373455255935	2.888872789051173	3.1354239518596447	3.1258846903218442	0.1011226401813023
1.170123634830483	1.6459475457231127	2.440429622474375	-0.7026183847294732	0.38462687160088854	2.898174522251252	3.131795107979408	3.1258846903218442	0.09705519007449906
1.1783789346083857	1.5822327896525767	2.4046223300488214	-0.7315501858664247	0.37504688404849035	2.9463857743236033	3.119560948770971	3.1258846903218442	0.08442370606947504
1.211400133719996	1.3273737653704325	2.261393160346607	-0.8472773904142306	0.3367269338388977	3.1392307826130077	3.070624311937223	3.1258846903218442	0.03389777004937897
1.1794448179362138	1.5740062566302382	2.399999070199043	-0.7352857164111132	0.37380996361099944	2.95261057186944	3.1179813348646204	3.1258846903218442	0.08279279155771842
1.1955866493511116	1.4671542001967368	2.340284071691833	-0.7844707291341155	0.3559300768631089	3.034239686682903	3.0967430251912815	3.1258846903218442	0.06289442520172939
1.1800689730551135	1.5698746152895675	2.397690074333867	-0.7371875500181644	0.3731186032224414	2.955766919408484	3.117160114560761	3.1258846903218442	0.08202338275275659
1.182704757673377	1.5613672639549872	2.3927725764442602	-0.742029656956546	0.3695955806828747	2.963543538720742	3.1152336455472693	3.1258846903218442	0.08193647709325193
1.1851173976266742	1.5496043460630833	2.386010903230735	-0.7479423341258925	0.36632798227901553	2.973213223361422	3.112927181264047	3.1258846903218442	0.08060958512454966
1.2020284373341008	1.4584565858687562	2.3337637066228174	-0.7936189591387249	0.3428898469980664	3.048197575029258	3.0947336532018355	3.1258846903218442	0.06945663289260537
1.1856077728027834	1.5469613034275895	2.384495873482057	-0.7492668347729408	0.36564833869027624	2.9753875701367067	3.112399617336464	3.1258846903218442	0.08028617917142686
1.1930672561945737	1.5067558982525386	2.361449561598986	-0.7694148582872266	0.3553097442639388	3.0084632730850442	3.1043744265282056	3.1258846903218442	0.0753665962609165
1.188045384228549	1.5338229733469706	2.376964795226724	-0.755850809794464	0.36226989080369315	2.9861960547444784	3.109777143931712	3.1258846903218442	0.07867855691626387
1.189421376574348	1.5264065978588897	2.372713622982691	-0.7595673575341035	0.36036281144580923	2.9922972700295642	3.10829679997949	3.1258846903218442	0.0777710800745249
1.1958758161123393	1.4927118696312007	2.353355471418239	-0.776526164695242	0.351045537903406	3.020069572333044	3.101776283049787	3.1258846903218442	0.0739772312998166
1.1896090919763718	1.5254266491866442	2.3721506270506705	-0.7600605729845481	0.3600918358268599	2.993104975928944	3.108107162839091	3.1258846903218442	0.07766074301988676
1.19017296052646	1.5234123170660256	2.3709363215178176	-0.7611433218616064	0.35896588331696005	2.9948215246359697	3.107895495331064	3.1258846903218442	0.07771614536692488
1.1910079048225894	1.5213170858039078	2.369593572037777	-0.7623370193056136	0.35702935642274564	2.996640778213565	3.1079390486979697	3.1258846903218442	0.07812888655254267
1.192373646562761	1.5190325551308832	2.3680055034665615	-0.763684603425798	0.3535848561329564	2.9985613081137554	3.1085091125688673	3.1258846903218442	0.07914392758529831
1.1937099482462468	1.518024463188527	2.367162271770742	-0.764227419853263	0.3500034595690428	2.999098868873516	3.1096738517485365	3.1258846903218442	0.08038805985099687
1.1951946603822416	1.5167358953593584	2.366236797363932	-0.7647011566637242	0.3462011388418969	2.999489005668041	3.111023224448648	3.1258846903218442	0.08152996266086673
1.1970271045050278	1.5152979407007816	2.3653125198148857	-0.7649303514445461	0.3416207858201237	2.9993706215526155	3.112925303001232	3.1258846903218442	0.08276034620802296
1.199706926263396	1.512803613926021	2.363850606156061	-0.7652775403967382	0.33511097841350007	2.9992316520436026	3.1156628550939063	3.1258846903218442	0.08428968992793663
1.2047640235378139	1.5093552669014998	2.3622512601972216	-0.7643292906994947	0.32299212019400414	2.9962347544669536	3.1219724346122373	3.1258846903218442	0.08681776965872014
1.2146455882480938	1.5005150476396065	2.3576380324906103	-0.7642987293679699	0.29941623622217156	2.993506954705795	3.1329583395244365	3.1258846903218442	0.09170138021679365
1.2071101037041487	1.5072564228738121	2.361155988107974	-0.7643220348310317	0.31739473603351903	2.9955871205036066	3.1245807071256926	3.1258846903218442	0.08797723601919247
1.2110815746859862	1.5034100304900566	2.359400513270174	-0.7640147736471217	0.3081380645496517	2.9939975659711706	3.1291885645685245	3.1258846903218442	0.08953935971189346
1.214552112746807	1.4988604115518769	2.3576749851638543	-0.7636105820367032	0.3005255707908451	2.9924026393565124	3.133272193080007	3.1258846903218442	0.09004136479783263
1.2281702587541967	1.47800735214956	2.3503040065914265	-0.7619591831641198	0.27154578051987327	2.9860734462442395	3.1493555131723747	3.1258846903218442	0.09011076812892378
1.2287886915529698	1.472561179393053	2.3492974747923294	-0.7613365877659825	0.2716610122544783	2.9849175689747227	3.1505447524079373	3.1258846903218442	0.08694269637313091
1.2286379633277946	1.4750921755793398	2.350269224956965	-0.7606800505170943	0.2711571757295136	2.9837805925460343	3.151058334600972	3.1258846903218442	0.08802399844644286
1.236161295064764	1.4660667425180838	2.3472384115651166	-0.7589286780538401	0.254128584439275	2.9787797385219594	3.160860505688762	3.1258846903218442	0.08921267416919433
1.256530244715124	1.4419157741940223	2.3396119003719207	-0.7533076170810222	0.20770728639544334	2.963704208748247	3.1883409818436976	3.1258846903218442	0.09214868898882218
1.2519803344448046	1.446820779175068	2.3415758620951865	-0.7539435144827242	0.217933000025251	2.965993732321866	3.182944671549823	3.1258846903218442	0.09086863096226967
1.248508591813138	1.4516849501614284	2.343398252233767	-0.7542634376803596	0.22531153683180277	2.9674386294576105	3.1790502846208692	3.1258846903218442	0.09047534135648293
1.2519342421192763	1.4479775052382584	2.3424978754550225	-0.752786122189373	0.21709815813610625	2.963967500205775	3.1843573610759557	3.1258846903218442	0.09089061813798038
1.2536218507218062	1.446676680797319	2.3422864504813625	-0.7518403138350682	0.21275567508500673	2.9618722994895843	3.187281348694907	3.1258846903218442	0.09125817286599183
1.2538253903495074	1.446826376735947	2.342350741965537	-0.7516713509076031	0.21209342343243054	2.9615246945724336	3.187739629050511	3.1258846903218442	0.09140390506422998
1.254241988973148	1.4465094246786452	2.3422297670362684	-0.7515481759695312	0.21106299347992089	2.961205887638274	3.1883568188834577	3.1258846903218442	0.09149816489756125
1.2542792826079532	1.4465250774618124	2.3421990140222113	-0.7515749368872242	0.21096470148962765	2.961250114526556	3.1884035135847157	3.1258846903218442	0.09147875147521857
1.2543380287692958	1.446487153498942	2.3421303573623486	-0.7516238765314962	0.21083088804127748	2.9613363538065696	3.188484305780359	3.1258846903218442	0.09137474485750548
1.2543530139054222	1.4464990407209082	2.3420285851910134	-0.7517291371631835	0.21079744593913685	2.9615571741445375	3.1885659707448757	3.1258846903218442	0.09103641270911657
1.2543510159761428	1.4465581673876506	2.3417864341754404	-0.751965811720777	0.21079045056519052	2.962094516564494	3.188845508018662	3.1258846903218442	0.08994809911519723
1.2543189650726478	1.44671216713323	2.3413505005549284	-0.7523478334552118	0.21080912606898722	2.9630381661080345	3.1895577613489667	3.1258846903218442	0.08751413891485292
1.2542353684410221	1.4470753836198866	2.3404467395625264	-0.7530440979553715	0.21087853306799248	2.964902208366685	3.191372960958226	3.1258846903218442	0.08175845497197794
1.254392556361858	1.4472236515328192	2.3395845543691927	-0.7534473118130568	0.21043554847177653	2.966202170615508	3.193699662121935	3.1258846903218442	0.0759253557372367
1.2545931168538282	1.447308186688594	2.3389862892229343	-0.7535328700705425	0.21011547521910484	2.9668178928672644	3.1957029171817086	3.1258846903218442	0.07123724301392681
1.2548459201339226	1.4472669366468744	2.338799552312628	-0.7533669645244879	0.20987302235440858	2.966656127359632	3.1965607262769113	3.1258846903218442	0.06968066489222097
1.2555166799802593	1.4472521018672544	2.338133557469564	-0.7531415821838277	0.2094896455134171	2.9666609636103494	3.1986570325468264	3.1258846903218442	0.06523354246231944
1.2575282676093802	1.4471140908917801	2.33590680743127	-0.752873947579384	0.2082821938595026	2.967364767013816	3.2045702890416865	3.1258846903218442	0.05218531788894436
1.2642849834464287	1.446248692520726	2.3283013901240013	-0.7524913800039078	0.20384856434808224	2.970378422944131	3.2233897611123576	3.1258846903218442	0.010567004028732202
1.278885996827741	1.4436336951251254	2.312713552169012	-0.7517040662836176	0.19370571097125222	2.9759105759929856	3.2605124855718954	3.1258846903218442	-0.06987577249232971
1.289024707932441	1.4407341926355117	2.3042094343015598	-0.7503135084421099	0.1857854593334419	2.9761762440773167	3.2796940013661255	3.1258846903218442	-0.10668521479488538
1.3083710169148808	1.4331429466447085	2.2863058270536207	-0.7492032133341355	0.16731332227464962	2.9799289132423428	3.3202559343347056	3.1258846903218442	-0.18461374324854676
1.311941416492017	1.4285464908384338	2.283431498833146	-0.750160042984163	0.1616313458468263	2.980998148066745	3.3227289219667213	3.1258846903218442	-0.1856368959922942
1.2995614223036385	1.4293354264801232	2.2922359209405903	-0.7544529817227122	0.17278098632546457	2.984844614452244	3.2950068223614255	3.1258846903218442	-0.13742780951395192
1.297581156960377	1.4251636949243325	2.292273569771689	-0.7573935925723275	0.17110467081495892	2.9889533235334356	3.29056732935615	3.1258846903218442	-0.1291154813152441
1.2896600955873316	1.408476768701169	2.2924241650960857	-0.7691560359707886	0.1643994087729363	3.0053881598582013	3.272809357335049	3.1258846903218442	-0.09586616852041288
1.1922568148767534	1.2873807603568233	2.3113850969649223	-0.8781181418402113	0.1563918863588699	3.1587929677775786	3.0612001793705006	3.1258846903218442	0.259128660863453
1.2894439923419265	1.4082080997177642	2.292466232661807	-0.7693977841391538	0.1643816429280006	3.0057285105795555	3.272339871812775	3.1258846903218442	-0.09507856122246366
1.2856071561432882	1.4034379775520973	2.293213127316931	-0.7736899368164534	0.16406621667504934	3.0117713164868753	3.264004323481595	3.1258846903218442	-0.08109487400194133
1.2389319855100207	1.3454093689544604	2.302299112140927	-0.8259040393283323	0.16022905151695963	3.085282142132227	3.162602251426048	3.1258846903218442	0.0890168934307558
1.2845596823811627	1.4021357124690994	2.29341703296049	-0.7748617140515888	0.1639801038709715	3.01342103002945	3.261728680812008	3.1258846903218442	-0.0772772636837148
1.2828066502026494	1.3999562663789011	2.293758285569829	-0.7768227781598425	0.1638359871188496	3.016181959257495	3.2579202084942955	3.1258846903218442	-0.07088818361807604
1.260869317856335	1.3726828176666808	2.298028698855378	-0.8013634087440874	0.1620325193179046	3.050732050694861	3.210261229960172	3.1258846903218442	0.009064354906339875
1.28100475211144	1.3977160680539893	2.294109050623047	-0.778838507087533	0.16368785310069375	3.0190198496093985	3.2540055747050114	3.1258846903218442	-0.06432100743274108
1.27925638583688	1.3955424228191617	2.294449394947918	-0.780794351590073	0.1635441199324739	3.021773430295439	3.2502072390900136	3.1258846903218442	-0.05794893266472377
1.2700628518466075	1.3841126202429213	2.296239046901648	-0.7910788801670803	0.16278831962518925	3.0362527404951503	3.230234234525093	3.1258846903218442	-0.024442288879191948
1.2776469326907247	1.3935414804464326	2.2947626978595626	-0.7825947981748685	0.16341180681069598	3.0243082304473434	3.2467106930317517	3.1258846903218442	-0.052083139019452475
1.2770239307343767	1.3927669372323426	2.294883974037965	-0.783291731631619	0.16336058982813573	3.0252894242505683	3.2453572177597554	3.1258846903218442	-0.04981255355676411
1.2736330587655273	1.352415560367148	2.282531578147123	-0.8080599747272715	0.13867077784873438	3.06353304863797	3.2323266700644013	3.1258846903218442	-0.02929718068580616
1.2769947692740062	1.3924199158501864	2.294777743573778	-0.7835047382405719	0.16314825772589076	3.0256183189853854	3.2452451551977615	3.1258846903218442	-0.049636121583379114
1.289173627131721	1.3836281160840822	2.2828380138337803	-0.7845990911899555	0.14876192012701228	3.030152063546274	3.268470722768673	3.1258846903218442	-0.092626621628713
1.2900282189210146	1.3833646522540515	2.2795018656271324	-0.785935476372203	0.14996659378287439	3.034583746311657	3.2746340044760966	3.1258846903218442	-0.11258583599637802
1.299962261459918	1.3739891430969464	2.2635458431845414	-0.7909486563762005	0.14015639750345893	3.049301582558641	3.303849384231813	3.1258846903218442	-0.18406791886384272
1.349363684237015	1.3188170504195595	2.1876261021328065	-0.8156746409098952	0.07633509903455726	3.118119219191846	3.4474740956834546	3.1258846903218442	-0.5134437063984614
1.3096854012281247	1.3631302257166278	2.2486033939206247	-0.7958152004960408	0.12759515188910675	3.062846202569313	3.332117459625384	3.1258846903218442	-0.24889533958232035
1.3163912989749562	1.3556409998770678	2.2382978198735772	-0.7991715800222104	0.11893185683516576	3.072187715596643	3.3516135100379123	3.1258846903218442	-0.2936057998752429
1.3806899245489692	1.2670706914049228	2.1287043031094193	-0.8416950405715413	0.02712269595701615	3.183516521756665	3.5546312617546616	3.1258846903218442	-0.7705490705786411
1.317029769722651	1.3547615168310627	2.237209581144269	-0.7995938283270401	0.11802021272041506	3.0732931853555128	3.3536294302006957	3.1258846903218442	-0.2983417382243993
1.320736267646693	1.3496558763674749	2.230892056644352	-0.8020450956261793	0.11272786842588278	3.0797107407112363	3.365332400031919	3.1258846903218442	-0.32583516015941494
1.3188025705140167	1.3465736826203816	2.2314955796639997	-0.8035368272288408	0.1105839654269401	3.082064846889004	3.3653972934117817	3.1258846903218442	-0.3253581980666287
1.3145709667421626	1.344111242859118	2.2375835240655833	-0.8031900633791644	0.10406636537938851	3.0785382493539615	3.359959482939071	3.1258846903218442	-0.3003242860830664
1.3149823159558465	1.3322304138390677	2.2347194337201888	-0.8072535937426653	0.08497974188566197	3.0858213907392997	3.3752013146473	3.1258846903218442	-0.3185689806393237
1.314725730557772	1.3396412636526926	2.236505954119275	-0.8047189041863904	0.09688531681839607	3.081278419294542	3.365693987718884	3.1258846903218442	-0.3071885718291556
1.309061517681828	1.3246222025365633	2.2422992049549446	-0.808232015774674	0.07320434145578536	3.0830506889872784	3.3677579629460577	3.1258846903218442	-0.28325297068216093
1.3140929391908276	1.3379633725807911	2.2371531612768525	-0.8051113800224627	0.09423973885399359	3.0814764127291148	3.3659245697492466	3.1258846903218442	-0.3045145477237467
1.309852501253205	1.3344415947451613	2.2427854951443242	-0.8052771875922254	0.0898743541793584	3.0785735279004225	3.357390465904635	3.1258846903218442	-0.2761798589322046
1.3032248800247896	1.3317732784362526	2.2515437551670265	-0.8050837135784596	0.08649280090736126	3.0736553431172506	3.342640761704285	3.1258846903218442	-0.23235137918000776
1.2890156771572967	1.3279021599395895	2.269799475249251	-0.804683394550288	0.08065645524640533	3.063863511277672	3.312298909858236	3.1258846903218442	-0.14350851889590727
1.2906153392941684	1.3289128944676443	2.268065295831376	-0.8042427617482961	0.08165753518687943	3.06427402188319	3.3163400864639305	3.1258846903218442	-0.15474951471945303
1.2879517967919447	1.3267698119242157	2.271615876250213	-0.8042451117208083	0.07794505458330357	3.062519162059567	3.3127986242306924	3.1258846903218442	-0.1399043537272395
1.2843762091933415	1.3226056865666018	2.2770363782707133	-0.8038404530556782	0.0699201695804095	3.059293235692012	3.3105122367753146	3.1258846903218442	-0.12115131252583247
1.2861460810903638	1.3246668774178616	2.2743532964193323	-0.8040407541193635	0.07389238898541203	3.0608900295789887	3.3116439704530345	3.1258846903218442	-0.1304338373391073
1.2885960437115114	1.3231431346636218	2.27214213138016	-0.8036701785099387	0.07032586286945335	3.0613975344802977	3.3198051342530346	3.1258846903218442	-0.1458628692942442
1.2941344982768856	1.3202850142190488	2.2676719846921456	-0.8024777791289646	0.06337254929167549	3.0614699434687376	3.3357374394045625	3.1258846903218442	-0.17540072296041043
1.2976795378591468	1.3180903141906994	2.2656600303621492	-0.8012172300896422	0.05756595019993016	3.060153950801936	3.3455901953573544	3.1258846903218442	-0.19064272325186815
1.3014174404660295	1.3140641575723349	2.264512758748377	-0.7993920553529809	0.047344628533214715	3.057502572714118	3.358525158128935	3.1258846903218442	-0.20643077281345737
1.299528447676686	1.3160988228969086	2.2650925458733395	-0.8003144287477549	0.0525100929544741	3.0588424776331196	3.3519883234449734	3.1258846903218442	-0.1984520973592805
1.302434619386483	1.3137883588073413	2.2642201108919515	-0.7988049890992073	0.04534581113091564	3.056714465055848	3.3616638441830906	3.1258846903218442	-0.2107079863438856
1.3027820643779375	1.3133601989938664	2.2643726285199515	-0.7984331092675816	0.043546551403519124	3.0561599791162446	3.3639088483020574	3.1258846903218442	-0.21326111350865917
1.3034221223661258	1.3121512219511384	2.2647910743220216	-0.7976881566925369	0.03948590410459887	3.054982801677818	3.368588565573505	3.1258846903218442	-0.21819246751298071
1.3026762596557546	1.3126692240777054	2.2652501434300123	-0.7978834734948343	0.0405752892591232	3.055266605190875	3.3671712205329225	3.1258846903218442	-0.21638214404394726
1.3023411751175344	1.312652274925658	2.2656362812092787	-0.7978547209514972	0.04035414468751553	3.0551916399172656	3.367262452997879	3.1258846903218442	-0.2162264265882427
1.3008874168415134	1.3127430499410393	2.2671155589172005	-0.7978787682054505	0.04028093371200193	3.0550965955456353	3.3666635265625207	3.1258846903218442	-0.21457435084357251
1.299869326277209	1.3130290509835487	2.267929751370803	-0.7980499949251266	0.041123511146274744	3.0553250672043535	3.3654403663124337	3.1258846903218442	-0.21295168630524294
1.2972649416401636	1.3137956290513382	2.269953837375542	-0.7985507364324999	0.04373300492591729	3.056069498238556	3.3620677636853857	3.1258846903218442	-0.20907223244785625
1.2946570003846627	1.3144755942149888	2.2720487348514333	-0.799036049640685	0.04632830546991696	3.0569217137428923	3.359240687139973	3.1258846903218442	-0.2067566543988423
1.2896922414167709	1.315395331748364	2.2764039105804095	-0.7997811910962163	0.050337575925274464	3.058484192772811	3.355778819462599	3.1258846903218442	-0.2060294166210507
1.277153388437006	1.3168969074314087	2.288204683682449	-0.8012594685601399	0.05780950060090393	3.0621857248404294	3.3514078429497705	3.1258846903218442	-0.2115328960224862
1.2478394865367877	1.319316932430347	2.31661201048248	-0.8042716872855686	0.07120270242855467	3.071162857594569	3.349264279231765	3.1258846903218442	-0.2393311331878136
1.2098326891056381	1.323036384399118	2.351953651912159	-0.8091513528679769	0.09432639550159694	3.085590308877989	3.345055603163623	3.1258846903218442	-0.2827767828355137
1.2392594707797908	1.3201565968760889	2.324590368587871	-0.8053732693818182	0.0764228647241564	3.0744198475992985	3.348314172687109	3.1258846903218442	-0.2491389671476599
1.2314775839601915	1.3202608409120897	2.331734349496676	-0.806457233482893	0.07959894959889693	3.080773942231392	3.361216451928624	3.1258846903218442	-0.2936263135101084
1.204487653915686	1.3143408920624238	2.354110106954575	-0.8119703755540252	0.07942961457971721	3.139890222235784	3.5449964009620913	3.1258846903218442	-0.8163994678539133
1.2259558211834412	1.3190497020486525	2.3363121169984398	-0.8075851453604382	0.0795643060187111	3.0928683075702397	3.398815263041239	3.1258846903218442	-0.40057840043956533
1.2291761937351102	1.3197560558906711	2.333642296253392	-0.8069273307099353	0.07958451065973475	3.085814697384181	3.376887088257585	3.1258846903218442	-0.3382023841171021
1.2185828845285418	1.3163618621658786	2.344321317019877	-0.8080889580760842	0.07499770846656181	3.1023214149265166	3.434743209831468	3.1258846903218442	-0.4953266403763902
1.226082727554304	1.3187648808674555	2.3367607919888664	-0.8072665500135361	0.07824506920797104	3.09063500154765	3.3937822767158283	3.1258846903218442	-0.3840859284793341
1.2226006341733755	1.3148999598973767	2.3423338782900776	-0.8067162074453985	0.06955954563669008	3.094774385255306	3.4211356470237555	3.1258846903218442	-0.44636871247270493
1.2319549512179597	1.308546121446868	2.33770565325905	-0.8038679881753233	0.05126898566120873	3.088060537177488	3.433459369980225	3.1258846903218442	-0.4458725325518539
1.2142347043012656	1.3056626620801322	2.3579709280623424	-0.804902955242251	0.04670293129468756	3.0910845590797247	3.439697324443081	3.1258846903218442	-0.4633978849773331
1.2248879601456393	1.307396172368962	2.3457876239441235	-0.8042807421880923	0.04944800282752513	3.0892665438367675	3.435947121347674	3.1258846903218442	-0.45286179797870585
1.2317534644352521	1.3047131637413703	2.3403369206599995	-0.803786696585128	0.03948731167121817	3.087438211122267	3.4416209972432754	3.1258846903218442	-0.45113680304368936
1.2363803703522986	1.3053102080238121	2.3350964296658807	-0.8041735405180404	0.03791530277259837	3.085837056827813	3.4340643314518213	3.1258846903218442	-0.4272880846238097
1.2371867956808036	1.3034284389589466	2.3354371635898628	-0.8040001413969213	0.03176040287424259	3.0854498620978754	3.439158341341176	3.1258846903218442	-0.4316761173925029
1.2366799928138474	1.3046110480900257	2.335223027297959	-0.8041091151215857	0.035628486879116385	3.0856931969638155	3.4359569800681933	3.1258846903218442	-0.42891843170374316
1.2332077250246416	1.3042888026883317	2.339075566694121	-0.8040991831832278	0.035487548093556524	3.086388967347005	3.4385784710499285	3.1258846903218442	-0.43670596011367435
1.232693655045765	1.3043319902999464	2.3396181638180775	-0.8040771532738361	0.0353973679144837	3.0863433818204813	3.438596014041331	3.1258846903218442	-0.43658675605809594
1.2315536691694093	1.3041945986648125	2.34100807207609	-0.8039862331084935	0.03397953335406525	3.0860288615798397	3.4391381246912593	3.1258846903218442	-0.4357056434934629
1.2314568118307616	1.304147263211317	2.3411780670872115	-0.8039613832885777	0.033311408028277485	3.0858994980511536	3.4393535637873707	3.1258846903218442	-0.4351592124641256
1.2316591428938117	1.3041405685192367	2.340985644943427	-0.8039538468323646	0.03304726117220485	3.0858798025036465	3.439548641869183	3.1258846903218442	-0.435233946390304
1.2318092112021264	1.3040581104319997	2.3409156521345227	-0.8039188206245269	0.032611913255041716	3.085920593099706	3.44031002762207	3.1258846903218442	-0.436638686114786
