0.6957897093996982
0.2914180679080386
0.5430025081096236
0.23938362136200042
0.9333249329035317
0.3762928573381406
0.13375081812607387
0.5951330431448012
0.02269411872341831
0.028709007321579383
0.0026971258313223667
0.002408721072006126
0.002231186363983284
0.002141855829031203
0.0020024589752911104
0.0012251073241208443
0.007517824913178095
0.001440184749914808
0.0009927420391020458
0.003043317734436779
0.000976918891453682
0.000895094546952635
0.000846845669639329
0.0007916749726908368
0.0007299795346591975
0.0006955249236603178
0.0006826825780695267
0.0006692368849533503
0.0006348372913267952
0.0005591135517938328
0.0005013681802523706
0.00047302260579251687
0.0006896206617784673
0.0003514611576787563
0.00023341698404100164
0.0001943146086853531
0.00018608994622015818
0.00017803529920285
0.0001712949671204278
0.00016031873863514567
0.0001547966185061478
0.0001523460886328487
0.0001499283705765908
0.0001466137243497645
0.0001419283294674667
0.00013427205568039557
0.00034145127607210224
0.00012995910571045322
0.00013086957071717364
0.0001273639708204155
0.0001236074823145472
0.00011832804326084023
0.00011356669257078789
0.00010956990513377729
0.0001040809305773438
0.00010061134995631438
9.820749588573818e-5
9.61479466330406e-5
9.540483678965872e-5
9.438351242957443e-5
9.388642978497286e-5
9.325685677635809e-5
9.312247100867754e-5
9.309105348331848e-5
9.308816301811795e-5
9.30757306983887e-5
9.305669142634088e-5
9.30177110474717e-5
9.298491457748748e-5
9.296981614315136e-5
9.297127420332396e-5
9.296896795868426e-5
9.296546822523677e-5
9.29672070832388e-5
9.296720166429573e-5
