0.04574261536417451
0.9912342593603873
0.5274872003799606
0.001432868620294736
0.02325269785695616
0.0010763600102742243
0.0006639515059159717
0.0001272105130778467
0.00011379431286967501
7.990618771752667e-5
5.7377057606888826e-5
4.961669555764159e-5
4.9276869727776784e-5
4.717120812036679e-5
4.347544082528021e-5
3.361847246052818e-5
2.1901465796447805e-5
1.216083606314644e-5
8.78528220976671e-6
7.911606899058121e-6
7.4170584037358545e-6
7.363612120114826e-6
7.359275087104322e-6
7.353321686165426e-6
7.306363738468491e-6
7.220525507611875e-6
7.041845039579275e-6
6.614851190245297e-6
6.218121605172655e-6
6.1072731679656656e-6
6.10238600018409e-6
6.102019349418786e-6
6.099121458436052e-6
6.0968543672546005e-6
6.092915117772435e-6
6.08849441330328e-6
6.043245409315112e-6
5.975971259841728e-6
5.66090880804726e-6
5.183801898289708e-6
5.5319503568518336e-6
5.022726851877657e-6
4.856007634668202e-6
4.68767518202462e-6
4.526063496601562e-6
4.428122684974056e-6
4.346099395480252e-6
4.319635711014236e-6
4.314742316602338e-6
4.304360094020687e-6
4.284484371230857e-6
4.236514477451436e-6
4.2125781034019205e-6
4.2035022744801864e-6
4.202557705557108e-6
4.202987985812978e-6
4.202575277612031e-6
4.2025561279857016e-6
4.202564722666224e-6
4.202556104004884e-6
4.20255673017067e-6
4.202556208476871e-6
4.202556145027625e-6
4.202556089683007e-6
4.202556112775646e-6
4.202556114829559e-6
4.202556127652635e-6
4.202556095234122e-6
4.2025561066694195e-6
4.202556089683007e-6
4.202857082469258e-6
4.2026903465108845e-6
4.202561853516862e-6
4.202556726895512e-6
4.202556196153395e-6
4.2025560971215015e-6
4.2025560945679885e-6
4.202556095900256e-6
4.2025561180492055e-6
4.202556089683007e-6
4.202556095234122e-6
4.202556089683007e-6
4.2025561052261295e-6
4.202556089683007e-6
4.202556118104717e-6
4.202556089683007e-6
4.202556106114308e-6
4.202556089683007e-6
4.202556108223732e-6
4.202556089683007e-6
4.202556113497291e-6
4.202556089683007e-6
4.202556108112709e-6
4.202556089683007e-6
4.202556134758062e-6
4.202556089683007e-6
4.2025560945679885e-6
4.202556089683007e-6
4.202556109944577e-6
4.202556089683007e-6
4.202556092847143e-6
4.202556089683007e-6
4.2025560916258975e-6
4.202556089683007e-6
4.202556091681409e-6
4.202556089683007e-6
4.202556099563992e-6
4.202556089683007e-6
4.202556099563992e-6
4.202556089683007e-6
4.202556099563992e-6
4.202556089683007e-6
4.202556099563992e-6
4.202556089683007e-6
4.202556099563992e-6
4.202556089683007e-6
4.202556099563992e-6
4.202556089683007e-6
4.202556099563992e-6
4.202556089683007e-6
