0.6491663206470017
0.6726094065118056
0.37424122267693494
0.9805036797894618
0.34173775456450295
0.6109386646959216
0.039758544343910907
0.5267310851340609
0.005726501157597319
0.0021220036950313492
0.0017127664665859132
0.0016665032879958908
0.001647862898937813
0.0015995540872223435
0.0015846414622550653
0.001559578077581114
0.0015057926726707027
0.0014359107159379603
0.00130762476221008
0.0012069355268985449
0.001143995646027296
0.0010141200747599277
0.0009765673220008542
0.0009404455860249628
0.0008855931589659138
0.000853786139738244
0.0009958949659277239
0.0006887016334548024
0.0035721033777184608
0.0006571236500897415
0.0006631575926875355
0.000612770865376755
0.0005525175433258034
0.0004511747758394469
0.0003857317403705429
0.00027790610791422754
0.0005366194319743611
0.0002196493944478517
0.00018759795984180094
0.00018574349122169043
0.00018551694603702318
0.0001851757655995656
0.00018382920699017147
0.00018124530681873363
0.0001773819261330356
0.00017306938125627447
0.00016949920462916435
0.00016826328385166622
0.00016808913293536731
0.000167971180809523
0.00016795849738693303
0.00016794561123023577
0.0001679414953085212
0.00016792343862670478
0.00016789231269043192
0.00016777602585549278
0.0001675093646121839
0.0001666669317222924
0.00016534851517507887
0.0001620777530667583
0.0001593516799366923
0.00015735193516580592
0.0001491581303786349
0.00014870908835007413
0.00014538560940957623
0.00014286915580202786
0.0001429000989728313
0.00030342453826703863
0.00014080498740126624
0.00013948899896276679
0.0001400863887366377
0.00013924921195102025
0.0001390148416599013
0.00013888118270471983
0.00013837550230388906
0.00013677228101838246
0.00013427141395327968
0.00013390084794373536
0.0001330700828319209
0.00013681460373782262
0.00013252195157020807
0.00013196840987472758
0.00013081822668725707
0.0001288432434808362
0.0001239070146440424
0.00043302274327050583
0.00012317741965239826
0.00011955144355679792
0.00011257576977696804
0.00010849364709819564
0.00010766117398430808
0.00010728200255955
0.00010714229020802879
0.00010711840864030542
0.00010711641664690186
0.00010711437727900508
0.00010709899968003311
0.00010706806644605882
0.00010699526911805979
0.00010688956091059465
0.00010659477215591018
0.00010651244768000723
0.00010633467720266854
0.00010629738877365735
0.00010623836223722094
0.00010661373509751604
0.00010614407392700587
0.00010608434537057176
0.00010599726812665633
0.0001059277411420978
0.00010591700686729544
0.00010589691193257922
0.00010585327855722193
0.00010582920726792677
0.00010579055411030769
0.00010579150921280478
0.00010577925571447766
0.00010576896529562729
0.00010576120179217607
0.00010575422180086891
0.0001057462208524651
0.00010574054628031959
0.00010574333438367889
0.00010573639133265589
0.00010572575209050195
0.0001057107956015102
0.00010668428074595004
0.00010569954969641415
0.00010577666045957779
0.0001056923271457455
0.00010567802480287991
0.00010562007104969462
0.0001054750081395106
0.00010512947842628018
0.00010483707875547088
0.00010469649442712559
0.0002955812062430674
0.00010464634649826055
0.00010421705357360755
0.00010404298579658189
0.0001040103759256672
0.00010397734883205167
0.00010396200975709702
0.00010395385878569918
0.00010394809762592772
0.0001039284551322961
0.0001039057809086863
0.00010384939774121804
0.00010386246972687863
0.00010383923368484371
0.00010381835689166063
0.00010379673583366111
0.00010389181081205123
0.00010378181145653809
0.0001037551867673625
0.00010375549469032741
0.00010374681631319937
0.00010374250263861517
0.00010374063934076583
0.00010373902519800193
0.00010373733209845248
0.00010373800712487613
0.00010373701905741495
0.00010373694766085961
0.00010373750993442066
0.00010373737799668215
0.00010373694517484822
0.00010373694350879203
0.00010373673912306147
0.00010373495252685716
0.00010372798147539886
0.00010371529248393019
0.00010370955279792593
0.00010369961797723759
0.00010369332200504955
0.00010369163041601404
0.00010369322399261804
0.00010369191491305108
0.00010369163040052642
0.00010369177093422222
0.00010369169692325819
0.00010369163055951036
0.00010369162990431224
0.00010369163047901919
0.00010369162939494192
0.00010369162986512137
0.00010369163077217358
0.00010369162965745415
0.0001036916295890089
0.00010369162939494192
0.00010369167767465548
0.00010369168135027085
0.00010369162714057856
0.0001036916523893261
0.00010369162714413127
0.00010369162658241393
0.00010369162670403886
0.00010369162620127437
0.00010369162707646318
0.00010369162760337503
0.00010369162683576683
0.00010369162720041958
0.00010369162620127437
0.00010369162753298689
0.00010369162620127437
0.00010369162660456288
0.00010369162620127437
0.00010369162623674599
0.00010369162620127437
0.00010369162637441365
0.00010369162620127437
0.00010369162680590183
0.00010369162620127437
0.00010369162646634011
0.00010369162620127437
0.00010369173577973179
0.00010369161610296329
0.00010369153097405936
0.00010369150165739915
0.00010369182587455228
0.00010369151493494488
0.00010369150162892193
0.00010369150166328334
0.00010369150170719266
0.00010369150161759766
0.00010369150162164997
0.00010369150161759766
0.00010369308268343147
0.00010369228888218451
0.00010369150159955653
0.00010369150160205454
0.00010369150165079333
0.00010369150160677298
0.00010369150159955653
0.00010369150150985051
0.00010369150163841434
0.00010369150150985051
0.00010369150161126939
0.00010369150150985051
0.0001036915015237283
0.00010369150150985051
0.00010369150151645634
0.00010369150150985051
0.00010369150151906537
0.00010369150150985051
0.00010369150151839923
0.00010369150150985051
0.00010369150152106377
0.00010369150150985051
0.00010369080585626023
0.00010369081075789488
0.0001036908058994479
0.00010369080587480095
0.00010369080584238244
0.00010369080580391321
0.00010369080586319912
0.00010369080585592716
0.00010369080580391321
0.00010369080582561807
0.00010369080580391321
0.00010369080585970192
0.00010369080580391321
0.00010369080585259649
0.00010369080580391321
0.00010369080579597512
0.00010369080579830658
0.00010369080579597512
0.00010369080582584012
0.00010369080579597512
0.00010369080581856815
0.00010369080579597512
0.00010369080578720435
0.00010369080578931378
0.00010369080578720435
0.00010369080578753742
0.00010369080578720435
0.0001036908057864272
0.00010369080578798151
0.0001036908057864272
0.00010369080578953582
0.0001036908057864272
0.00010369080579331058
0.0001036908057864272
0.00010369080578809253
0.0001036908057864272
0.00010369080578809253
0.0001036908057864272
0.0001036908057864272
0.00010369081167571625
0.00010369080586303259
0.00010369080582950385
0.00010369080578459533
0.0001036908058416608
0.00010369080579619716
0.00010369080578459533
0.00010369080583477741
0.00010369080578459533
0.00010369080582206536
0.00010369080578459533
0.000103690805852652
0.00010369080578459533
0.00010369080581773549
0.00010369080578459533
0.00010369080582023349
0.00010369080578459533
0.00010369080581856815
0.00010369080578459533
0.00010369080578348511
0.0001036908058162922
0.00010369080578348511
0.00010369080580463486
0.00010369080578348511
0.00010369080578653822
0.00010369080578348511
0.00010369080579131218
0.00010369080578348511
0.00010369080579059053
0.00010369080578348511
0.00010369080579059053
0.00010369080578348511
0.00010369080579059053
0.00010369080578348511
0.00010369080579059053
0.00010369080578348511
0.0001036923139295376
0.00010369080652605778
0.00010369080577443679
0.00010369080578703782
0.00010369080587002699
0.0001036908057615582
0.0001036908057764907
0.0001036908057615582
0.00010370348984550803
0.00010369081243005729
0.0001036908058078545
0.00010369080581373868
0.00010369080586297708
0.0001036908057615582
0.00010369080580446832
0.0001036908057615582
0.0001036908058904551
0.0001036908057615582
0.00010369080584232693
0.0001036908057615582
0.00010369080586020152
0.0001036908057615582
0.00010369080588423785
0.0001036908057615582
0.00010369080577821155
0.0001036908057615582
0.00010369080586880575
0.0001036908057615582
0.00010369080586830615
0.0001036908057615582
0.00010369080586913881
0.0001036908057615582
0.00010369080577415923
0.0001036908057615582
0.00010369080576144718
0.00010369080576527745
0.00010369080576144718
0.00010369080576866363
0.00010369080576144718
0.00010369080577271594
0.00010369080576144718
0.00010369080577271594
0.00010369080576144718
0.00010369080577271594
0.00010369080576144718
0.00010369080577271594
0.00010369080576144718
0.00010369080577271594
0.00010369080576144718
0.00010369080577271594
0.00010369080576144718
0.00010369080577271594
0.00010369080576144718
0.0001036916861378856
0.00010369080591021707
0.00010369080588906732
0.00010369080589023305
0.00010369080576144718
0.0001036908058571484
0.00010369080576144718
0.00010369080583055856
0.00010369080576144718
0.0001036908058575925
0.00010369080576144718
0.00010369080582794954
0.00010369080576144718
0.00010369080587885326
0.00010369080576144718
0.0001036908058705821
0.00010369080576144718
0.00010369080577138368
0.00010369080576144718
0.00010369080586963841
0.00010369080576144718
0.00010369080586902779
0.00010369080576144718
0.00010369080586991597
0.00010369080576144718
0.000103690805763057
0.00010369080576144718
0.00010369080576588807
0.00010369080576144718
0.00010369080576722034
0.00010369080576144718
0.00010369080577593559
0.00010369080576144718
0.00010369080577271594
0.00010369080576144718
0.00010369080577271594
0.00010369080576144718
0.00010369080577271594
0.00010369080576144718
0.00010369080577271594
0.00010369080576144718
0.00010369080577271594
0.00010369080576144718
