0.7580854747061323
0.42747893754921934
0.9028884312625965
0.7560217620813559
0.3626183438957137
0.9700852967587626
0.9050089340543167
0.4033326426226881
0.27142404016575106
0.44483869824953515
0.2399724339000393
0.8951348195170292
0.2255047258026775
0.6888410584132695
0.2038962021715338
0.18898963394031154
0.18613448127423798
0.1774606128255647
0.8461844479547131
0.16717931926831514
0.7650083961684326
0.15901972936964787
0.17031537893019977
0.14567372068027523
0.12318688517765397
0.0958196592493325
0.08737112757051418
0.08395985688692831
0.08115798506308064
0.0770928038824576
0.07319221130018633
0.07083737090924969
0.07045303011003701
0.07002323596699439
0.06938023366701035
0.06875851765875479
0.06830855725688356
0.06787115790258735
0.0669852609256113
0.0663749272030923
0.0659954103197925
0.06609003586623524
0.06584290716234875
0.06577941456165493
0.06572414079193512
0.06571673861189575
0.06571607900478732
0.06571604266637754
0.06571601463774013
0.06571603545952026
0.06571601423030016
0.06571601372998032
0.06571600551634249
0.06571601686837908
0.06571600592216009
0.06571600561617141
0.06571600551634249
0.06571600554053414
0.06571600551634249
0.06571600565387525
0.06571600551634249
0.06571600557673374
0.06571600551634249
0.06571600558428226
0.06571600551634249
0.06571600570874736
0.06571600551634249
0.06571600560707253
0.06571600551634249
0.06571600569350922
0.06571600551634249
0.0657160055140677
0.0657160360537904
0.06571600581564302
0.06571600570377473
0.0657160055140677
0.0657160055953867
0.0657160055140677
0.06571600570782343
0.0657160055140677
0.06571600547424306
0.06571600566916258
0.06571600547424306
0.0657160055880206
0.06571600547424306
0.06571600565744734
0.06571600547424306
0.06571600561603397
0.06571600547424306
0.06571600563221658
0.06571600547424306
0.06571600566592617
0.06571600547424306
0.06571600577274539
0.06571600547424306
0.06571600551865198
0.06571600547424306
0.06571600549658341
0.06571600547424306
0.06571600575640668
0.06571600547424306
0.06571600567615726
0.06571600547424306
0.06571600567726132
0.06571600547424306
0.06571600548051659
0.06571600547424306
0.06571600547601958
0.06571599701713077
0.0657160142845904
0.06571599547008244
0.06571600383974835
0.06571599483678181
0.06571599458252603
0.06571599979853593
0.06571599446183318
0.06571599786526894
0.06571599429851088
0.06571599789914045
0.06571599429851088
0.06571599431120001
0.0657159942971155
0.06571599443331239
0.0657159942971155
0.06571599433467579
0.0657159942971155
0.06571601427043638
0.06571599504663461
0.065715997854081
0.06571599442452247
0.0657159942971155
0.06571599428589309
0.06571599433922604
0.06571599428589309
0.06571599785790261
0.06571599428589309
0.06571599438809611
0.06571599428589309
0.06571599427906522
0.06571599438863085
0.06571599427906522
0.06571599449586518
0.06571599427906522
0.06571599431669295
0.06571599427906522
0.06571599432385422
0.06571599427906522
0.06571599444231435
0.06571599427906522
0.06571599436003706
0.06571599427906522
0.065715994279064
0.06571599427942487
0.065715994279064
0.06571599428343156
0.065715994279064
0.06571599427942248
0.065715994279064
0.06571599428648917
0.065715994279064
0.06571599428241148
0.065715994279064
0.06571599428241148
0.065715994279064
0.06571599428241148
0.065715994279064
0.0657160142727069
0.0657159949286692
0.06571599442442139
0.065715997881162
