0.4054651081081643	0.4700036292457356	10.0	-0.40546510810816466	0.0	2.4304	1.6949152542372883	3.1258846903218442	0.0
0.47796009135244777	0.15458636091334804	10.0	0.22516758485073723	0.3000144000432607	2.4923627496426546	1.3264891187474923	3.1258846903218442	-0.5249567570816496
0.4371475085904869	0.3321571774343969	10.0	-0.12986041601183201	0.13111495371486775	2.4574795103510736	1.5339023972040036	3.1258846903218442	-0.22942125743678518
0.8508879956947795	0.4643770402597928	10.0	1.4921646047166908	1.0080730231674477	1.44943426511136	0.363383807376942	3.1258846903218442	-2.0311778540637753
0.5342015174429317	0.3631729183084349	10.0	0.25062937318540146	0.33682916078114195	2.221015264756229	1.2593256392605865	3.1258846903218442	-0.6520719433845381
0.7851363156127185	-0.21331368424416353	10.0	0.1862423369962946	0.9521235340330174	1.5614523764470523	0.7896778967291944	3.1258846903218442	-1.6436952150638802
0.6208696917910653	0.16406525470896086	10.0	0.22839129812009556	0.5493403007480172	1.993214609707738	1.0971181147211746	3.1258846903218442	-0.9945600288330216
0.5256472318057166	0.131098010868022	10.0	-0.0806997033556473	0.603383815080383	1.957094604396966	1.3506470013497573	3.1258846903218442	-1.2653346019767167
0.6068819215968269	0.1592225082512929	10.0	0.18298715818908612	0.5572790607746588	1.9879087361377892	1.1343604187354523	3.1258846903218442	-1.0343356500904413
0.6061119337864822	0.14852341772662345	10.0	0.15521336381719555	0.5691667051977065	1.9717638067928787	1.1359245596980756	3.1258846903218442	-1.0647610740028342
0.6008080667771841	0.15268916457592904	10.0	0.1619481491536785	0.5602091597382549	1.9769505156146265	1.1460161542112395	3.1258846903218442	-1.0531697514530167
0.6039083193449162	0.14975311302350278	10.0	0.16364524557643442	0.5624757597016338	1.9723066386216912	1.1434108094362085	3.1258846903218442	-1.0544675324055264
0.603956148144238	0.14825173538047465	10.0	0.16398595680924613	0.5621031948040206	1.9693264571923974	1.1449807591510668	3.1258846903218442	-1.0541015091158734
0.6045843613924602	0.14158424481069376	10.0	0.1670690600163713	0.5601514605710228	1.9552595085489595	1.152145400245932	3.1258846903218442	-1.050151252235805
0.605255423350509	0.13945320635183947	10.0	0.167952010562145	0.5597761001607143	1.9491570920423005	1.154827542044697	3.1258846903218442	-1.046629605905495
0.6068951473641705	0.13822370130874528	10.0	0.1671516468391127	0.5605231621522797	1.9414142198198354	1.1572415244802474	3.1258846903218442	-1.0392262469910152
0.6116543361732982	0.13824462363064116	10.0	0.1614606411306235	0.564391839416714	1.9257895302883292	1.1600165586725562	3.1258846903218442	-1.0195326468638026
0.6174420445340949	0.14115028169502775	10.0	0.15093117516733376	0.5704995442322711	1.9119760327946946	1.1599020738291048	3.1258846903218442	-0.9964184695224177
0.6255761760446493	0.14853237849167036	10.0	0.13012597753686206	0.5807708799824648	1.8972902524910271	1.1555732070783302	3.1258846903218442	-0.9626240450406978
0.6277828844526564	0.1527679583270167	10.0	0.11581004839451223	0.5849550108976799	1.8923504906399309	1.1519105900610462	3.1258846903218442	-0.9452971735250676
0.6306743021688914	0.1517449117445522	10.0	0.10343835394254958	0.5873250723656644	1.8740970455289827	1.154175941320358	3.1258846903218442	-0.9197583614170299
0.6379063527857182	0.1425799128747634	10.0	0.07447065897447394	0.5889038968096291	1.8172297844381429	1.1665795975267572	3.1258846903218442	-0.8494010473235065
0.6447782321049551	0.13687936295953	10.0	0.05900248905166114	0.5877749007877351	1.7869715982501528	1.175989942656013	3.1258846903218442	-0.8096887061740863
0.6587815968440689	0.13078669883124402	10.0	0.03924140383461538	0.5879410383575598	1.7483781043886149	1.188975469800849	3.1258846903218442	-0.7567583145296642
0.6787447785513508	0.12256243642545175	10.0	0.02676889570687476	0.5864404220997773	1.7120778723236367	1.2076562182641633	3.1258846903218442	-0.7089774225120492
0.6974211614724583	0.11818023800123736	10.0	0.03284699538514468	0.5862600067196312	1.7045894856899204	1.218203849275045	3.1258846903218442	-0.7038614313053657
0.75057089413762	0.10720590792711379	10.0	0.001874136500772526	0.5952669666228487	1.6278199738493833	1.2441538409860537	3.1258846903218442	-0.6071194477583797
0.7219774056849563	0.1131098770444572	10.0	0.01853691236900904	0.5904214031350935	1.6691204290023378	1.230193266753066	3.1258846903218442	-0.6591646914638423
0.8005672752569499	0.09893886762602092	10.0	-0.016127474373718816	0.6054759974094868	1.5704098859683358	1.2633830448306884	3.1258846903218442	-0.541668925921797
0.7325841925565262	0.11119730386581525	10.0	0.013858475259796504	0.5924532282771389	1.655798079727035	1.2346726850839687	3.1258846903218442	-0.6433070173106262
0.7495641110405702	0.11531184973394483	10.0	0.009532194072620293	0.6008755276996385	1.6528834327214614	1.2283977105917419	3.1258846903218442	-0.640545243117476
0.7407789617308584	0.11318304682908147	10.0	0.011770545583015062	0.5965179591973345	1.6543914263642536	1.2316442861203962	3.1258846903218442	-0.6419741427125673
0.7641180242580073	0.11060240339879063	10.0	0.008472346123296054	0.5985253355344462	1.6407933112666488	1.2398613241065837	3.1258846903218442	-0.622848970092623
0.8421706559946678	0.10227087731012742	10.0	0.004112703756974945	0.6034284117022278	1.6077190503841436	1.2638846604728728	3.1258846903218442	-0.5753121170321774
0.8570522943717623	0.102491372878958	10.0	0.008149512747677872	0.6036993536538775	1.6139863491481736	1.2633187779137016	3.1258846903218442	-0.5827059832616963
0.9018760943483155	0.09648489024077238	10.0	0.0066985074905223235	0.6081741073645262	1.5926602769236513	1.271890040282538	3.1258846903218442	-0.5638987874567281
1.0841581093821675	0.07553194944107292	10.0	0.003815904389751118	0.6239789390626074	1.5207635022268486	1.3074292081268601	3.1258846903218442	-0.4937917369538371
0.9560948904831058	0.09025255171065322	10.0	0.00584109284196688	0.6128751687809462	1.5712749714709386	1.2824609728882235	3.1258846903218442	-0.5430458257527345
0.9925066156511674	0.08513830272968717	10.0	0.007163316822545252	0.6163546147112978	1.5575653858207457	1.2859440885248432	3.1258846903218442	-0.5375683908916019
0.9968674441302805	0.08448569241910593	10.0	0.007769500348623068	0.6161871797598265	1.5570720630315287	1.2871612600251743	3.1258846903218442	-0.5363876512601408
0.9943218718643174	0.08462856942128663	10.0	0.007777870653171581	0.6160664848618383	1.557674018041952	1.2866138660411173	3.1258846903218442	-0.536970047490981
0.9927805583280275	0.08458976877699843	10.0	0.00767151120986393	0.616214017865239	1.5575869567543197	1.2861450189928154	3.1258846903218442	-0.5365051786787306
0.9895173901021462	0.08423191458088221	10.0	0.0071205367047798	0.6173508330358289	1.5563851129344013	1.2844323593039229	3.1258846903218442	-0.5328718073160909
0.9858856369235645	0.08345078963530321	10.0	0.005643870294690254	0.6205175152292093	1.5530649839248916	1.2808847348401935	3.1258846903218442	-0.5228494910650648
0.9840196591057262	0.08222581457229375	10.0	0.002905873696980865	0.6265728597730581	1.5469647925359267	1.2751610882725104	3.1258846903218442	-0.5040107010893322
0.9857454671584265	0.08102996682650784	10.0	-0.00034775542249888824	0.6341705090123715	1.54006314851428	1.2686043677288192	3.1258846903218442	-0.4811125963756342
0.9921343750856024	0.08023988400050386	10.0	-0.0028061531498127946	0.6405613733498329	1.5347525560245217	1.2637965364041017	3.1258846903218442	-0.4629542120038246
1.000625169960011	0.07937904082304269	10.0	-0.004492780493215454	0.6452509587564532	1.5298190392239428	1.2611701722852424	3.1258846903218442	-0.45005870684156596
1.004927743232718	0.07911914273693939	10.0	-0.004709040952552087	0.6465121756359693	1.5286256501652966	1.2606888037037685	3.1258846903218442	-0.447339967116198
1.0063646013826526	0.07870308728745587	10.0	-0.005246333621864843	0.6480030976868488	1.5268342582932133	1.2597116292066424	3.1258846903218442	-0.44303806010826907
1.0061558190822202	0.07864101038877762	10.0	-0.005262309785745184	0.6481662161298849	1.526698842431314	1.2595534740664813	3.1258846903218442	-0.44268716136791286
1.0061329093653286	0.07852473072887438	10.0	-0.005356532333461315	0.6486612858046692	1.5262953372165782	1.2592105650450733	3.1258846903218442	-0.441627975928914
1.0061703609150148	0.07846808846852252	10.0	-0.005414984315747616	0.6490120944200174	1.5260403645040188	1.2590421267859926	3.1258846903218442	-0.44099173335009
1.0064830585058424	0.07832837270725013	10.0	-0.005554257056540567	0.6500694690889377	1.525301316330259	1.2587137013921967	3.1258846903218442	-0.4393500577957813
1.0063627756170648	0.07824185321318626	10.0	-0.005649075896568469	0.6516391599922992	1.52448344178265	1.258537669633867	3.1258846903218442	-0.4377944535684948
1.0067615820273312	0.07792469462045806	10.0	-0.005873060078832811	0.6573886068122574	1.5213852321704124	1.258448902622876	3.1258846903218442	-0.432759269153369
1.0075731833790478	0.07749707526177034	10.0	-0.0059046050653024686	0.6690195629889849	1.5155541386868103	1.2595770643014301	3.1258846903218442	-0.42524971075327594
1.011131749625628	0.07628259020415841	10.0	-0.0052753979196846915	0.709388797523796	1.4958235300487954	1.2658097648638862	3.1258846903218442	-0.4036130469166354
1.0164649525067038	0.07471711387707348	10.0	-0.0014736030177020794	0.7992384592163194	1.4549185443527934	1.2857983031297051	3.1258846903218442	-0.37005372606594805
1.016156063908442	0.07480837200667363	10.0	0.006486604351358645	0.8998368431232264	1.4141118774716614	1.3175247271410142	3.1258846903218442	-0.35515851729750525
1.0268480091007461	0.07390037697315915	10.0	0.011923209299653766	0.9923534466693633	1.3735986340837476	1.343010430531256	3.1258846903218442	-0.32843981781198206
1.0548401114647858	0.07401464810539311	10.0	0.018162803780964548	1.071902279784116	1.3401484291869663	1.372300694575747	3.1258846903218442	-0.311222280703235
1.066328849305495	0.07405626550269903	10.0	0.03164434719235312	1.2510495968408604	1.2661797560083616	1.4294011754270164	3.1258846903218442	-0.27909816126844533
1.0656614255287644	0.07537175450057103	10.0	0.0330862582131935	1.2627500294560536	1.26373596812931	1.4359043630394568	3.1258846903218442	-0.2828575940806898
1.0737724387271235	0.07622556252291426	10.0	0.0372602629488587	1.333848826160248	1.235380860324724	1.4570293431332815	3.1258846903218442	-0.2652439141039103
1.1039100641982698	0.07827734224271392	10.0	0.055277532721448946	1.594609370016908	1.130401237276749	1.5401555617419955	3.1258846903218442	-0.21112525725723502
1.0888119132484013	0.0772494550272771	10.0	0.04625135847983496	1.4639752543103826	1.1829932438021502	1.4985115311713815	3.1258846903218442	-0.2382372688209038
1.1524985764387214	0.08180748964336185	10.0	0.07786963519798457	1.927007964620516	0.9974419257649636	1.647767571118833	3.1258846903218442	-0.14033302318112528
1.1039467667284057	0.0783326517691927	10.0	0.05376530192493857	1.5740129274422092	1.1388977947577834	1.5339815681061113	3.1258846903218442	-0.21497075839939972
1.120072452576962	0.07963812758519015	10.0	0.05913633553475285	1.6633181766164629	1.1034415702434184	1.561975650899883	3.1258846903218442	-0.19231512702839504
1.1097516874043563	0.0789168892764894	10.0	0.054212740698374194	1.5907976508313642	1.1325177846277166	1.538660818174462	3.1258846903218442	-0.20752651059820415
1.1168581919573666	0.07941350781580002	10.0	0.05760294951881854	1.6407326544923753	1.11249695802711	1.5547145663360478	3.1258846903218442	-0.19705250360467602
1.1149081078319987	0.07894942831217142	10.0	0.05728060008296419	1.6306497876554238	1.1159420846363468	1.5520274072253224	3.1258846903218442	-0.20029590961532764
1.114915551494185	0.07895924457545496	10.0	0.057406278476271076	1.6310302343237355	1.1156813187936399	1.5525765304845547	3.1258846903218442	-0.2006628286064482
1.1149453261429312	0.07899850962858916	10.0	0.057908992049498606	1.6325520209969822	1.1146382554228125	1.5547730235214836	3.1258846903218442	-0.2021305045709305
1.1150644247379156	0.07915556984112596	10.0	0.059919846342408725	1.6386391676899688	1.1104660019395025	1.5635589956691993	3.1258846903218442	-0.20800120842885972
1.1272567141742866	0.08049995443785128	10.0	0.07106480952485139	1.730712354771957	1.0678219579836112	1.6150512159303179	3.1258846903218442	-0.2102804158033708
1.1217707714078964	0.08003510965436125	10.0	0.06761760237376978	1.6935200825434265	1.0836406226554067	1.599012599264048	3.1258846903218442	-0.2141137602447743
1.1263053567148502	0.08030337990794917	10.0	0.0698915725720839	1.7223153765705121	1.0710946240211958	1.610231810871628	3.1258846903218442	-0.20910224886870094
1.140840790886894	0.08130446869122525	10.0	0.07849399313349152	1.8212838284679616	1.026592948733505	1.652615720362607	3.1258846903218442	-0.1957617151178154
1.1306419184002927	0.08060204888542155	10.0	0.07245805438247334	1.7518420347691022	1.057817809740562	1.622876802125577	3.1258846903218442	-0.20512217872819485
1.1353002569205297	0.08090674898355214	10.0	0.07449675247506454	1.7805576463221693	1.0448956470701984	1.6338027390594825	3.1258846903218442	-0.19931191442695445
1.1404498676325352	0.08117582794247581	10.0	0.07596458694841958	1.80548029333971	1.033008030966497	1.6429906091661048	3.1258846903218442	-0.19308214310362173
1.1513425780925692	0.08166363491993	10.0	0.07974998540157702	1.844201811408093	1.0115087361338757	1.665071072708553	3.1258846903218442	-0.19038786355757456
1.1726087435398558	0.08199702392312513	10.0	0.08281913439439065	1.8711789630081395	0.9885033977155632	1.6897483467481933	3.1258846903218442	-0.1911940251719276
1.2396638803099422	0.08271669111158347	10.0	0.09319018156171886	1.9623672646461396	0.9179876993284537	1.765726674240713	3.1258846903218442	-0.19098214222748086
1.182651192139186	0.08210480419316615	10.0	0.08437234438121427	1.8848356920250333	0.9779426814064389	1.7011271684948828	3.1258846903218442	-0.19116229272485233
1.2193777711821159	0.08190288754391566	10.0	0.08518771454910633	1.8735752780714992	0.9647111331705163	1.7207364097669782	3.1258846903218442	-0.20082110281414045
1.2350566436421901	0.08158621969751914	10.0	0.08203401147844128	1.823644139559251	0.9793086030427601	1.712535707775686	3.1258846903218442	-0.21251843490148592
1.2549385225973202	0.08190633984197696	10.0	0.08214437665804851	1.8165428586851786	0.9749590410514388	1.721371432741995	3.1258846903218442	-0.21672700171103132
1.2584662744750381	0.08196487624178363	10.0	0.08253723217557946	1.8136238005608636	0.9756912572901303	1.7235186082178489	3.1258846903218442	-0.2188403860332297
1.2689758005850598	0.0810927927736809	10.0	0.08247239676555314	1.7931436288207883	0.9788726328767056	1.7248590868617073	3.1258846903218442	-0.2267512470276521
1.2643825371791222	0.08100693554019504	10.0	0.08252533600469647	1.7937407529748293	0.9802710766923083	1.7229908307613788	3.1258846903218442	-0.2265497281673885
1.2652371593581746	0.08115619037343502	10.0	0.08255418152331585	1.7939757095166058	0.9798553336089093	1.7238556652115147	3.1258846903218442	-0.22687899120953128
1.2656637235132233	0.08114271425896769	10.0	0.08254880139833601	1.7934256637394868	0.9798826562083297	1.7239578877877937	3.1258846903218442	-0.22706238749265728
1.2661792123581723	0.08113343460929434	10.0	0.08255581121989496	1.7927584009713033	0.9798474266546413	1.7241730906892014	3.1258846903218442	-0.22730815455986636
1.2668536872137888	0.08112205676914298	10.0	0.08260473320840145	1.7919712327078796	0.9795744903812057	1.7246716619045812	3.1258846903218442	-0.22761106425801408
1.2679738094927604	0.08110905279764417	10.0	0.08279974423833106	1.7910376382907292	0.9783856070223105	1.7261462826258696	3.1258846903218442	-0.2279682383085655
1.2693825942168369	0.08115097854626775	10.0	0.08330033793553103	1.7909997682916148	0.9749710470720808	1.7296247234467736	3.1258846903218442	-0.2278865047378631
1.2693083338051891	0.08119802835938746	10.0	0.08376830364022776	1.792178098294941	0.9715976270731012	1.7324147789927182	3.1258846903218442	-0.22695004910105476
1.2656865433136948	0.08137802851833088	10.0	0.08487066838762326	1.7976118095486477	0.9634466946502168	1.7379301046428073	3.1258846903218442	-0.2230648486215049
1.2600198234907047	0.08148103261788232	10.0	0.08513345747440886	1.8020943234134963	0.9612518290223554	1.7376547662734216	3.1258846903218442	-0.21970326022726178
1.2593214295486514	0.08173323890707725	10.0	0.08572834326663281	1.803101556961162	0.9570706880456694	1.7414987520041567	3.1258846903218442	-0.2189448117179323
1.260740741966577	0.08170351949712379	10.0	0.08551279678632799	1.8005872793224535	0.958708007325077	1.7406969863130917	3.1258846903218442	-0.22012012469209472
1.2614292919256613	0.08172804188260206	10.0	0.0855741803048892	1.7979997342345768	0.9581158792563242	1.7414391267057616	3.1258846903218442	-0.2203129225821923
1.2630616432860946	0.08177953528593611	10.0	0.08630256022240815	1.7840539717853032	0.9525182436997695	1.746674168460098	3.1258846903218442	-0.21996221553257195
1.2619991535114967	0.08174601847342391	10.0	0.08582846118151242	1.7931312025583335	0.9561617181899587	1.7432667045596186	3.1258846903218442	-0.22019048909127567
1.2629307803709315	0.08173377484957825	10.0	0.08601907655393289	1.7856094750755225	0.9544617395698691	1.7448246192527352	3.1258846903218442	-0.22012883975754605
1.2637832072408113	0.08166776182965933	10.0	0.08589578526148689	1.7809895357485468	0.9551621850823734	1.7442971348423173	3.1258846903218442	-0.22053095566783903
1.2631129004257418	0.08175836437564162	10.0	0.08611524792899981	1.7758895819498945	0.953679480759715	1.7455006408924725	3.1258846903218442	-0.22015483388796017
1.2616856804398722	0.08187827699571652	10.0	0.08639505086149109	1.7680047499758687	0.9516241298979778	1.7468313441773382	3.1258846903218442	-0.21925383206922058
1.2625093444700584	0.08180907413077702	10.0	0.08623357357465694	1.772555171456346	0.9528102950238773	1.7460633809751365	3.1258846903218442	-0.21977380992587595
1.2609542813856773	0.08189791976232148	10.0	0.08639046772529267	1.7685284246952084	0.9518205779898832	1.7464882070938217	3.1258846903218442	-0.2190689078413522
1.2610814675527362	0.0818516700660115	10.0	0.08638958454514335	1.7615519822187269	0.9515762793790041	1.746421464776345	3.1258846903218442	-0.21892857512905783
1.2616836436547147	0.0817561148914593	10.0	0.0862461063180154	1.7529085431386726	0.952272792600416	1.745541801296342	3.1258846903218442	-0.2191078447718622
1.2621878924942234	0.08175589231492945	10.0	0.08621244646371298	1.74127902862401	0.9524736893978226	1.745388504515989	3.1258846903218442	-0.21951710105245162
1.2619457529628981	0.081755999195843	10.0	0.08622860987492321	1.746863503933592	0.9523772190590585	1.745462117398439	3.1258846903218442	-0.21932057680448225
1.2621659105862015	0.08179604124312392	10.0	0.08619946676025031	1.7417726416208215	0.9526616088048938	1.745350512674126	3.1258846903218442	-0.21966631674213646
1.262195695832667	0.08182471616260935	10.0	0.0861572281970209	1.7395474235604005	0.9529288424277089	1.7451218544021037	3.1258846903218442	-0.2198032747395121
1.2621694804850827	0.0818217249445438	10.0	0.08605776818871498	1.7316700774168379	0.9533641385263465	1.7444189994962407	3.1258846903218442	-0.21983368619755747
1.2620832162587348	0.08177803055683165	10.0	0.08598007196074207	1.7270293950715796	0.9537921519499596	1.7437248437756347	3.1258846903218442	-0.2198223335131992
1.2620678485316972	0.08173220894050622	10.0	0.08587955826300046	1.7214607201167398	0.9544233943229504	1.7428556594619207	3.1258846903218442	-0.21993145839166112
1.2621219337634102	0.08168231549127847	10.0	0.08564459393020016	1.7074566661113757	0.9558285239479275	1.741018117748609	3.1258846903218442	-0.2202892198736331
1.2620927706263643	0.08170921838974894	10.0	0.08577128834975521	1.7150077504503551	0.9550708681790097	1.7420089331545119	3.1258846903218442	-0.22009631236823687
1.2621971009271276	0.08167178596038109	10.0	0.08550745601961628	1.703087015936042	0.9566505631980666	1.7400449455179496	3.1258846903218442	-0.22053356704865767
1.2624289677818525	0.08162753057929134	10.0	0.08519703181880041	1.6921328076702966	0.9585402052616112	1.7377968010041749	3.1258846903218442	-0.22112527312659683
1.263648737223989	0.08133756168085517	10.0	0.08349959012102619	1.6248854339626408	0.9687771882356179	1.7253660620257185	3.1258846903218442	-0.2242164036108793
1.2626521495738392	0.08157447483273973	10.0	0.08488645010817922	1.6798285238835295	0.9604132708802041	1.735522342811427	3.1258846903218442	-0.22169085873393793
1.263184119229247	0.08141767084105563	10.0	0.08397663398841959	1.6466407333823314	0.9658206399338588	1.7288717144834014	3.1258846903218442	-0.2232597644694965
1.2627814079903	0.08153637447221397	10.0	0.08466538225268214	1.6717645277468987	0.9617271577795575	1.7339063677695985	3.1258846903218442	-0.22207207271652665
1.2630251488315998	0.08145669198431432	10.0	0.08426863435848388	1.659142893882453	0.9640576195653399	1.7310148682493	3.1258846903218442	-0.22274583400318504
1.2635608382973753	0.08125291198006718	10.0	0.08319598052645495	1.6290021969789574	0.9701916245783617	1.7232518197106772	3.1258846903218442	-0.22441383282393024
1.264537021833955	0.0808589571590778	10.0	0.081310227380975	1.582397878817839	0.9809443256488024	1.7096187937963006	3.1258846903218442	-0.22744763170722954
1.2662523570514799	0.08010998476487313	10.0	0.07768490935060669	1.5049479583095466	1.0015093639716957	1.6836911239857997	3.1258846903218442	-0.2337355848964611
1.266956525867953	0.0797157297817096	10.0	0.07505032820842941	1.4491480294672898	1.0177027946375472	1.665278082613145	3.1258846903218442	-0.24131335307395851
1.268552380852119	0.07861114676944998	10.0	0.06631074978445885	1.3009038341857406	1.0727734284438832	1.6063272194616773	3.1258846903218442	-0.2727693526306581
1.2767598140691296	0.07542850234480492	10.0	0.048118270216821635	0.9805673833214572	1.1778889360992593	1.4827250950819562	3.1258846903218442	-0.3180844694544719
1.2687718170143176	0.07852605472426111	10.0	0.06582435071283153	1.2923392318878797	1.0755838251876102	1.6030225595154648	3.1258846903218442	-0.273980909893748
1.2703875237377318	0.07812004826510353	10.0	0.06596879311328174	1.30883603322643	1.0698897057463104	1.604213213062088	3.1258846903218442	-0.2649167815100466
1.2720400372633736	0.07786001524187405	10.0	0.0656823614801425	1.3006056531247079	1.073184182495186	1.6023792405515749	3.1258846903218442	-0.2686513582701386
1.2721730136159617	0.07771143490435495	10.0	0.06525458753861968	1.2961832423758972	1.0755030127888248	1.5995120747566984	3.1258846903218442	-0.26969673775603026
1.2719521417599868	0.07755108297073864	10.0	0.06459516116434387	1.2926684266577853	1.0781857037291078	1.595279731382415	3.1258846903218442	-0.2699998291774842
1.2715504074102355	0.07751609358734844	10.0	0.06432130025436401	1.2942832836347824	1.078611226346811	1.5936578810513216	3.1258846903218442	-0.26914996987922324
1.271274707090063	0.07749396484659832	10.0	0.06400034330934426	1.2939596551746992	1.0796639325712283	1.5916597517605677	3.1258846903218442	-0.2689213006359093
1.2711661169161088	0.07749817969173886	10.0	0.06386508798217393	1.2956254723353964	1.0800054616247357	1.5908564930954776	3.1258846903218442	-0.26872647546426054
1.2712044227379473	0.077426242569387	10.0	0.06333427862344687	1.2959098104304365	1.082568236816232	1.5873924347815265	3.1258846903218442	-0.26963876579839746
1.2715176788111593	0.07737024796526773	10.0	0.06302202994211419	1.3007003435945257	1.0847838952693818	1.5850984273863085	3.1258846903218442	-0.2712978324633512
1.2721683819204166	0.07742597495420314	10.0	0.06355543160544994	1.3106570095465984	1.0838148928529725	1.588004633176504	3.1258846903218442	-0.2729039228041721
1.2725838341874882	0.07735987930090604	10.0	0.0637292319670327	1.3230738216040234	1.0840513247487664	1.5884634416274483	3.1258846903218442	-0.2742435983934877
1.2723438029723237	0.07739806664813081	10.0	0.06362881727371363	1.3158998988147246	1.0839147241336078	1.588198360994277	3.1258846903218442	-0.2734695889942948
1.272349439509467	0.0773671338743695	10.0	0.06399111626016844	1.3267788289272786	1.0823939897272068	1.5900738178341993	3.1258846903218442	-0.27317221570233213
1.2721176642471406	0.07741299595928872	10.0	0.06436381661229636	1.339143199798565	1.079912441187266	1.5924022925727266	3.1258846903218442	-0.2716767898938615
1.2714252542816344	0.07766380588783799	10.0	0.06536906179001446	1.3830014224426923	1.072692557375808	1.5989235686199874	3.1258846903218442	-0.26724994141565106
1.271904551212575	0.07749019136033009	10.0	0.06467321546698968	1.3526420796298322	1.077690273071668	1.5944094400675712	3.1258846903218442	-0.2703142746792466
1.271010575928702	0.07778085898918301	10.0	0.06541087363232637	1.383182477179437	1.07124427540155	1.5997285810383068	3.1258846903218442	-0.26551991222334276
1.2705845153944955	0.07789125064560372	10.0	0.06549211836704938	1.3851741120785892	1.0697635855949477	1.6006614922699796	3.1258846903218442	-0.2639476843626262
1.270799333291272	0.0778355916451799	10.0	0.06545115511972616	1.384169938291455	1.0705101430545	1.6001911224220884	3.1258846903218442	-0.2647403949170585
1.270719312965325	0.07789563251973144	10.0	0.06568729627468523	1.3904457817470355	1.0691155814198292	1.6017156764401697	3.1258846903218442	-0.2640864222171661
1.2706453950757153	0.0779722915124421	10.0	0.0661080692201354	1.4002644225488008	1.0668508910600445	1.604354243300171	3.1258846903218442	-0.26320526790162635
1.2706082528898772	0.07799968321637556	10.0	0.06627044643574305	1.403426940796441	1.0659942062934078	1.605380024830935	3.1258846903218442	-0.26289630053508806
1.2705717630873585	0.07801533863077811	10.0	0.06637624310636521	1.4056717414157553	1.0653642354587527	1.6060647062761733	3.1258846903218442	-0.2626006780705599
1.2704544923592513	0.07805110203867424	10.0	0.06655198776888106	1.4097187090584213	1.0642750440385569	1.607198694309231	3.1258846903218442	-0.262045574849597
1.2705571868215104	0.07801978387427189	10.0	0.06639808744010105	1.406174762733951	1.0652288534759125	1.6062056562924751	3.1258846903218442	-0.2625316810390543
1.2705560793778212	0.07802012160527277	10.0	0.06639974708117734	1.4062129801889678	1.065218567719321	1.6062163650849512	3.1258846903218442	-0.2625264389332976
1.2705052858685364	0.07803561182197351	10.0	0.0664758674250292	1.4079658446236945	1.0647468058789389	1.606707529697091	3.1258846903218442	-0.2622860068914473
1.2705522506966684	0.07802128921707138	10.0	0.06640548483251497	1.40634510650036	1.0651830075524362	1.6062533877817455	3.1258846903218442	-0.26250831579827305
1.270556040576547	0.07802013343828364	10.0	0.0663998052296767	1.4062143192059942	1.0652182073394056	1.606216740286687	3.1258846903218442	-0.26252625526672796
1.2705560397864906	0.07802013367922278	10.0	0.06639980641367371	1.4062143464705354	1.0652182000014907	1.606216747926398	3.1258846903218442	-0.26252625152698106
1.27048975409064	0.07802885737720983	10.0	0.0665176655417297	1.4081278189690813	1.0645310510110126	1.6069405308433475	3.1258846903218442	-0.26219957600959437
1.2704034419772623	0.07805399377777546	10.0	0.06669907816436914	1.4114230247943649	1.0634349644740508	1.6080801526722628	3.1258846903218442	-0.2616634304207809
1.2701429549909353	0.0781530826759595	10.0	0.06723322468161806	1.4204197823813876	1.060149969219013	1.6114792168481549	3.1258846903218442	-0.2600525245657903
1.2696909398711032	0.0783278405564702	10.0	0.06800796415426164	1.4314152651895737	1.0553092581542138	1.6164306952341823	3.1258846903218442	-0.25767171967873315
1.2692402139732493	0.07850607893164059	10.0	0.06859922551556939	1.43474060161663	1.0514822862527176	1.6202550036869021	3.1258846903218442	-0.25579442189227475
1.269517704448835	0.07838974914879313	10.0	0.06795738801798216	1.422508686936344	1.0553740183654357	1.6161600960581255	3.1258846903218442	-0.2576502909317775
1.269721016164656	0.07833664713154519	10.0	0.06762157450126557	1.4120255526722314	1.0573227779772698	1.6140079503209779	3.1258846903218442	-0.2585287931280296
1.2699338166518537	0.07827733980504906	10.0	0.06742866512006356	1.4072214498861202	1.0584734035270635	1.6127367775313466	3.1258846903218442	-0.25900646310957715
1.2699511953255302	0.07824969198821476	10.0	0.06736191401287948	1.405719016673248	1.0589033487310364	1.6122657334413424	3.1258846903218442	-0.25920820282089435
1.2699344088052023	0.07827639774539474	10.0	0.0674263906719458	1.407170256631997	1.0584880532924557	1.6127207273804338	3.1258846903218442	-0.2590133371005271
1.2699338208258013	0.07827733316469532	10.0	0.06742864908802143	1.407221089037086	1.0584735067897646	1.6127366643976622	3.1258846903218442	-0.2590065115626993
1.2698461154447749	0.07827722978756857	10.0	0.06747411571537709	1.4082569418342101	1.0582072909756493	1.6129919244598458	3.1258846903218442	-0.2588691738245033
1.2699179155766305	0.0782773144173968	10.0	0.06743689439781417	1.407408939504752	1.0584252289212097	1.6127829554558037	3.1258846903218442	-0.25898160555441324
1.2699324577312838	0.07827733155803455	10.0	0.06742935571867228	1.4072371879953505	1.0584693693319205	1.612740631584022	3.1258846903218442	-0.25900437709482754
1.2699335434156949	0.07827733283771583	10.0	0.06742879289791988	1.407224365415701	1.0584726647552567	1.6127374717793783	3.1258846903218442	-0.2590060771665866
1.2699328196260875	0.07827733198459498	10.0	0.06742916811175483	1.407232913802134	1.0584704678063659	1.6127395783158076	3.1258846903218442	-0.2590049437854139
1.269933425813583	0.07827733269909985	10.0	0.06742885386306621	1.4072257543666973	1.0584723077926446	1.6127378140516766	3.1258846903218442	-0.259005893013598
1.2699333709256404	0.07827733263440419	10.0	0.06742888231707442	1.4072264026259962	1.058472141188975	1.6127379737989973	3.1258846903218442	-0.2590058070646426
1.2699334230282293	0.07827733269581678	10.0	0.06742885530699862	1.4072257872633844	1.0584722993381437	1.612737822158244	3.1258846903218442	-0.2590058886520163
1.2699334258103332	0.07827733269909602	10.0	0.06742885386475095	1.4072257544050801	1.05847230778278	1.6127378140611353	3.1258846903218442	-0.25900589300850907
1.269933425813583	0.07827733269909985	10.0	0.06742885386306623	1.4072257543666975	1.0584723077926446	1.6127378140516768	3.1258846903218442	-0.259005893013598
1.269933425813583	0.07827733269909985	10.0	0.06742885386306621	1.4072257543666973	1.0584723077926446	1.6127378140516766	3.1258846903218442	-0.259005893013598
1.2698374568011717	0.07827704654325864	10.0	0.06747662047976068	1.408153252142904	1.0582065019528013	1.6129970436819498	3.1258846903218442	-0.25887535587737354
1.2699074296138104	0.07827725518486658	10.0	0.06744179294078363	1.407476996063086	1.058400305991858	1.612808034481024	3.1258846903218442	-0.25897053295949535
1.2699302406003001	0.07827732320158223	10.0	0.06743043923795075	1.4072565380349078	1.058463485691943	1.6127464178878619	3.1258846903218442	-0.2590015604836515
1.2699150332759737	0.07827727785710513	10.0	0.06743800837317267	1.4074035100536932	1.0584213658918864	1.6127874956166366	3.1258846903218442	-0.2589808754675474
1.269928299516628	0.07827731741375117	10.0	0.06743140537272091	1.4072752977443628	1.058458109463067	1.6127516611053345	3.1258846903218442	-0.2589989202199102
1.2699298267026995	0.07827732196744203	10.0	0.06743064524703173	1.4072605381709382	1.0584623393177475	1.6127475359000132	3.1258846903218442	-0.25900099749976596
1.2699288085786518	0.07827731893164812	10.0	0.06743115199749118	1.4072703778865545	1.0584595194146271	1.612750286036894	3.1258846903218442	-0.2589996126465288
1.2699296218100022	0.07827732135650273	10.0	0.06743074722818876	1.4072625183676302	1.0584617718254492	1.6127480893521826	3.1258846903218442	-0.25900071880453673
1.2699290796557685	0.07827731973993299	10.0	0.06743101707439038	1.407267758046913	1.0584602702182344	1.612749553808657	3.1258846903218442	-0.2589999813658648
1.2699295549986276	0.07827732115728774	10.0	0.06743078048218655	1.4072631640698199	1.0584615867776601	1.6127482698217688	3.1258846903218442	-0.25900062792764533
1.2699296204015234	0.07827732135230299	10.0	0.06743074792923036	1.4072625319799512	1.0584617679243784	1.6127480931567384	3.1258846903218442	-0.25900071688872256
1.2699296218084652	0.07827732135649815	10.0	0.06743074722895379	1.407262518382485	1.058461771821192	1.6127480893563344	3.1258846903218442	-0.2590007188024461
1.2699296218100022	0.07827732135650273	10.0	0.06743074722818877	1.4072625183676302	1.0584617718254492	1.6127480893521826	3.1258846903218442	-0.25900071880453673
1.2699296218092337	0.07827732135650044	10.0	0.06743074722857127	1.4072625183750576	1.0584617718233205	1.6127480893542585	3.1258846903218442	-0.2590007188034914
1.2699296218100022	0.07827732135650273	10.0	0.06743074722818877	1.4072625183676302	1.0584617718254492	1.6127480893521826	3.1258846903218442	-0.25900071880453673
1.269929621809618	0.07827732135650158	10.0	0.06743074722838002	1.4072625183713439	1.058461771824385	1.6127480893532207	3.1258846903218442	-0.2590007188040141
1.2699296218100022	0.07827732135650273	10.0	0.06743074722818877	1.4072625183676302	1.0584617718254492	1.6127480893521826	3.1258846903218442	-0.25900071880453673
1.2699296218098102	0.07827732135650214	10.0	0.06743074722828439	1.407262518369487	1.058461771824917	1.6127480893527015	3.1258846903218442	-0.25900071880427544
1.2699296218100022	0.07827732135650273	10.0	0.06743074722818877	1.4072625183676302	1.0584617718254492	1.6127480893521826	3.1258846903218442	-0.25900071880453673
1.2699296218099063	0.07827732135650244	10.0	0.06743074722823658	1.4072625183685585	1.058461771825183	1.6127480893524422	3.1258846903218442	-0.25900071880440606
1.2699296218100022	0.07827732135650273	10.0	0.06743074722818877	1.4072625183676302	1.0584617718254492	1.6127480893521826	3.1258846903218442	-0.25900071880453673
1.2699296218099543	0.07827732135650257	10.0	0.06743074722821267	1.4072625183680945	1.058461771825316	1.6127480893523123	3.1258846903218442	-0.2590007188044714
1.2699296218100022	0.07827732135650273	10.0	0.06743074722818877	1.4072625183676302	1.0584617718254492	1.6127480893521826	3.1258846903218442	-0.25900071880453673
1.2699296218099783	0.07827732135650266	10.0	0.06743074722820072	1.4072625183678622	1.0584617718253826	1.6127480893522474	3.1258846903218442	-0.2590007188045041
1.2699296218100022	0.07827732135650273	10.0	0.06743074722818877	1.4072625183676302	1.0584617718254492	1.6127480893521826	3.1258846903218442	-0.25900071880453673
1.2698693303782347	0.07827710890244115	10.0	0.06747442330702258	1.408069673637325	1.0582190609846611	1.6129972441225313	3.1258846903218442	-0.2588886963951999
1.2699190842091443	0.07827728422425963	10.0	0.06743838083502639	1.4074035911504963	1.0584193513705165	1.6127916360626324	3.1258846903218442	-0.25898113977975445
1.26986591961282	0.07827707163443758	10.0	0.0674762683544169	1.4080236748398895	1.0582095967853609	1.613007270814441	3.1258846903218442	-0.25888507452611076
1.2698696907729505	0.07827705701123551	10.0	0.0674776733346771	1.4080243284247882	1.0582028563934405	1.6130175466634935	3.1258846903218442	-0.2588836888319721
1.2699667394726404	0.07827696753717986	10.0	0.06748537193322646	1.4076538767118139	1.0581719044561426	1.613108252981421	3.1258846903218442	-0.25890448576389735
1.2698722679288397	0.07827705463522645	10.0	0.06747787777315646	1.4080144909739334	1.058202034455921	1.6130199553956266	3.1258846903218442	-0.2588842411004286
1.2698697293965049	0.07827705697562652	10.0	0.0674776763985743	1.4080241809919847	1.0582028440751525	1.6130175827628994	3.1258846903218442	-0.25888369710875925
1.2698697671322614	0.07827705694083603	10.0	0.06747767939204502	1.4080240369480592	1.0582028320400116	1.6130176180325273	3.1258846903218442	-0.25888370519529685
1.2698697317982746	0.07827705697341221	10.0	0.06747767658909988	1.4080241718240136	1.0582028433091513	1.613017585007707	3.1258846903218442	-0.25888369762344354
1.2698697294025796	0.07827705697562092	10.0	0.06747767639905619	1.4080241809687961	1.058202844073215	1.613017582768577	3.1258846903218442	-0.25888369711006104
1.26986972940258	0.07827705697562092	10.0	0.06747767639905622	1.4080241809687952	1.058202844073215	1.6130175827685773	3.1258846903218442	-0.2588836971100611
1.2698697294025796	0.07827705697562092	10.0	0.06747767639905619	1.4080241809687961	1.058202844073215	1.613017582768577	3.1258846903218442	-0.25888369711006104
1.2702192859903407	0.07827613882469088	10.0	0.06750590975826763	1.406126749524387	1.0580903198765699	1.6133486409249518	3.1258846903218442	-0.25896347769149086
1.2698817634291588	0.07827702536685403	10.0	0.0674786483761468	1.4079588589544678	1.05819897025358	1.613028979958024	3.1258846903218442	-0.2588864436800616
1.269869746618202	0.07827705693040209	10.0	0.06747767778954594	1.4080240875205117	1.058202838531411	1.613017599073154	3.1258846903218442	-0.2588837010392457
1.2698697493874989	0.07827705692312821	10.0	0.06747767801321945	1.4080240724884658	1.058202837639959	1.6130176016959004	3.1258846903218442	-0.25888370167129243
1.269869746804217	0.07827705692991349	10.0	0.0674776778045702	1.408024086510802	1.0582028384715316	1.613017599249325	3.1258846903218442	-0.25888370108170056
1.269869746618264	0.07827705693040192	10.0	0.06747767778955095	1.4080240875201755	1.058202838531391	1.6130175990732125	3.1258846903218442	-0.2588837010392598
1.269869746618202	0.07827705693040209	10.0	0.06747767778954594	1.4080240875205117	1.058202838531411	1.613017599073154	3.1258846903218442	-0.2588837010392457
1.269869746618233	0.078277056930402	10.0	0.06747767778954844	1.4080240875203436	1.058202838531401	1.6130175990731832	3.1258846903218442	-0.25888370103925273
1.2698697466182485	0.07827705693040196	10.0	0.0674776777895497	1.4080240875202596	1.058202838531396	1.6130175990731979	3.1258846903218442	-0.2588837010392563
1.269869746618233	0.078277056930402	10.0	0.06747767778954844	1.4080240875203436	1.058202838531401	1.6130175990731832	3.1258846903218442	-0.25888370103925273
1.2698697466182407	0.07827705693040199	10.0	0.06747767778954906	1.4080240875203016	1.0582028385313986	1.6130175990731905	3.1258846903218442	-0.2588837010392545
1.269869746618233	0.078277056930402	10.0	0.06747767778954844	1.4080240875203436	1.058202838531401	1.6130175990731832	3.1258846903218442	-0.25888370103925273
1.269869746618237	0.07827705693040199	10.0	0.06747767778954876	1.4080240875203227	1.0582028385313997	1.613017599073187	3.1258846903218442	-0.2588837010392536
1.269869746618233	0.078277056930402	10.0	0.06747767778954844	1.4080240875203436	1.058202838531401	1.6130175990731832	3.1258846903218442	-0.25888370103925273
1.269869746618235	0.078277056930402	10.0	0.0674776777895486	1.4080240875203331	1.0582028385314004	1.613017599073185	3.1258846903218442	-0.2588837010392532
1.269869746618233	0.078277056930402	10.0	0.06747767778954844	1.4080240875203436	1.058202838531401	1.6130175990731832	3.1258846903218442	-0.25888370103925273
1.269869746618234	0.078277056930402	10.0	0.06747767778954852	1.4080240875203385	1.0582028385314006	1.613017599073184	3.1258846903218442	-0.25888370103925296
1.269869746618233	0.078277056930402	10.0	0.06747767778954844	1.4080240875203436	1.058202838531401	1.6130175990731832	3.1258846903218442	-0.25888370103925273
1.2698697466182336	0.078277056930402	10.0	0.06747767778954848	1.408024087520341	1.0582028385314008	1.6130175990731836	3.1258846903218442	-0.25888370103925284
1.269869746618233	0.078277056930402	10.0	0.06747767778954844	1.4080240875203436	1.058202838531401	1.6130175990731832	3.1258846903218442	-0.25888370103925273
1.2698697466182334	0.078277056930402	10.0	0.06747767778954847	1.4080240875203422	1.0582028385314008	1.6130175990731834	3.1258846903218442	-0.2588837010392528
1.269869746618233	0.078277056930402	10.0	0.06747767778954844	1.4080240875203436	1.058202838531401	1.6130175990731832	3.1258846903218442	-0.25888370103925273
1.2698714416006311	0.07827704341050616	10.0	0.06747758326813305	1.40772531419325	1.0582059512925335	1.6130176932826872	3.1258846903218442	-0.2588876583330071
1.2698714620589318	0.0782770421527387	10.0	0.06747713177337542	1.4077377581533281	1.0582076734548072	1.6130152811576148	3.1258846903218442	-0.2588870774054162
1.269871442018698	0.07827704338480358	10.0	0.06747757404180173	1.407725568486565	1.0582059864850566	1.6130176439907193	3.1258846903218442	-0.25888764646170553
1.2698714416175716	0.07827704340946467	10.0	0.06747758289427369	1.407725324497447	1.0582059527185665	1.6130176912853318	3.1258846903218442	-0.2588876578519711
1.2698714416007102	0.0782770434105013	10.0	0.0674775832663885	1.4077253142413328	1.058205951299188	1.6130176932733669	3.1258846903218442	-0.25888765833076244
1.2698714416007555	0.07827704341049851	10.0	0.06747758326538943	1.407725314268869	1.0582059513029987	1.6130176932680294	3.1258846903218442	-0.2588876583294769
1.2698714416091634	0.0782770434099816	10.0	0.06747758307983155	1.407725319383158	1.0582059520107827	1.6130176922766806	3.1258846903218442	-0.258887658090724
1.2698714416007617	0.07827704341049814	10.0	0.06747758326525327	1.4077253142726214	1.058205951303518	1.613017693267302	3.1258846903218442	-0.2588876583293018
1.2698714416007555	0.07827704341049851	10.0	0.06747758326538943	1.407725314268869	1.0582059513029987	1.6130176932680294	3.1258846903218442	-0.2588876583294769
1.2698714416007586	0.07827704341049833	10.0	0.06747758326532136	1.4077253142707453	1.0582059513032582	1.6130176932676656	3.1258846903218442	-0.2588876583293893
1.2698714416007555	0.07827704341049851	10.0	0.06747758326538943	1.407725314268869	1.0582059513029987	1.6130176932680294	3.1258846903218442	-0.2588876583294769
1.269871441600757	0.07827704341049842	10.0	0.06747758326535538	1.4077253142698072	1.0582059513031286	1.6130176932678475	3.1258846903218442	-0.2588876583294331
1.2698714416007555	0.07827704341049851	10.0	0.06747758326538943	1.407725314268869	1.0582059513029987	1.6130176932680294	3.1258846903218442	-0.2588876583294769
1.2698714416007562	0.07827704341049847	10.0	0.0674775832653724	1.407725314269338	1.0582059513030635	1.6130176932679383	3.1258846903218442	-0.25888765832945504
1.2698714416007555	0.07827704341049851	10.0	0.06747758326538943	1.407725314268869	1.0582059513029987	1.6130176932680294	3.1258846903218442	-0.2588876583294769
1.269871441600756	0.0782770434104985	10.0	0.06747758326538092	1.4077253142691035	1.058205951303031	1.6130176932679838	3.1258846903218442	-0.258887658329466
1.269871441600756	0.07827704341049849	10.0	0.06747758326537666	1.4077253142692208	1.0582059513030473	1.6130176932679612	3.1258846903218442	-0.2588876583294605
1.269871441600756	0.0782770434104985	10.0	0.06747758326538092	1.4077253142691035	1.058205951303031	1.6130176932679838	3.1258846903218442	-0.258887658329466
1.269871441600756	0.07827704341049849	10.0	0.06747758326537878	1.4077253142691621	1.0582059513030393	1.6130176932679725	3.1258846903218442	-0.25888765832946325
1.269871441600756	0.0782770434104985	10.0	0.06747758326538092	1.4077253142691035	1.058205951303031	1.6130176932679838	3.1258846903218442	-0.258887658329466
1.269871441600756	0.07827704341049849	10.0	0.06747758326537985	1.4077253142691328	1.058205951303035	1.613017693267978	3.1258846903218442	-0.2588876583294646
1.269871441600756	0.0782770434104985	10.0	0.06747758326538092	1.4077253142691035	1.058205951303031	1.6130176932679838	3.1258846903218442	-0.258887658329466
1.269871441600756	0.07827704341049849	10.0	0.06747758326538038	1.4077253142691182	1.058205951303033	1.613017693267981	3.1258846903218442	-0.2588876583294653
1.269871441600756	0.07827704341049849	10.0	0.06747758326538011	1.4077253142691255	1.0582059513030342	1.6130176932679796	3.1258846903218442	-0.258887658329465
1.269871441600756	0.07827704341049849	10.0	0.06747758326538038	1.4077253142691182	1.058205951303033	1.613017693267981	3.1258846903218442	-0.2588876583294653
1.269871441600756	0.07827704341049849	10.0	0.06747758326538025	1.407725314269122	1.0582059513030337	1.6130176932679803	3.1258846903218442	-0.25888765832946514
1.269871441600756	0.07827704341049849	10.0	0.06747758326538038	1.4077253142691182	1.058205951303033	1.613017693267981	3.1258846903218442	-0.2588876583294653
1.269871441600756	0.07827704341049849	10.0	0.06747758326538032	1.40772531426912	1.0582059513030333	1.6130176932679805	3.1258846903218442	-0.2588876583294652
1.269871441600756	0.07827704341049849	10.0	0.06747758326538028	1.4077253142691208	1.0582059513030335	1.6130176932679805	3.1258846903218442	-0.25888765832946514
1.269871441600756	0.07827704341049849	10.0	0.06747758326538032	1.40772531426912	1.0582059513030333	1.6130176932679805	3.1258846903218442	-0.2588876583294652
1.269871441600756	0.07827704341049849	10.0	0.0674775832653803	1.4077253142691204	1.0582059513030335	1.6130176932679805	3.1258846903218442	-0.2588876583294652
1.269871441600756	0.07827704341049849	10.0	0.06747758326538032	1.40772531426912	1.0582059513030333	1.6130176932679805	3.1258846903218442	-0.2588876583294652
1.269871441600756	0.07827704341049849	10.0	0.06747758326538031	1.4077253142691202	1.0582059513030335	1.6130176932679805	3.1258846903218442	-0.2588876583294652
1.269871441600756	0.07827704341049849	10.0	0.06747758326538032	1.40772531426912	1.0582059513030333	1.6130176932679805	3.1258846903218442	-0.2588876583294652
1.269871441600756	0.07827704341049849	10.0	0.06747758326538031	1.4077253142691202	1.0582059513030333	1.6130176932679805	3.1258846903218442	-0.2588876583294652
1.269871441600756	0.07827704341049849	10.0	0.06747758326538032	1.40772531426912	1.0582059513030333	1.6130176932679805	3.1258846903218442	-0.2588876583294652
1.269871441600756	0.07827704341049849	10.0	0.06747758326538031	1.4077253142691202	1.0582059513030333	1.6130176932679805	3.1258846903218442	-0.2588876583294652
1.269871441600756	0.07827704341049849	10.0	0.06747758326538032	1.40772531426912	1.0582059513030333	1.6130176932679805	3.1258846903218442	-0.2588876583294652
1.269871441600756	0.07827704341049849	10.0	0.06747758326538031	1.40772531426912	1.0582059513030333	1.6130176932679805	3.1258846903218442	-0.2588876583294652
1.2698714039310133	0.07827704246633642	10.0	0.06747709915561141	1.407738766622553	1.0582078285829355	1.613015061973983	3.1258846903218442	-0.2588871111741351
1.2698714409495975	0.07827704339417772	10.0	0.06747757489706917	1.4077255468062146	1.0582059837536537	1.6130176477834886	3.1258846903218442	-0.25888764887134985
1.2698714415866494	0.07827704341014492	10.0	0.06747758308409246	1.4077253193067132	1.058205952006031	1.613017692282622	3.1258846903218442	-0.25888765812456827
1.2698714416007428	0.07827704341049815	10.0	0.06747758326521154	1.4077253142738095	1.0582059513036877	1.6130176932670632	3.1258846903218442	-0.25888765832927446
1.2698714415936962	0.07827704341032155	10.0	0.06747758317465201	1.4077253167902615	1.0582059516548594	1.6130176927748427	3.1258846903218442	-0.25888765822692134
1.2698714416007404	0.0782770434104981	10.0	0.06747758326517983	1.4077253142746908	1.0582059513038107	1.613017693266891	3.1258846903218442	-0.2588876583292386
1.2698714416007428	0.07827704341049815	10.0	0.06747758326521154	1.4077253142738095	1.0582059513036877	1.6130176932670632	3.1258846903218442	-0.25888765832927446
1.2698714416007415	0.07827704341049813	10.0	0.06747758326519569	1.4077253142742503	1.0582059513037492	1.613017693266977	3.1258846903218442	-0.25888765832925653
1.2698714416007428	0.07827704341049815	10.0	0.06747758326521154	1.4077253142738095	1.0582059513036877	1.6130176932670632	3.1258846903218442	-0.25888765832927446
1.2698714416007422	0.07827704341049814	10.0	0.06747758326520362	1.40772531427403	1.0582059513037185	1.6130176932670202	3.1258846903218442	-0.25888765832926547
1.2698714416007428	0.07827704341049815	10.0	0.06747758326521154	1.4077253142738095	1.0582059513036877	1.6130176932670632	3.1258846903218442	-0.25888765832927446
1.2698714416007424	0.07827704341049815	10.0	0.06747758326520757	1.4077253142739197	1.0582059513037032	1.6130176932670417	3.1258846903218442	-0.25888765832926997
1.2698714416007428	0.07827704341049815	10.0	0.06747758326521154	1.4077253142738095	1.0582059513036877	1.6130176932670632	3.1258846903218442	-0.25888765832927446
1.2698714416007426	0.07827704341049815	10.0	0.06747758326520956	1.4077253142738646	1.0582059513036954	1.6130176932670524	3.1258846903218442	-0.2588876583292722
1.2698714416007428	0.07827704341049815	10.0	0.06747758326521154	1.4077253142738095	1.0582059513036877	1.6130176932670632	3.1258846903218442	-0.25888765832927446
1.2698714416007428	0.07827704341049815	10.0	0.06747758326521056	1.407725314273837	1.0582059513036917	1.613017693267058	3.1258846903218442	-0.25888765832927335
1.2698714416007428	0.07827704341049815	10.0	0.06747758326521154	1.4077253142738095	1.0582059513036877	1.6130176932670632	3.1258846903218442	-0.25888765832927446
1.2698714416007428	0.07827704341049815	10.0	0.06747758326521104	1.4077253142738233	1.0582059513036897	1.6130176932670606	3.1258846903218442	-0.2588876583292739
1.2698714416007428	0.07827704341049815	10.0	0.06747758326521154	1.4077253142738095	1.0582059513036877	1.6130176932670632	3.1258846903218442	-0.25888765832927446
1.2698714416007428	0.07827704341049815	10.0	0.06747758326521129	1.4077253142738164	1.0582059513036888	1.613017693267062	3.1258846903218442	-0.2588876583292742
1.2698714416007428	0.07827704341049815	10.0	0.06747758326521117	1.40772531427382	1.0582059513036892	1.6130176932670612	3.1258846903218442	-0.258887658329274
1.2698714416007428	0.07827704341049815	10.0	0.06747758326521129	1.4077253142738164	1.0582059513036888	1.613017693267062	3.1258846903218442	-0.2588876583292742
1.2698714416007428	0.07827704341049815	10.0	0.06747758326521124	1.4077253142738182	1.058205951303689	1.6130176932670615	3.1258846903218442	-0.25888765832927413
1.2698714416007428	0.07827704341049815	10.0	0.06747758326521129	1.4077253142738164	1.0582059513036888	1.613017693267062	3.1258846903218442	-0.2588876583292742
1.2698714416007428	0.07827704341049815	10.0	0.06747758326521126	1.4077253142738173	1.0582059513036888	1.6130176932670617	3.1258846903218442	-0.25888765832927413
1.2698714416007428	0.07827704341049815	10.0	0.06747758326521129	1.4077253142738164	1.0582059513036888	1.613017693267062	3.1258846903218442	-0.2588876583292742
1.2698714416007428	0.07827704341049815	10.0	0.06747758326521128	1.4077253142738169	1.0582059513036888	1.6130176932670617	3.1258846903218442	-0.25888765832927413
1.2698714416007428	0.07827704341049815	10.0	0.06747758326521129	1.4077253142738164	1.0582059513036888	1.613017693267062	3.1258846903218442	-0.2588876583292742
1.2698714416007428	0.07827704341049815	10.0	0.06747758326521129	1.4077253142738166	1.0582059513036888	1.613017693267062	3.1258846903218442	-0.2588876583292742
1.2698714416007428	0.07827704341049815	10.0	0.06747758326521129	1.4077253142738164	1.0582059513036888	1.613017693267062	3.1258846903218442	-0.2588876583292742
1.2698714416007428	0.07827704341049815	10.0	0.06747758326521129	1.4077253142738166	1.0582059513036888	1.613017693267062	3.1258846903218442	-0.2588876583292742
1.2698714416007428	0.07827704341049815	10.0	0.06747758326521129	1.4077253142738164	1.0582059513036888	1.613017693267062	3.1258846903218442	-0.2588876583292742
1.2698714416007428	0.07827704341049815	10.0	0.06747758326521129	1.4077253142738166	1.0582059513036888	1.613017693267062	3.1258846903218442	-0.2588876583292742
1.2698714416007428	0.07827704341049815	10.0	0.06747758326521129	1.4077253142738164	1.0582059513036888	1.613017693267062	3.1258846903218442	-0.2588876583292742
1.2698714416007428	0.07827704341049815	10.0	0.06747758326521129	1.4077253142738166	1.0582059513036888	1.613017693267062	3.1258846903218442	-0.2588876583292742
1.2698714416007428	0.07827704341049815	10.0	0.06747758326521129	1.4077253142738164	1.0582059513036888	1.613017693267062	3.1258846903218442	-0.2588876583292742
1.2698656788796674	0.07827704614791578	10.0	0.06745142040791621	1.4085142865017908	1.058309233862423	1.6128721682481617	3.1258846903218442	-0.25886290661489375
1.269871413399036	0.07827704342389458	10.0	0.06747745522895585	1.4077291753601109	1.058206456749708	1.6130169810941413	3.1258846903218442	-0.25888753719889496
1.2698714407537282	0.0782770434109005	10.0	0.06747757941974986	1.4077254302383013	1.0582059664843355	1.6130176718775462	3.1258846903218442	-0.25888765469122493
1.2698714406263378	0.07827704341096102	10.0	0.06747757884139546	1.4077254476792695	1.058205968767493	1.6130176686605797	3.1258846903218442	-0.25888765414406517
1.2698714407526135	0.07827704341090104	10.0	0.06747757941468832	1.4077254303909381	1.0582059665043169	1.6130176718493925	3.1258846903218442	-0.25888765468643643
1.2698714407537282	0.0782770434109005	10.0	0.06747757941974981	1.407725430238303	1.0582059664843357	1.613017671877546	3.1258846903218442	-0.2588876546912249
1.2698714407537282	0.0782770434109005	10.0	0.06747757941974976	1.4077254302383044	1.058205966484336	1.6130176718775455	3.1258846903218442	-0.2588876546912249
1.2698714407537282	0.0782770434109005	10.0	0.06747757941974981	1.407725430238303	1.0582059664843357	1.613017671877546	3.1258846903218442	-0.2588876546912249
1.2698559715582391	0.07827703877271222	10.0	0.06736221572099091	1.4114225551517101	1.0586643498169708	1.6123796933044854	3.1258846903218442	-0.258784619562208
1.269871379524435	0.07827704339254188	10.0	0.06747712279369285	1.40774006398869	1.058207780831275	1.6130151466669	3.1258846903218442	-0.25888724686341424
1.26987143994293	0.07827704341065739	10.0	0.06747757337310963	1.4077256240183598	1.0582059905099097	1.613017638438718	3.1258846903218442	-0.25888764929077085
1.269871440734775	0.07827704341089482	10.0	0.06747757927840502	1.4077254347680586	1.0582059670459518	1.6130176710958881	3.1258846903218442	-0.2588876545649852
1.2698714407537177	0.0782770434109005	10.0	0.06747757941967258	1.4077254302407782	1.0582059664846426	1.6130176718771188	3.1258846903218442	-0.2588876546911559
1.2698714407537282	0.0782770434109005	10.0	0.06747757941974981	1.407725430238303	1.0582059664843357	1.613017671877546	3.1258846903218442	-0.2588876546912249
1.269871440753723	0.0782770434109005	10.0	0.06747757941971119	1.4077254302395408	1.0582059664844892	1.6130176718773324	3.1258846903218442	-0.2588876546911904
1.2698714407537282	0.0782770434109005	10.0	0.06747757941974981	1.407725430238303	1.0582059664843357	1.613017671877546	3.1258846903218442	-0.2588876546912249
1.2698714407537255	0.0782770434109005	10.0	0.06747757941973051	1.407725430238922	1.0582059664844126	1.6130176718774392	3.1258846903218442	-0.2588876546912076
1.2698714407537282	0.0782770434109005	10.0	0.06747757941974981	1.407725430238303	1.0582059664843357	1.613017671877546	3.1258846903218442	-0.2588876546912249
1.2698714407537268	0.0782770434109005	10.0	0.06747757941974016	1.4077254302386124	1.0582059664843741	1.6130176718774927	3.1258846903218442	-0.2588876546912163
1.2698714407537282	0.0782770434109005	10.0	0.06747757941974981	1.407725430238303	1.0582059664843357	1.613017671877546	3.1258846903218442	-0.2588876546912249
1.2698714407537275	0.0782770434109005	10.0	0.06747757941974498	1.4077254302384579	1.0582059664843548	1.6130176718775193	3.1258846903218442	-0.25888765469122055
1.2698714407537282	0.0782770434109005	10.0	0.06747757941974981	1.407725430238303	1.0582059664843357	1.613017671877546	3.1258846903218442	-0.2588876546912249
1.269871440753728	0.0782770434109005	10.0	0.0674775794197474	1.4077254302383804	1.0582059664843453	1.6130176718775326	3.1258846903218442	-0.2588876546912227
1.2698714407537282	0.0782770434109005	10.0	0.06747757941974981	1.407725430238303	1.0582059664843357	1.613017671877546	3.1258846903218442	-0.2588876546912249
1.269871440753728	0.0782770434109005	10.0	0.0674775794197486	1.4077254302383417	1.0582059664843406	1.6130176718775393	3.1258846903218442	-0.2588876546912238
1.2698714407537282	0.0782770434109005	10.0	0.06747757941974981	1.407725430238303	1.0582059664843357	1.613017671877546	3.1258846903218442	-0.2588876546912249
1.2698714407537282	0.0782770434109005	10.0	0.06747757941974922	1.4077254302383224	1.0582059664843382	1.6130176718775426	3.1258846903218442	-0.2588876546912243
1.2698714407537282	0.0782770434109005	10.0	0.06747757941974981	1.407725430238303	1.0582059664843357	1.613017671877546	3.1258846903218442	-0.2588876546912249
1.2698714407537282	0.0782770434109005	10.0	0.06747757941974951	1.4077254302383129	1.0582059664843368	1.6130176718775442	3.1258846903218442	-0.2588876546912246
1.2698714407537282	0.0782770434109005	10.0	0.06747757941974981	1.407725430238303	1.0582059664843357	1.613017671877546	3.1258846903218442	-0.2588876546912249
1.2698714407537282	0.0782770434109005	10.0	0.06747757941974966	1.407725430238308	1.0582059664843364	1.613017671877545	3.1258846903218442	-0.25888765469122477
1.2698714407537282	0.0782770434109005	10.0	0.06747757941974981	1.407725430238303	1.0582059664843357	1.613017671877546	3.1258846903218442	-0.2588876546912249
1.2698714407537282	0.0782770434109005	10.0	0.06747757941974974	1.4077254302383055	1.058205966484336	1.6130176718775455	3.1258846903218442	-0.2588876546912248
1.2698714407537282	0.0782770434109005	10.0	0.06747757941974981	1.407725430238303	1.0582059664843357	1.613017671877546	3.1258846903218442	-0.2588876546912249
1.2698714407537282	0.0782770434109005	10.0	0.06747757941974977	1.4077254302383042	1.058205966484336	1.6130176718775457	3.1258846903218442	-0.2588876546912248
1.2698714407537282	0.0782770434109005	10.0	0.06747757941974976	1.4077254302383049	1.058205966484336	1.6130176718775457	3.1258846903218442	-0.2588876546912248
1.2698714407537282	0.0782770434109005	10.0	0.06747757941974977	1.4077254302383042	1.058205966484336	1.6130176718775457	3.1258846903218442	-0.2588876546912248
1.2698714407537282	0.0782770434109005	10.0	0.06747757941974977	1.4077254302383047	1.058205966484336	1.6130176718775457	3.1258846903218442	-0.2588876546912248
1.2698714407537282	0.0782770434109005	10.0	0.06747757941974977	1.4077254302383042	1.058205966484336	1.6130176718775457	3.1258846903218442	-0.2588876546912248
1.2698714407537282	0.0782770434109005	10.0	0.06747757941974977	1.4077254302383044	1.058205966484336	1.6130176718775457	3.1258846903218442	-0.2588876546912248
1.2698714407537282	0.0782770434109005	10.0	0.06747757941974977	1.4077254302383042	1.058205966484336	1.6130176718775457	3.1258846903218442	-0.2588876546912248
1.2698714407537282	0.0782770434109005	10.0	0.06747757941974977	1.4077254302383044	1.058205966484336	1.6130176718775457	3.1258846903218442	-0.2588876546912248
1.2698714407537282	0.0782770434109005	10.0	0.06747757941974977	1.4077254302383042	1.058205966484336	1.6130176718775457	3.1258846903218442	-0.2588876546912248
1.2698714407537282	0.0782770434109005	10.0	0.06747757941974977	1.4077254302383044	1.058205966484336	1.6130176718775457	3.1258846903218442	-0.2588876546912248
1.2698714407537282	0.0782770434109005	10.0	0.06747757941974977	1.4077254302383042	1.058205966484336	1.6130176718775457	3.1258846903218442	-0.2588876546912248
1.2698714407537282	0.0782770434109005	10.0	0.06747757941974977	1.4077254302383044	1.058205966484336	1.6130176718775457	3.1258846903218442	-0.2588876546912248
1.2698714407537282	0.0782770434109005	10.0	0.06747757941974977	1.4077254302383042	1.058205966484336	1.6130176718775457	3.1258846903218442	-0.2588876546912248
1.2698714407537282	0.0782770434109005	10.0	0.06747757941974977	1.4077254302383044	1.058205966484336	1.6130176718775457	3.1258846903218442	-0.2588876546912248
1.2698714407537282	0.0782770434109005	10.0	0.06747757941974977	1.4077254302383042	1.058205966484336	1.6130176718775457	3.1258846903218442	-0.2588876546912248
1.2698714407537282	0.0782770434109005	10.0	0.06747757941974977	1.4077254302383044	1.058205966484336	1.6130176718775457	3.1258846903218442	-0.2588876546912248
1.2698714407537282	0.0782770434109005	10.0	0.06747757941974977	1.4077254302383042	1.058205966484336	1.6130176718775457	3.1258846903218442	-0.2588876546912248
1.2698714407537282	0.0782770434109005	10.0	0.06747757941974977	1.4077254302383044	1.058205966484336	1.6130176718775457	3.1258846903218442	-0.2588876546912248
1.2698714407537282	0.0782770434109005	10.0	0.06747757941974977	1.4077254302383042	1.058205966484336	1.6130176718775457	3.1258846903218442	-0.2588876546912248
1.2698713384745073	0.07827704238398206	10.0	0.067472795307867	1.4078932588535678	1.0582176087515158	1.6129939851673656	3.1258846903218442	-0.258867484250927
1.2698714405315745	0.07827704340867	10.0	0.0674775690285083	1.4077257947673354	1.0582059917717064	1.613017620429266	3.1258846903218442	-0.2588876108803941
1.2698714407485447	0.07827704341084846	10.0	0.0674775791772986	1.4077254387435911	1.0582059670743476	1.613017670677141	3.1258846903218442	-0.25888765366901906
1.2698714407537244	0.07827704341090046	10.0	0.06747757941957669	1.407725430244376	1.0582059664847572	1.6130176718766889	3.1258846903218442	-0.2588876546904951
1.2698714407537282	0.0782770434109005	10.0	0.06747757941974977	1.4077254302383042	1.058205966484336	1.6130176718775457	3.1258846903218442	-0.2588876546912248
1.2698714407537264	0.07827704341090048	10.0	0.06747757941966323	1.4077254302413402	1.0582059664845465	1.6130176718771172	3.1258846903218442	-0.25888765469085995
1.2698714407537282	0.0782770434109005	10.0	0.06747757941974977	1.4077254302383042	1.058205966484336	1.6130176718775457	3.1258846903218442	-0.2588876546912248
1.2698714407537273	0.07827704341090048	10.0	0.0674775794197065	1.407725430239822	1.0582059664844412	1.6130176718773315	3.1258846903218442	-0.25888765469104236
1.2698714407537282	0.0782770434109005	10.0	0.06747757941974977	1.4077254302383042	1.058205966484336	1.6130176718775457	3.1258846903218442	-0.2588876546912248
1.2698714407537277	0.0782770434109005	10.0	0.06747757941972814	1.4077254302390632	1.0582059664843886	1.6130176718774387	3.1258846903218442	-0.2588876546911336
1.2698714407537282	0.0782770434109005	10.0	0.06747757941974977	1.4077254302383042	1.058205966484336	1.6130176718775457	3.1258846903218442	-0.2588876546912248
1.269871440753728	0.0782770434109005	10.0	0.06747757941973895	1.4077254302386837	1.0582059664843624	1.6130176718774922	3.1258846903218442	-0.2588876546911792
1.2698714407537282	0.0782770434109005	10.0	0.06747757941974977	1.4077254302383042	1.058205966484336	1.6130176718775457	3.1258846903218442	-0.2588876546912248
1.269871440753728	0.0782770434109005	10.0	0.06747757941974436	1.407725430238494	1.058205966484349	1.6130176718775189	3.1258846903218442	-0.258887654691202
1.2698714407537282	0.0782770434109005	10.0	0.06747757941974977	1.4077254302383042	1.058205966484336	1.6130176718775457	3.1258846903218442	-0.2588876546912248
1.2698714407537282	0.0782770434109005	10.0	0.06747757941974707	1.407725430238399	1.0582059664843426	1.6130176718775324	3.1258846903218442	-0.25888765469121344
1.2698714407537282	0.0782770434109005	10.0	0.06747757941974977	1.4077254302383042	1.058205966484336	1.6130176718775457	3.1258846903218442	-0.2588876546912248
1.2698714407537282	0.0782770434109005	10.0	0.06747757941974843	1.4077254302383517	1.0582059664843393	1.613017671877539	3.1258846903218442	-0.2588876546912191
1.2698714407537282	0.0782770434109005	10.0	0.06747757941974977	1.4077254302383042	1.058205966484336	1.6130176718775457	3.1258846903218442	-0.2588876546912248
1.2698714407537282	0.0782770434109005	10.0	0.06747757941974909	1.407725430238328	1.0582059664843375	1.6130176718775424	3.1258846903218442	-0.258887654691222
1.2698714407537282	0.0782770434109005	10.0	0.06747757941974977	1.4077254302383042	1.058205966484336	1.6130176718775457	3.1258846903218442	-0.2588876546912248
1.2698714407537282	0.0782770434109005	10.0	0.06747757941974944	1.407725430238316	1.0582059664843368	1.613017671877544	3.1258846903218442	-0.2588876546912234
1.2698714407537282	0.0782770434109005	10.0	0.06747757941974977	1.4077254302383042	1.058205966484336	1.6130176718775457	3.1258846903218442	-0.2588876546912248
1.2698714407537282	0.0782770434109005	10.0	0.0674775794197496	1.4077254302383102	1.0582059664843364	1.6130176718775449	3.1258846903218442	-0.2588876546912241
1.2698714407537282	0.0782770434109005	10.0	0.06747757941974977	1.4077254302383042	1.058205966484336	1.6130176718775457	3.1258846903218442	-0.2588876546912248
1.2698714407537282	0.0782770434109005	10.0	0.06747757941974969	1.407725430238307	1.0582059664843362	1.6130176718775453	3.1258846903218442	-0.2588876546912245
1.2698714407537282	0.0782770434109005	10.0	0.06747757941974977	1.4077254302383042	1.058205966484336	1.6130176718775457	3.1258846903218442	-0.2588876546912248
1.2698714407537282	0.0782770434109005	10.0	0.06747757941974973	1.4077254302383058	1.058205966484336	1.6130176718775455	3.1258846903218442	-0.25888765469122466
1.2698714407537282	0.0782770434109005	10.0	0.06747757941974977	1.4077254302383042	1.058205966484336	1.6130176718775457	3.1258846903218442	-0.2588876546912248
1.2698714407537282	0.0782770434109005	10.0	0.06747757941974974	1.4077254302383049	1.058205966484336	1.6130176718775457	3.1258846903218442	-0.2588876546912247
1.2698714407537282	0.0782770434109005	10.0	0.06747757941974977	1.4077254302383042	1.058205966484336	1.6130176718775457	3.1258846903218442	-0.2588876546912248
1.2698714407537282	0.0782770434109005	10.0	0.06747757941974976	1.4077254302383047	1.058205966484336	1.6130176718775457	3.1258846903218442	-0.25888765469122477
1.2698714407537282	0.0782770434109005	10.0	0.06747757941974977	1.4077254302383042	1.058205966484336	1.6130176718775457	3.1258846903218442	-0.2588876546912248
1.2698714407537282	0.0782770434109005	10.0	0.06747757941974977	1.4077254302383044	1.058205966484336	1.6130176718775457	3.1258846903218442	-0.2588876546912248
1.2698714407537282	0.0782770434109005	10.0	0.06747757941974977	1.4077254302383042	1.058205966484336	1.6130176718775457	3.1258846903218442	-0.2588876546912248
1.2698714407537282	0.0782770434109005	10.0	0.06747757941974977	1.4077254302383044	1.058205966484336	1.6130176718775457	3.1258846903218442	-0.2588876546912248
1.2698714407537282	0.0782770434109005	10.0	0.06747757941974977	1.4077254302383042	1.058205966484336	1.6130176718775457	3.1258846903218442	-0.2588876546912248
1.2698714407537282	0.0782770434109005	10.0	0.06747757941974977	1.4077254302383044	1.058205966484336	1.6130176718775457	3.1258846903218442	-0.2588876546912248
1.2698714407537282	0.0782770434109005	10.0	0.06747757941974977	1.4077254302383042	1.058205966484336	1.6130176718775457	3.1258846903218442	-0.2588876546912248
1.2698714407537282	0.0782770434109005	10.0	0.06747757941974977	1.4077254302383044	1.058205966484336	1.6130176718775457	3.1258846903218442	-0.2588876546912248
1.2698714407537282	0.0782770434109005	10.0	0.06747757941974977	1.4077254302383042	1.058205966484336	1.6130176718775457	3.1258846903218442	-0.2588876546912248
1.2698714407537282	0.0782770434109005	10.0	0.06747757941974977	1.4077254302383044	1.058205966484336	1.6130176718775457	3.1258846903218442	-0.2588876546912248
1.2698714407537282	0.0782770434109005	10.0	0.06747757941974977	1.4077254302383042	1.058205966484336	1.6130176718775457	3.1258846903218442	-0.2588876546912248
