-0.0	0.8472978603872036	10.0	-0.40546510810816466	0.0	2.4304	0.7532956685499059	3.1258846903218442	0.0
0.011934636390001243	0.877022705908596	10.0	-1.7617239437284853	-0.01383759940668901	1.778833571533415	0.5932738772787816	3.1258846903218442	-0.2858015644489807
0.0021847172090704654	0.8527391976366528	10.0	-0.6537376085268621	-0.0025330676669248395	2.311126287537665	0.7240025799469552	3.1258846903218442	-0.05231794047400256
0.00037670984383204723	0.8482361078166499	10.0	-0.44827462801866713	-0.0004367757626760595	2.409833685326225	0.7482446739465032	3.1258846903218442	-0.00902115985709717
0.007501797742978349	0.876382873852064	10.0	-0.4459556446292271	-0.0017198212680205487	2.393814640123197	0.6923540050779924	3.1258846903218442	-0.01356867626266788
0.001158825972446321	0.8513257594807743	10.0	-0.4480200747645119	-0.0005776148088296109	2.4080752854586542	0.7421095926422656	3.1258846903218442	-0.009520337688483784
0.0016811083118410859	0.8359516359425208	10.0	-0.4595281916172053	-0.0001211330699900301	2.4039866913089787	0.7326654951830383	3.1258846903218442	-0.01234041656924596
0.0025020955507980436	0.8416695150732045	10.0	-0.4539500861515758	-0.0005987829115895805	2.4051422993662332	0.7363034822217287	3.1258846903218442	-0.011773159066390562
0.003453174576195946	0.838785022257757	10.0	-0.4536571529955678	-0.0006559383059242417	2.4050447519671847	0.7343469698873435	3.1258846903218442	-0.012255240172960629
0.007257490677787554	0.8272470509959667	10.0	-0.452485420371536	-0.0008845598832628865	2.4046545623709896	0.7265209205498028	3.1258846903218442	-0.014183564599240896
0.012004363705719712	0.8146010016819578	10.0	-0.45001330857062816	-0.0011435512281677408	2.4045061186012067	0.7181020346840067	3.1258846903218442	-0.01663806454363502
0.01220135057608037	0.8155383881793755	10.0	-0.44941706982141066	-0.00109982697559788	2.4047536288392277	0.7192047961820124	3.1258846903218442	-0.017008187771522135
0.01257790167103049	0.8151838026732036	10.0	-0.4494211968827346	-0.0009823219897829721	2.4050431580885476	0.7188991196178562	3.1258846903218442	-0.017451967164372067
0.015355672027017705	0.8139223653768859	10.0	-0.449752186418746	0.0001515488056543974	2.407789285199946	0.7176126693244137	3.1258846903218442	-0.021249810453301415
0.020433614325989037	0.8134322764776672	10.0	-0.45075082588450543	0.0025647659232598554	2.4135859865034646	0.7164902815017005	3.1258846903218442	-0.02885494025029238
0.035503888441675714	0.8143468961255996	10.0	-0.454104468346328	0.010123430790966994	2.4316630575907587	0.7149180009701063	3.1258846903218442	-0.05228403269055973
0.05696111042826841	0.8170181942191383	10.0	-0.4587026765483292	0.02097914981709116	2.457461392700282	0.714138551218336	3.1258846903218442	-0.08614988705347956
0.07269223773319239	0.8180382420746232	10.0	-0.4610781010086553	0.028548628791123312	2.475214536602177	0.7139013582599792	3.1258846903218442	-0.1107719029763923
0.07976801778936425	0.8164799880696549	10.0	-0.46127178428098403	0.03151151210757033	2.4819900028803397	0.7132120540200966	3.1258846903218442	-0.12133023797000969
0.08772907657834784	0.8157956370891547	10.0	-0.4624131518610016	0.03520921248421277	2.4906346737922935	0.7123360787745691	3.1258846903218442	-0.13341020871318937
0.09332603971036998	0.8143283576719373	10.0	-0.463015739761058	0.03768122142665327	2.4963227127581753	0.711311670370093	3.1258846903218442	-0.14165609824732822
0.0940793077371299	0.8139409670954371	10.0	-0.4630772429213865	0.038016695650748264	2.496997948036736	0.7111660893058279	3.1258846903218442	-0.1427351884955237
0.09459598332360816	0.8138238940733296	10.0	-0.46314456240767615	0.03826439872329372	2.497535445465102	0.7110630642632898	3.1258846903218442	-0.1434283807683716
0.094825879885634	0.8138053901160857	10.0	-0.4631972825789113	0.03840551144177127	2.4977891331233084	0.7110365139618854	3.1258846903218442	-0.1436749609028637
0.09628278505449213	0.8137623807361444	10.0	-0.4636785196732296	0.03952597989142861	2.4994526380205095	0.7108980123170605	3.1258846903218442	-0.14463684766489243
0.09847191448900817	0.8136666758807596	10.0	-0.46461189116249724	0.04155734117127481	2.5019807925651807	0.7106801292695439	3.1258846903218442	-0.14507967340314534
0.1009373886232071	0.813778738707386	10.0	-0.4662671636901335	0.044784572939463536	2.5050200755192344	0.7105249101079893	3.1258846903218442	-0.14304176402669427
0.10449512132623559	0.8144512912312416	10.0	-0.47015650160582	0.05178086466805157	2.50985515329768	0.7105201623226464	3.1258846903218442	-0.1337639324517631
0.10570245985474597	0.8154938980957396	10.0	-0.47385527701321634	0.057825925963107164	2.5122024141444594	0.7108706416237255	3.1258846903218442	-0.12072051827884714
0.10635077025142514	0.81585943299417	10.0	-0.4753518342792087	0.06022722855459796	2.513324346059875	0.7109668362443647	3.1258846903218442	-0.11614644006934752
0.10693015978829028	0.8158736211755941	10.0	-0.4757564730560459	0.06100945700768299	2.514014844214838	0.7109352056673701	3.1258846903218442	-0.11565045405751945
0.10724492260231096	0.815910630579122	10.0	-0.4759935156543506	0.06148393559105606	2.5143745952267302	0.7109432052734753	3.1258846903218442	-0.11525832378526209
0.10791599614819775	0.815953807140205	10.0	-0.4763518157531019	0.062297336684561805	2.5150655295260367	0.7109574290391888	3.1258846903218442	-0.11497004730709139
0.10814496862076683	0.8159185751883584	10.0	-0.4763415452203956	0.06242347712986528	2.515197369783716	0.7109599922895582	3.1258846903218442	-0.1152891001897992
0.1089962225931976	0.8157923016069254	10.0	-0.4763153585065491	0.06295970195824632	2.5156349859943936	0.7109710827776591	3.1258846903218442	-0.11629890643039949
0.10898999863400304	0.8157649266851705	10.0	-0.47615299912017334	0.06288667797403033	2.5153680680060306	0.7110043035690875	3.1258846903218442	-0.11654410252591278
0.10929426871175453	0.815421378433629	10.0	-0.4743789403798022	0.06272436922868793	2.512194557316517	0.7114044784141649	3.1258846903218442	-0.11870806879535983
0.11055141641459207	0.8152849327390457	10.0	-0.47310182229905084	0.06452823151565919	2.509018819985349	0.7120237909531694	3.1258846903218442	-0.11862907731336936
0.11989399691074865	0.8147703366922222	10.0	-0.46715617450897234	0.07903220892143446	2.491627878112249	0.7158291973461492	3.1258846903218442	-0.11344973169367845
0.13945264026369314	0.8146515623349655	10.0	-0.46436992849810305	0.10826587444889231	2.477065211243624	0.7209331106120931	3.1258846903218442	-0.09955991892397008
0.16388329236091667	0.8153769033148254	10.0	-0.46676602489067287	0.1434201330617762	2.4731036930866517	0.7255343582536918	3.1258846903218442	-0.08215450393213455
0.14841914260442754	0.814917775924675	10.0	-0.46524934030533205	0.12116813923023347	2.475611260621021	0.7226218538181487	3.1258846903218442	-0.093171808870883
0.16807623469530616	0.8151627355334571	10.0	-0.4632424826717984	0.14795679679435342	2.4659028705301766	0.7271615163515738	3.1258846903218442	-0.08527493569646478
0.17477739424697772	0.8155014660906613	10.0	-0.4640147946687169	0.155242970896952	2.468051565095798	0.727981131202275	3.1258846903218442	-0.08624728042241729
0.19361910030563467	0.8159291469889141	10.0	-0.4638974181244703	0.1809144175992462	2.4628598292801462	0.7317625082762205	3.1258846903218442	-0.07740760606243326
0.21736392764989412	0.8157390669743091	10.0	-0.4630711916943421	0.210244704822278	2.4583329339739484	0.7358777101867268	3.1258846903218442	-0.07365796374844497
0.22447916249080427	0.8153693126888727	10.0	-0.4637114326504328	0.21714665429688482	2.4611906111424497	0.7362972787342388	3.1258846903218442	-0.07627604489882428
0.23297599562696988	0.815204246889592	10.0	-0.46421767225337357	0.22725533001149512	2.4617824730084057	0.7373855740793137	3.1258846903218442	-0.07527053937556251
0.23272996382401098	0.8151005348734126	10.0	-0.4642282253599175	0.22660987879052097	2.4622799923055707	0.7372390850554006	3.1258846903218442	-0.07610355013387579
0.23756327874748182	0.8148633660606954	10.0	-0.4639703264692513	0.23196218102744598	2.4620001341171713	0.7379329381914717	3.1258846903218442	-0.07689128050782587
0.241459164954683	0.8146164742199706	10.0	-0.46325472778645993	0.23642250121017072	2.460600723353308	0.7387115604146799	3.1258846903218442	-0.07764381906867822
0.2505014622184707	0.8140030567033029	10.0	-0.46046846421241344	0.24729241414783093	2.454476218762881	0.7410530497979854	3.1258846903218442	-0.07916871134457948
0.25210211193284177	0.8137048321300776	10.0	-0.45837518700788665	0.2496576559074528	2.44974037553933	0.7421495734298384	3.1258846903218442	-0.07990672838971671
0.25327903190526385	0.8136539902449487	10.0	-0.4574926396080572	0.2515699071984103	2.447366594757976	0.74280344197049	3.1258846903218442	-0.07958995963029623
0.2518866481339843	0.8136427243383028	10.0	-0.45708395216376607	0.25006184367702594	2.4464984435273527	0.7427830129639187	3.1258846903218442	-0.07981593728158227
0.25232865180987535	0.81360070517835	10.0	-0.4568081520581898	0.25066805203503206	2.4458601152602486	0.7429607433688624	3.1258846903218442	-0.07990664848488802
0.2519503369837425	0.8136366697462005	10.0	-0.45704421178954424	0.2501491929800772	2.446406466027351	0.7428086223551418	3.1258846903218442	-0.07982900796970964
0.25189743216074545	0.8136416991528346	10.0	-0.45707722317963884	0.25007663397745133	2.4464828695638534	0.7427873492388135	3.1258846903218442	-0.07981815045784604
0.2519327020427435	0.8136383462150786	10.0	-0.45705521558624246	0.25012500664586856	2.446431933872852	0.7428015313163656	3.1258846903218442	-0.07982538879908845
0.2519033431387196	0.8136411372246368	10.0	-0.4570735348656309	0.25008474088797583	2.44647433310922	0.7427897260527774	3.1258846903218442	-0.07981936355165951
0.2519081774508074	0.8136406776498777	10.0	-0.45707051836631896	0.2500913711504661	2.4464673515427173	0.7427916699376179	3.1258846903218442	-0.0798203556842832
0.25190424115169935	0.8136410518548693	10.0	-0.45707297452623075	0.2500859725134206	2.4464730362261835	0.7427900871452733	3.1258846903218442	-0.07981954784840277
0.2519035113120831	0.8136411212372054	10.0	-0.4570734299293285	0.25008497153786424	2.4464740902383624	0.7427897936755634	3.1258846903218442	-0.0798193980654181
0.2519033711380618	0.8136411345628743	10.0	-0.45707351739468677	0.25008477928909373	2.4464742926734213	0.742789737311359	3.1258846903218442	-0.0798193692978878
0.25190346458740936	0.8136411256790951	10.0	-0.4570734590844479	0.2500849074549408	2.4464741577167155	0.7427897748874953	3.1258846903218442	-0.07981938847624133
0.2519033866525545	0.8136411330879862	10.0	-0.4570735077140009	0.25008480056723154	2.4464742702678626	0.742789743549762	3.1258846903218442	-0.07981937248188462
0.2519033723372123	0.8136411344488769	10.0	-0.4570735166464445	0.25008478093372943	2.446474290941645	0.7427897377935393	3.1258846903218442	-0.07981936954398616
0.2519033711454777	0.8136411345621694	10.0	-0.45707351739005947	0.2500847792992645	2.4464742926627117	0.7427897373143408	3.1258846903218442	-0.07981936929940972
0.2519033711380638	0.8136411345628741	10.0	-0.4570735173946855	0.25008477928909645	2.446474292673418	0.7427897373113598	3.1258846903218442	-0.07981936929788822
0.2519033711380618	0.8136411345628743	10.0	-0.45707351739468677	0.25008477928909373	2.4464742926734213	0.742789737311359	3.1258846903218442	-0.0798193692978878
0.25258829442858827	0.813595391083219	10.0	-0.45679416802665895	0.2509807012906633	2.4458150815599677	0.7430063315662394	3.1258846903218442	-0.07989348653301453
0.2520428878507786	0.8136318167604314	10.0	-0.4570166148100239	0.2502672757733548	2.446340013450029	0.7428338568775239	3.1258846903218442	-0.07983446674477501
0.2519157626379111	0.8136403069806778	10.0	-0.457068463459889	0.25010098813685955	2.446462366353312	0.7427936558927737	3.1258846903218442	-0.07982071021258673
0.25190488362418845	0.8136410335495502	10.0	-0.4570729005197032	0.2500867577144395	2.44647283696637	0.7427902156069728	3.1258846903218442	-0.07981953296773436
0.25190356215664794	0.8136411218054533	10.0	-0.45707343948680706	0.2500850291532119	2.4464741088257167	0.742789797717435	3.1258846903218442	-0.07981938996847918
0.2519033925190069	0.8136411331349205	10.0	-0.45707350867436203	0.2500848072566915	2.446474272095122	0.7427897440726853	3.1258846903218442	-0.07981937161157249
0.25190337403604984	0.8136411343693285	10.0	-0.45707351621272796	0.2500847830798412	2.4464742898842244	0.7427897382277938	3.1258846903218442	-0.07981936961148622
0.25190337130635787	0.8136411345516344	10.0	-0.4570735173260464	0.25008477950923536	2.4464742925114433	0.7427897373645795	3.1258846903218442	-0.07981936931609952
0.2519033711386757	0.8136411345628334	10.0	-0.4570735173944364	0.2500847792898967	2.4464742926728307	0.7427897373115532	3.1258846903218442	-0.07981936929795423
0.2519033711380618	0.8136411345628743	10.0	-0.45707351739468677	0.25008477928909373	2.4464742926734213	0.742789737311359	3.1258846903218442	-0.0798193692978878
0.25190337113836875	0.8136411345628538	10.0	-0.4570735173945616	0.25008477928949524	2.446474292673126	0.742789737311456	3.1258846903218442	-0.07981936929792101
0.2519033711380618	0.8136411345628743	10.0	-0.45707351739468677	0.25008477928909373	2.4464742926734213	0.742789737311359	3.1258846903218442	-0.0798193692978878
0.2519033711382153	0.8136411345628641	10.0	-0.45707351739462415	0.25008477928929446	2.4464742926732734	0.7427897373114075	3.1258846903218442	-0.07981936929790441
0.2519033711380618	0.8136411345628743	10.0	-0.45707351739468677	0.25008477928909373	2.4464742926734213	0.742789737311359	3.1258846903218442	-0.0798193692978878
0.25190337113813854	0.8136411345628692	10.0	-0.45707351739465546	0.2500847792891941	2.4464742926733476	0.7427897373113833	3.1258846903218442	-0.0798193692978961
0.2519033711380618	0.8136411345628743	10.0	-0.45707351739468677	0.25008477928909373	2.4464742926734213	0.742789737311359	3.1258846903218442	-0.0798193692978878
0.2519033711381002	0.8136411345628718	10.0	-0.4570735173946711	0.2500847792891439	2.4464742926733845	0.7427897373113711	3.1258846903218442	-0.07981936929789195
0.2519033711380618	0.8136411345628743	10.0	-0.45707351739468677	0.25008477928909373	2.4464742926734213	0.742789737311359	3.1258846903218442	-0.0798193692978878
0.25190337113808103	0.813641134562873	10.0	-0.45707351739467894	0.2500847792891188	2.4464742926734027	0.7427897373113651	3.1258846903218442	-0.07981936929788988
0.2519033711380618	0.8136411345628743	10.0	-0.45707351739468677	0.25008477928909373	2.4464742926734213	0.742789737311359	3.1258846903218442	-0.0798193692978878
0.25190337113807143	0.8136411345628737	10.0	-0.4570735173946828	0.2500847792891063	2.446474292673412	0.742789737311362	3.1258846903218442	-0.07981936929788884
0.2519033711380618	0.8136411345628743	10.0	-0.45707351739468677	0.25008477928909373	2.4464742926734213	0.742789737311359	3.1258846903218442	-0.0798193692978878
0.25190337113806666	0.813641134562874	10.0	-0.4570735173946848	0.2500847792891	2.446474292673417	0.7427897373113606	3.1258846903218442	-0.07981936929788831
0.2519033711380618	0.8136411345628743	10.0	-0.45707351739468677	0.25008477928909373	2.4464742926734213	0.742789737311359	3.1258846903218442	-0.0798193692978878
0.2519033711380642	0.8136411345628742	10.0	-0.45707351739468577	0.2500847792890969	2.446474292673419	0.7427897373113598	3.1258846903218442	-0.07981936929788806
0.2519033711380618	0.8136411345628743	10.0	-0.45707351739468677	0.25008477928909373	2.4464742926734213	0.742789737311359	3.1258846903218442	-0.0798193692978878
0.25190337113806305	0.8136411345628742	10.0	-0.45707351739468627	0.2500847792890953	2.44647429267342	0.7427897373113593	3.1258846903218442	-0.07981936929788792
0.2519033711380618	0.8136411345628743	10.0	-0.45707351739468677	0.25008477928909373	2.4464742926734213	0.742789737311359	3.1258846903218442	-0.0798193692978878
0.25190337113806244	0.8136411345628743	10.0	-0.45707351739468655	0.2500847792890945	2.446474292673421	0.7427897373113592	3.1258846903218442	-0.07981936929788787
0.2519033711380618	0.8136411345628743	10.0	-0.45707351739468677	0.25008477928909373	2.4464742926734213	0.742789737311359	3.1258846903218442	-0.0798193692978878
0.25190337113806216	0.8136411345628743	10.0	-0.45707351739468666	0.2500847792890941	2.446474292673421	0.7427897373113591	3.1258846903218442	-0.07981936929788783
0.2519033711380618	0.8136411345628743	10.0	-0.45707351739468677	0.25008477928909373	2.4464742926734213	0.742789737311359	3.1258846903218442	-0.0798193692978878
0.251903371138062	0.8136411345628743	10.0	-0.4570735173946867	0.25008477928909395	2.4464742926734213	0.742789737311359	3.1258846903218442	-0.07981936929788781
0.2519033711380618	0.8136411345628743	10.0	-0.45707351739468677	0.25008477928909373	2.4464742926734213	0.742789737311359	3.1258846903218442	-0.0798193692978878
0.25190337113806194	0.8136411345628743	10.0	-0.4570735173946867	0.25008477928909384	2.4464742926734213	0.742789737311359	3.1258846903218442	-0.07981936929788781
0.2519033711380618	0.8136411345628743	10.0	-0.45707351739468677	0.25008477928909373	2.4464742926734213	0.742789737311359	3.1258846903218442	-0.0798193692978878
0.2519033711380619	0.8136411345628743	10.0	-0.45707351739468677	0.2500847792890938	2.4464742926734213	0.742789737311359	3.1258846903218442	-0.0798193692978878
0.2519033711380618	0.8136411345628743	10.0	-0.45707351739468677	0.25008477928909373	2.4464742926734213	0.742789737311359	3.1258846903218442	-0.0798193692978878
0.2519033711380618	0.8136411345628743	10.0	-0.45707351739468677	0.2500847792890938	2.4464742926734213	0.742789737311359	3.1258846903218442	-0.0798193692978878
0.2519033711380618	0.8136411345628743	10.0	-0.45707351739468677	0.25008477928909373	2.4464742926734213	0.742789737311359	3.1258846903218442	-0.0798193692978878
0.2519033711380618	0.8136411345628743	10.0	-0.45707351739468677	0.2500847792890938	2.4464742926734213	0.742789737311359	3.1258846903218442	-0.0798193692978878
0.2519033711380618	0.8136411345628743	10.0	-0.45707351739468677	0.25008477928909373	2.4464742926734213	0.742789737311359	3.1258846903218442	-0.0798193692978878
0.2519033711380618	0.8136411345628743	10.0	-0.45707351739468677	0.2500847792890938	2.4464742926734213	0.742789737311359	3.1258846903218442	-0.0798193692978878
0.2519033711380618	0.8136411345628743	10.0	-0.45707351739468677	0.25008477928909373	2.4464742926734213	0.742789737311359	3.1258846903218442	-0.0798193692978878
0.2519033711380618	0.8136411345628743	10.0	-0.45707351739468677	0.2500847792890938	2.4464742926734213	0.742789737311359	3.1258846903218442	-0.0798193692978878
0.2519033711380618	0.8136411345628743	10.0	-0.45707351739468677	0.25008477928909373	2.4464742926734213	0.742789737311359	3.1258846903218442	-0.0798193692978878
0.2519033711380618	0.8136411345628743	10.0	-0.45707351739468677	0.2500847792890938	2.4464742926734213	0.742789737311359	3.1258846903218442	-0.0798193692978878
0.2519033711380618	0.8136411345628743	10.0	-0.45707351739468677	0.25008477928909373	2.4464742926734213	0.742789737311359	3.1258846903218442	-0.0798193692978878
0.2519033711380618	0.8136411345628743	10.0	-0.45707351739468677	0.2500847792890938	2.4464742926734213	0.742789737311359	3.1258846903218442	-0.0798193692978878
0.2519033711380618	0.8136411345628743	10.0	-0.45707351739468677	0.25008477928909373	2.4464742926734213	0.742789737311359	3.1258846903218442	-0.0798193692978878
