[2.0, 10.0, 10.0, 0.7, 0.5418, 2.4237061150395447, 3.44314831140435, 3.1258846903218442, 0.05289] [2.000208294029245, 10.001040311577995, 10.0, 0.6936663821162159, 0.5418010514240676, 2.4235570436898675, 3.4431476861052506, 3.1258846903218442, 0.052866416428029174]
[2.000208294029245, 10.001040311577995, 10.0, 0.6936663821162159, 0.5418010514240676, 2.4235570436898675, 3.4431476861052506, 3.1258846903218442, 0.052866416428029174] [2.000000029554387, 10.000000147607548, 10.0, 0.6999991013367313, 0.5418000001491842, 2.423706093888135, 3.443148311315628, 3.1258846903218442, 0.052889996653778255][2.000000029554387, 10.000000147607548, 10.0, 0.6999991013367313, 0.5418000001491842, 2.423706093888135, 3.443148311315628, 3.1258846903218442, 0.052889996653778255]
[2.0002182959277865, 10.001086153665996, 10.0, 0.6999822115179738, 0.5417990386589319, 2.4239408550483112, 3.44314333450006, 3.1258846903218442, 0.052926321023063605][2.0002182959277865, 10.001086153665996, 10.0, 0.6999822115179738, 0.5417990386589319, 2.4239408550483112, 3.44314333450006, 3.1258846903218442, 0.052926321023063605]
[2.0010913614213854, 10.00543017789979, 10.0, 0.6999146522429439, 0.5417951926979229, 2.424879899689015, 3.4431234272377886, 3.1258846903218442, 0.053071618500204996]
[2.0010913614213854, 10.00543017789979, 10.0, 0.6999146522429439, 0.5417951926979229, 2.424879899689015, 3.4431234272377886, 3.1258846903218442, 0.053071618500204996]
[2.0007993054849194, 10.003977024528211, 10.0, 0.6999372520220905, 0.541796479240287, 2.4245657725542986, 3.443130086571101, 3.1258846903218442, 0.053023013909754675]
[2.0007993054849194, 10.003977024528211, 10.0, 0.6999372520220905, 0.541796479240287, 2.4245657725542986, 3.443130086571101, 3.1258846903218442, 0.053023013909754675]
[2.0015343112395216, 10.007015417067663, 10.0, 0.6999404313415071, 0.5420073429328571, 2.4244160138620714, 3.4415339649593264, 3.1258846903218442, 0.0527713658474211][2.0015343112395216, 10.007015417067663, 10.0, 0.6999404313415071, 0.5420073429328571, 2.4244160138620714, 3.4415339649593264, 3.1258846903218442, 0.0527713658474211]
[2.00447433425793, 10.019168987225473, 10.0, 0.6999531486191737, 0.5428507977031377, 2.423816979093163, 3.435149478512227, 3.1258846903218442, 0.05176477359808681][2.00447433425793, 10.019168987225473, 10.0, 0.6999531486191737, 0.5428507977031377, 2.423816979093163, 3.435149478512227, 3.1258846903218442, 0.05176477359808681] [2.0027477346780396, 10.01203150939035, 10.0, 0.6999456800904789, 0.5423554585024225, 2.424168776740277, 3.438898922495609, 3.1258846903218442, 0.05235591922651867][2.0027477346780396, 10.01203150939035, 10.0, 0.6999456800904789, 0.5423554585024225, 2.424168776740277, 3.438898922495609, 3.1258846903218442, 0.05235591922651867] [2.002746693558037, 10.011966421469044, 10.0, 0.6999389896804536, 0.5423860977457319, 2.424267539585113, 3.43885897739715, 3.1258846903218442, 0.05237677559956264][2.002746693558037, 10.011966421469044, 10.0, 0.6999389896804536, 0.5423860977457319, 2.424267539585113, 3.43885897739715, 3.1258846903218442, 0.05237677559956264] [2.002742529078027, 10.011706069783816, 10.0, 0.699912228040353, 0.5425086547189693, 2.4246625909644575, 3.4386991970033143, 3.1258846903218442, 0.052460201091738524]
[2.002742529078027, 10.011706069783816, 10.0, 0.699912228040353, 0.5425086547189693, 2.4246625909644575, 3.4386991970033143, 3.1258846903218442, 0.052460201091738524]
[2.0027436230676177, 10.011774462964427, 10.0, 0.6999192581991294, 0.542476459570325, 2.4245588127987263, 3.4387411705719666, 3.1258846903218442, 0.05243828560173922][2.0027436230676177, 10.011774462964427, 10.0, 0.6999192581991294, 0.542476459570325, 2.4245588127987263, 3.4387411705719666, 3.1258846903218442, 0.05243828560173922]
[2.0027875595065927, 10.01176233162701, 10.0, 0.6998977499088788, 0.5425947717272547, 2.4249129005941072, 3.438526974492107, 3.1258846903218442, 0.05250770249718426][2.0027875595065927, 10.01176233162701, 10.0, 0.6998977499088788, 0.5425947717272547, 2.4249129005941072, 3.438526974492107, 3.1258846903218442, 0.05250770249718426] [2.0029633052624933, 10.01171380627734, 10.0, 0.6998117167478761, 0.5430680203549733, 2.426329251775631, 3.437670190172669, 3.1258846903218442, 0.05278537007896443]
[2.0029633052624933, 10.01171380627734, 10.0, 0.6998117167478761, 0.5430680203549733, 2.426329251775631, 3.437670190172669, 3.1258846903218442, 0.05278537007896443]
[2.0038420340419956, 10.011471179528996, 10.0, 0.6993815509428634, 0.5454342634935663, 2.4334110076832505, 3.433386268575479, 3.1258846903218442, 0.05417370798786525]
[2.0038420340419956, 10.011471179528996, 10.0, 0.6993815509428634, 0.5454342634935663, 2.4334110076832505, 3.433386268575479, 3.1258846903218442, 0.05417370798786525]
[2.0031376476524474, 10.011665668412553, 10.0, 0.6997263705793291, 0.5435374899952289, 2.4277342931021555, 3.4368202474519425, 3.1258846903218442, 0.05306082042809149]
[2.0031376476524474, 10.011665668412553, 10.0, 0.6997263705793291, 0.5435374899952289, 2.4277342931021555, 3.4368202474519425, 3.1258846903218442, 0.05306082042809149]
[2.0031302731092056, 10.011575140831741, 10.0, 0.6997162088342926, 0.5435964557134718, 2.427897636426716, 3.436741348042255, 3.1258846903218442, 0.053118628028528514][2.0031302731092056, 10.011575140831741, 10.0, 0.6997162088342926, 0.5435964557134718, 2.427897636426716, 3.436741348042255, 3.1258846903218442, 0.053118628028528514]
[2.003100774936238, 10.011213030508497, 10.0, 0.6996755618541469, 0.5438323185864433, 2.4285510097249583, 3.4364257504035054, 3.1258846903218442, 0.05334985843027661]
[2.003100774936238, 10.011213030508497, 10.0, 0.6996755618541469, 0.5438323185864433, 2.4285510097249583, 3.4364257504035054, 3.1258846903218442, 0.05334985843027661] [2.0031276774718516, 10.011543277601353, 10.0, 0.6997126321782022, 0.5436172100321955, 2.4279551288056838, 3.4367135776097975, 3.1258846903218442, 0.05313897472148634][2.0031276774718516, 10.011543277601353, 10.0, 0.6997126321782022, 0.5436172100321955, 2.4279551288056838, 3.4367135776097975, 3.1258846903218442, 0.05313897472148634] [2.003114898474515, 10.01154513869995, 10.0, 0.6997127037342438, 0.5436239356682107, 2.427948755683433, 3.4367107580356566, 3.1258846903218442, 0.053167694818181094]
[2.003114898474515, 10.01154513869995, 10.0, 0.6997127037342438, 0.5436239356682107, 2.427948755683433, 3.4367107580356566, 3.1258846903218442, 0.053167694818181094] [2.003063782485167, 10.011552583094332, 10.0, 0.69971298995841, 0.5436508382122711, 2.427923263194429, 3.4366994797390924, 3.1258846903218442, 0.0532825752049601][2.003063782485167, 10.011552583094332, 10.0, 0.69971298995841, 0.5436508382122711, 2.427923263194429, 3.4366994797390924, 3.1258846903218442, 0.0532825752049601] [2.002808202538429, 10.011589805066249, 10.0, 0.6997144210792411, 0.5437853509325733, 2.4277958007494105, 3.436643088256272, 3.1258846903218442, 0.05385697713885516]
[2.002808202538429, 10.011589805066249, 10.0, 0.6997144210792411, 0.5437853509325733, 2.4277958007494105, 3.436643088256272, 3.1258846903218442, 0.05385697713885516] [2.0015303028047398, 10.011775914925833, 10.0, 0.6997215766833965, 0.5444579145340841, 2.427158488524318, 3.4363611308421715, 3.1258846903218442, 0.05672898680833041]
[2.0015303028047398, 10.011775914925833, 10.0, 0.6997215766833965, 0.5444579145340841, 2.427158488524318, 3.4363611308421715, 3.1258846903218442, 0.05672898680833041] [2.0025252264720415, 10.011631016934906, 10.0, 0.6997160056047427, 0.5439342823372318, 2.4276546753529784, 3.4365806520589497, 3.1258846903218442, 0.05449295035136212]
[2.0025252264720415, 10.011631016934906, 10.0, 0.6997160056047427, 0.5439342823372318, 2.4276546753529784, 3.4365806520589497, 3.1258846903218442, 0.05449295035136212]
[2.0020904827862718, 10.011700299101182, 10.0, 0.6997094594058968, 0.5442402665489662, 2.4276054670930955, 3.4363574820253175, 3.1258846903218442, 0.055560265934477555]
[2.0020904827862718, 10.011700299101182, 10.0, 0.6997094594058968, 0.5442402665489662, 2.4276054670930955, 3.4363574820253175, 3.1258846903218442, 0.055560265934477555]
[2.0003515080431926, 10.011977427766286, 10.0, 0.6996832746105135, 0.5454642033959035, 2.427408634053564, 3.435464801890789, 3.1258846903218442, 0.05982952826693931]
[2.0003515080431926, 10.011977427766286, 10.0, 0.6996832746105135, 0.5454642033959035, 2.427408634053564, 3.435464801890789, 3.1258846903218442, 0.05982952826693931] [2.0007284922711546, 10.01191735033487, 10.0, 0.6996889510902388, 0.5451988718324906, 2.4274513045706265, 3.4356583218557404, 3.1258846903218442, 0.05890401478793397]
[2.0007284922711546, 10.01191735033487, 10.0, 0.6996889510902388, 0.5451988718324906, 2.4274513045706265, 3.4356583218557404, 3.1258846903218442, 0.05890401478793397] [2.0007452799828815, 10.011904618344069, 10.0, 0.699689483829716, 0.545190511398711, 2.4274521972348047, 3.4356611621622926, 3.1258846903218442, 0.058851326407677367][2.0007452799828815, 10.011904618344069, 10.0, 0.699689483829716, 0.545190511398711, 2.4274521972348047, 3.4356611621622926, 3.1258846903218442, 0.058851326407677367]
[2.00081243082979, 10.011853690380859, 10.0, 0.699691614787625, 0.5451570696635927, 2.427455767891517, 3.435672523388502, 3.1258846903218442, 0.058640572886650956]
[2.00081243082979, 10.011853690380859, 10.0, 0.699691614787625, 0.5451570696635927, 2.427455767891517, 3.435672523388502, 3.1258846903218442, 0.058640572886650956]
[2.000746953869312, 10.011903348849632, 10.0, 0.6996895369486519, 0.5451896777879794, 2.4274522862414827, 3.4356614453665, 3.1258846903218442, 0.05884607290045872][2.000746953869312, 10.011903348849632, 10.0, 0.6996895369486519, 0.5451896777879794, 2.4274522862414827, 3.4356614453665, 3.1258846903218442, 0.05884607290045872] [2.0007419717886803, 10.011903849292084, 10.0, 0.6996895260321248, 0.5451953975522268, 2.4274520044851533, 3.435661261330627, 3.1258846903218442, 0.05884928954183433]
[2.0007419717886803, 10.011903849292084, 10.0, 0.6996895260321248, 0.5451953975522268, 2.4274520044851533, 3.435661261330627, 3.1258846903218442, 0.05884928954183433] [2.0007220434661543, 10.011905851061895, 10.0, 0.6996894823660165, 0.5452182766092162, 2.427450877459835, 3.435660525187134, 3.1258846903218442, 0.05886215610733679]
[2.0007220434661543, 10.011905851061895, 10.0, 0.6996894823660165, 0.5452182766092162, 2.427450877459835, 3.435660525187134, 3.1258846903218442, 0.05886215610733679]
[2.000622401853524, 10.011915859910951, 10.0, 0.6996892640354746, 0.545332671894163, 2.4274452423332433, 3.435656844469671, 3.1258846903218442, 0.05892648893484906][2.000622401853524, 10.011915859910951, 10.0, 0.6996892640354746, 0.545332671894163, 2.4274452423332433, 3.435656844469671, 3.1258846903218442, 0.05892648893484906]
[2.0001241937903727, 10.011965904156225, 10.0, 0.6996881723827657, 0.5459046483188973, 2.4274170667002863, 3.4356384408823546, 3.1258846903218442, 0.05924815307241042][2.0001241937903727, 10.011965904156225, 10.0, 0.6996881723827657, 0.5459046483188973, 2.4274170667002863, 3.4356384408823546, 3.1258846903218442, 0.05924815307241042]
[1.9976331534746155, 10.012216125382599, 10.0, 0.6996827141192209, 0.5487645304425686, 2.4272761885355014, 3.435546422945772, 3.1258846903218442, 0.06085647376021722]
[1.9976331534746155, 10.012216125382599, 10.0, 0.6996827141192209, 0.5487645304425686, 2.4272761885355014, 3.435546422945772, 3.1258846903218442, 0.06085647376021722]
[1.999694227446978, 10.01200909362412, 10.0, 0.6996872302584641, 0.5463982786513637, 2.427392750406008, 3.435622558114232, 3.1258846903218442, 0.05952575747759323]
[1.999694227446978, 10.01200909362412, 10.0, 0.6996872302584641, 0.5463982786513637, 2.427392750406008, 3.435622558114232, 3.1258846903218442, 0.05952575747759323] [1.9989741404244556, 10.012183719126838, 10.0, 0.6996914858381006, 0.5474194819799616, 2.4273631338943127, 3.4357626400780275, 3.1258846903218442, 0.05930614645546811][1.9989741404244556, 10.012183719126838, 10.0, 0.6996914858381006, 0.5474194819799616, 2.4273631338943127, 3.4357626400780275, 3.1258846903218442, 0.05930614645546811]
[1.9960937923343658, 10.012882221137708, 10.0, 0.6997085081566463, 0.5515042952943533, 2.42724466784753, 3.4363229679332083, 3.1258846903218442, 0.058427702366967635][1.9960937923343658, 10.012882221137708, 10.0, 0.6997085081566463, 0.5515042952943533, 2.42724466784753, 3.4363229679332083, 3.1258846903218442, 0.058427702366967635]
[1.981692051883917, 10.016374731192062, 10.0, 0.699793619749375, 0.5719283618663116, 2.4266523376136186, 3.4391246072091124, 3.1258846903218442, 0.05403548192446527][1.981692051883917, 10.016374731192062, 10.0, 0.699793619749375, 0.5719283618663116, 2.4266523376136186, 3.4391246072091124, 3.1258846903218442, 0.05403548192446527]
[1.909683349631673, 10.033837281463825, 10.0, 0.7002191777130184, 0.6740486947261033, 2.423690686444061, 3.4531328035886335, 3.1258846903218442, 0.032074379711953434]
[1.909683349631673, 10.033837281463825, 10.0, 0.7002191777130184, 0.6740486947261033, 2.423690686444061, 3.4531328035886335, 3.1258846903218442, 0.032074379711953434] [1.9298467900797336, 10.02894752395587, 10.0, 0.7001000155508249, 0.6454535779450565, 2.4245199900576173, 3.4492103133249734, 3.1258846903218442, 0.03822379447413872][1.9298467900797336, 10.02894752395587, 10.0, 0.7001000155508249, 0.6454535779450565, 2.4245199900576173, 3.4492103133249734, 3.1258846903218442, 0.03822379447413872]
[1.9245672980421222, 10.029126931630307, 10.0, 0.7001402541161449, 0.6519767978443006, 2.423831355087704, 3.449621780691447, 3.1258846903218442, 0.03895026046677678][1.9245672980421222, 10.029126931630307, 10.0, 0.7001402541161449, 0.6519767978443006, 2.423831355087704, 3.449621780691447, 3.1258846903218442, 0.03895026046677678]
[1.9034493298916766, 10.029844562328057, 10.0, 0.700301208377425, 0.6780696774412772, 2.4210768152080515, 3.451267650157341, 3.1258846903218442, 0.041856124437329]
[1.9034493298916766, 10.029844562328057, 10.0, 0.700301208377425, 0.6780696774412772, 2.4210768152080515, 3.451267650157341, 3.1258846903218442, 0.041856124437329] [1.9231811913485797, 10.02917403430167, 10.0, 0.7001508185689997, 0.6536894396479775, 2.423650557099109, 3.449729809582632, 3.1258846903218442, 0.03914099081883585][1.9231811913485797, 10.02917403430167, 10.0, 0.7001508185689997, 0.6536894396479775, 2.423650557099109, 3.449729809582632, 3.1258846903218442, 0.03914099081883585] [1.9211814961853064, 10.029229402374419, 10.0, 0.7001560057466938, 0.6568954827874652, 2.4239153886127083, 3.4503869955487896, 3.1258846903218442, 0.037167924175325905]
[1.9211814961853064, 10.029229402374419, 10.0, 0.7001560057466938, 0.6568954827874652, 2.4239153886127083, 3.4503869955487896, 3.1258846903218442, 0.037167924175325905]
[1.9131827155322132, 10.029450874665418, 10.0, 0.7001767544574702, 0.6697196553454159, 2.4249747146671066, 3.4530157394134195, 3.1258846903218442, 0.02927565760128614][1.9131827155322132, 10.029450874665418, 10.0, 0.7001767544574702, 0.6697196553454159, 2.4249747146671066, 3.4530157394134195, 3.1258846903218442, 0.02927565760128614] [1.9164430350196042, 10.02936060210294, 10.0, 0.7001682972401747, 0.664492496167825, 2.4245429311830424, 3.4519442579938238, 3.1258846903218442, 0.03249256173042696][1.9164430350196042, 10.02936060210294, 10.0, 0.7001682972401747, 0.664492496167825, 2.4245429311830424, 3.4519442579938238, 3.1258846903218442, 0.03249256173042696] [1.9060364914144667, 10.031362110026867, 10.0, 0.7002195651267081, 0.6787751641976909, 2.4241143262799554, 3.4535965805110127, 3.1258846903218442, 0.03053057004538065][1.9060364914144667, 10.031362110026867, 10.0, 0.7002195651267081, 0.6787751641976909, 2.4241143262799554, 3.4535965805110127, 3.1258846903218442, 0.03053057004538065] [1.8644103169939166, 10.039368141722578, 10.0, 0.7004246366728417, 0.7359058363171546, 2.4223999066676063, 3.460205870579769, 3.1258846903218442, 0.022682603305195427][1.8644103169939166, 10.039368141722578, 10.0, 0.7004246366728417, 0.7359058363171546, 2.4223999066676063, 3.460205870579769, 3.1258846903218442, 0.022682603305195427] [1.8700326856313414, 10.038286782165935, 10.0, 0.7003969380470261, 0.7281893045043996, 2.4226314700815887, 3.4593131662725516, 3.1258846903218442, 0.023742613327297914][1.8700326856313414, 10.038286782165935, 10.0, 0.7003969380470261, 0.7281893045043996, 2.4226314700815887, 3.4593131662725516, 3.1258846903218442, 0.023742613327297914]
[1.8508303866998081, 10.042916120047803, 10.0, 0.7005823251908815, 0.7533042856756547, 2.419943995412823, 3.4621454712473785, 3.1258846903218442, 0.02263181156644843]
[1.8508303866998081, 10.042916120047803, 10.0, 0.7005823251908815, 0.7533042856756547, 2.419943995412823, 3.4621454712473785, 3.1258846903218442, 0.02263181156644843]
[1.7740211909736756, 10.061433471575272, 10.0, 0.701323873766303, 0.8537642103606751, 2.4091940967377594, 3.473474691146685, 3.1258846903218442, 0.018188604523050503]
[1.7740211909736756, 10.061433471575272, 10.0, 0.701323873766303, 0.8537642103606751, 2.4091940967377594, 3.473474691146685, 3.1258846903218442, 0.018188604523050503]
[1.8495862415428148, 10.043216061649916, 10.0, 0.7005943366962756, 0.7549315222010109, 2.4197698699809873, 3.462328980447507, 3.1258846903218442, 0.02255984108853491][1.8495862415428148, 10.043216061649916, 10.0, 0.7005943366962756, 0.7549315222010109, 2.4197698699809873, 3.462328980447507, 3.1258846903218442, 0.02255984108853491] [1.857540202507863, 10.041790203740245, 10.0, 0.7005739418806294, 0.7436114462845191, 2.4196260962111023, 3.4609177240575564, 3.1258846903218442, 0.02504992625201117]
[1.857540202507863, 10.041790203740245, 10.0, 0.7005739418806294, 0.7436114462845191, 2.4196260962111023, 3.4609177240575564, 3.1258846903218442, 0.02504992625201117] [1.8533037620513173, 10.042549644496914, 10.0, 0.7005848045718706, 0.7496407476344412, 2.4197026730283646, 3.461669387749548, 3.1258846903218442, 0.023723656538952462][1.8533037620513173, 10.042549644496914, 10.0, 0.7005848045718706, 0.7496407476344412, 2.4197026730283646, 3.461669387749548, 3.1258846903218442, 0.023723656538952462]
[1.8523236601569295, 10.042634268927374, 10.0, 0.7005953819152266, 0.7510413794569546, 2.4196230350423, 3.461917505342523, 3.1258846903218442, 0.02320717399750111]
[1.8523236601569295, 10.042634268927374, 10.0, 0.7005953819152266, 0.7510413794569546, 2.4196230350423, 3.461917505342523, 3.1258846903218442, 0.02320717399750111]
[1.848403252579378, 10.042972766649216, 10.0, 0.7006376912886509, 0.7566439067470079, 2.419304483098041, 3.4629099757144233, 3.1258846903218442, 0.021141243831695713]
[1.848403252579378, 10.042972766649216, 10.0, 0.7006376912886509, 0.7566439067470079, 2.419304483098041, 3.4629099757144233, 3.1258846903218442, 0.021141243831695713] [1.851866552090571, 10.0426737367725, 10.0, 0.700600315064521, 0.7516946177658845, 2.4195858928165506, 3.4620332244874445, 3.1258846903218442, 0.02296629257774005]
[1.851866552090571, 10.0426737367725, 10.0, 0.700600315064521, 0.7516946177658845, 2.4195858928165506, 3.4620332244874445, 3.1258846903218442, 0.02296629257774005] [1.8516887157818747, 10.04268615731361, 10.0, 0.7006016817688596, 0.7519035177773717, 2.4195520806461936, 3.4620534922280357, 3.1258846903218442, 0.0230474893125073][1.8516887157818747, 10.04268615731361, 10.0, 0.7006016817688596, 0.7519035177773717, 2.4195520806461936, 3.4620534922280357, 3.1258846903218442, 0.0230474893125073] [1.8509773705470889, 10.042735839478052, 10.0, 0.7006071485862142, 0.7527391178233206, 2.419416831964766, 3.4621345631903995, 3.1258846903218442, 0.023372276251576302]
[1.8509773705470889, 10.042735839478052, 10.0, 0.7006071485862142, 0.7527391178233206, 2.419416831964766, 3.4621345631903995, 3.1258846903218442, 0.023372276251576302]
[1.8516616895686329, 10.042688044893234, 10.0, 0.7006018894702181, 0.751935264816534, 2.4195469421290206, 3.4620565723655123, 3.1258846903218442, 0.023059828976350106][1.8516616895686329, 10.042688044893234, 10.0, 0.7006018894702181, 0.751935264816534, 2.4195469421290206, 3.4620565723655123, 3.1258846903218442, 0.023059828976350106] [1.8516908676699815, 10.042676322322913, 10.0, 0.7006030628836102, 0.7519014212628851, 2.419529030953062, 3.4620722206397785, 3.1258846903218442, 0.0230509078390077][1.8516908676699815, 10.042676322322913, 10.0, 0.7006030628836102, 0.7519014212628851, 2.419529030953062, 3.4620722206397785, 3.1258846903218442, 0.0230509078390077]
[1.8516762786193073, 10.042682183608074, 10.0, 0.7006024761769141, 0.7519183430397096, 2.4195379865410414, 3.4620643965026456, 3.1258846903218442, 0.023055368407678904]
[1.8516762786193073, 10.042682183608074, 10.0, 0.7006024761769141, 0.7519183430397096, 2.4195379865410414, 3.4620643965026456, 3.1258846903218442, 0.023055368407678904] [1.85166898409397, 10.042685114250654, 10.0, 0.7006021828235661, 0.7519268039281218, 2.4195424643350307, 3.4620604844340788, 3.1258846903218442, 0.023057598692014503]
[1.85166898409397, 10.042685114250654, 10.0, 0.7006021828235661, 0.7519268039281218, 2.4195424643350307, 3.4620604844340788, 3.1258846903218442, 0.023057598692014503]
[1.8516726313566385, 10.042683648929364, 10.0, 0.7006023295002402, 0.7519225734839157, 2.4195402254380363, 3.462062440468362, 3.1258846903218442, 0.023056483549846706][1.8516726313566385, 10.042683648929364, 10.0, 0.7006023295002402, 0.7519225734839157, 2.4195402254380363, 3.462062440468362, 3.1258846903218442, 0.023056483549846706] [1.8516708077253043, 10.042684381590009, 10.0, 0.7006022561619031, 0.7519246887060188, 2.4195413448865337, 3.4620614624512207, 3.1258846903218442, 0.023057041120930603][1.8516708077253043, 10.042684381590009, 10.0, 0.7006022561619031, 0.7519246887060188, 2.4195413448865337, 3.4620614624512207, 3.1258846903218442, 0.023057041120930603] [1.8516717195409715, 10.042684015259686, 10.0, 0.7006022928310716, 0.7519236310949672, 2.419540785162285, 3.4620619514597912, 3.1258846903218442, 0.023056762335388652][1.8516717195409715, 10.042684015259686, 10.0, 0.7006022928310716, 0.7519236310949672, 2.419540785162285, 3.4620619514597912, 3.1258846903218442, 0.023056762335388652]
[1.851672175448805, 10.042683832094525, 10.0, 0.7006023111656559, 0.7519231022894415, 2.4195405053001604, 3.462062195964077, 3.1258846903218442, 0.023056622942617677][1.851672175448805, 10.042683832094525, 10.0, 0.7006023111656559, 0.7519231022894415, 2.4195405053001604, 3.462062195964077, 3.1258846903218442, 0.023056622942617677] [1.8516724034027219, 10.042683740511944, 10.0, 0.700602320332948, 0.7519228378866786, 2.419540365369098, 3.4620623182162196, 3.1258846903218442, 0.02305655324623219][1.8516724034027219, 10.042683740511944, 10.0, 0.700602320332948, 0.7519228378866786, 2.419540365369098, 3.4620623182162196, 3.1258846903218442, 0.02305655324623219]
[1.8516722894257633, 10.042683786303234, 10.0, 0.7006023157493019, 0.75192297008806, 2.4195404353346293, 3.4620622570901483, 3.1258846903218442, 0.023056588094424936]
[1.8516722894257633, 10.042683786303234, 10.0, 0.7006023157493019, 0.75192297008806, 2.4195404353346293, 3.4620622570901483, 3.1258846903218442, 0.023056588094424936]
[1.8516723464142426, 10.04268376340759, 10.0, 0.7006023180411249, 0.7519229039873693, 2.4195404003518637, 3.462062287653184, 3.1258846903218442, 0.023056570670328562]
[1.8516723464142426, 10.04268376340759, 10.0, 0.7006023180411249, 0.7519229039873693, 2.4195404003518637, 3.462062287653184, 3.1258846903218442, 0.023056570670328562]
[1.8516723749084822, 10.042683751959768, 10.0, 0.7006023191870364, 0.7519228709370239, 2.419540382860481, 3.4620623029347017, 3.1258846903218442, 0.02305656195828038][1.8516723749084822, 10.042683751959768, 10.0, 0.7006023191870364, 0.7519228709370239, 2.419540382860481, 3.4620623029347017, 3.1258846903218442, 0.02305656195828038] [1.8516723606613623, 10.042683757683678, 10.0, 0.7006023186140807, 0.7519228874621966, 2.4195403916061724, 3.4620622952939426, 3.1258846903218442, 0.023056566314304472]
[1.8516723606613623, 10.042683757683678, 10.0, 0.7006023186140807, 0.7519228874621966, 2.4195403916061724, 3.4620622952939426, 3.1258846903218442, 0.023056566314304472]
[1.8516723535378026, 10.042683760545634, 10.0, 0.7006023183276028, 0.751922895724783, 2.419540395979018, 3.4620622914735635, 3.1258846903218442, 0.023056568492316517][1.8516723535378026, 10.042683760545634, 10.0, 0.7006023183276028, 0.751922895724783, 2.419540395979018, 3.4620622914735635, 3.1258846903218442, 0.023056568492316517] [1.8516723499760226, 10.042683761976612, 10.0, 0.7006023181843639, 0.7519228998560761, 2.419540398165441, 3.4620622895633737, 3.1258846903218442, 0.02305656958132254]
[1.8516723499760226, 10.042683761976612, 10.0, 0.7006023181843639, 0.7519228998560761, 2.419540398165441, 3.4620622895633737, 3.1258846903218442, 0.02305656958132254]
[1.8516723481951325, 10.0426837626921, 10.0, 0.7006023181127444, 0.7519229019217227, 2.4195403992586524, 3.4620622886082786, 3.1258846903218442, 0.023056570125825553]
[1.8516723481951325, 10.0426837626921, 10.0, 0.7006023181127444, 0.7519229019217227, 2.4195403992586524, 3.4620622886082786, 3.1258846903218442, 0.023056570125825553]
[1.8516723473046877, 10.042683763049844, 10.0, 0.7006023180769346, 0.751922902954546, 2.4195403998052583, 3.4620622881307312, 3.1258846903218442, 0.023056570398077056][1.8516723473046877, 10.042683763049844, 10.0, 0.7006023180769346, 0.751922902954546, 2.4195403998052583, 3.4620622881307312, 3.1258846903218442, 0.023056570398077056]
[1.8516723468594651, 10.042683763228718, 10.0, 0.7006023180590298, 0.7519229034709577, 2.419540400078561, 3.4620622878919574, 3.1258846903218442, 0.02305657053420281]
[1.8516723468594651, 10.042683763228718, 10.0, 0.7006023180590298, 0.7519229034709577, 2.419540400078561, 3.4620622878919574, 3.1258846903218442, 0.02305657053420281] [1.8516723466368539, 10.042683763318154, 10.0, 0.7006023180500773, 0.7519229037291635, 2.4195404002152125, 3.4620622877725706, 3.1258846903218442, 0.023056570602265687][1.8516723466368539, 10.042683763318154, 10.0, 0.7006023180500773, 0.7519229037291635, 2.4195404002152125, 3.4620622877725706, 3.1258846903218442, 0.023056570602265687]
[1.8516723467481595, 10.042683763273436, 10.0, 0.7006023180545536, 0.7519229036000605, 2.4195404001468868, 3.462062287832264, 3.1258846903218442, 0.02305657056823425]
[1.8516723467481595, 10.042683763273436, 10.0, 0.7006023180545536, 0.7519229036000605, 2.4195404001468868, 3.462062287832264, 3.1258846903218442, 0.02305657056823425] [1.8516723466925067, 10.042683763295795, 10.0, 0.7006023180523155, 0.751922903664612, 2.4195404001810497, 3.4620622878024174, 3.1258846903218442, 0.02305657058524997]
[1.8516723466925067, 10.042683763295795, 10.0, 0.7006023180523155, 0.751922903664612, 2.4195404001810497, 3.4620622878024174, 3.1258846903218442, 0.02305657058524997] [1.8516723466646803, 10.042683763306973, 10.0, 0.7006023180511964, 0.7519229036968877, 2.419540400198131, 3.462062287787494, 3.1258846903218442, 0.023056570593757826][1.8516723466646803, 10.042683763306973, 10.0, 0.7006023180511964, 0.7519229036968877, 2.419540400198131, 3.462062287787494, 3.1258846903218442, 0.023056570593757826] [1.851672346650767, 10.042683763312564, 10.0, 0.7006023180506369, 0.7519229037130256, 2.419540400206672, 3.462062287780032, 3.1258846903218442, 0.023056570598011757][1.851672346650767, 10.042683763312564, 10.0, 0.7006023180506369, 0.7519229037130256, 2.419540400206672, 3.462062287780032, 3.1258846903218442, 0.023056570598011757]
[1.8516723466438105, 10.042683763315358, 10.0, 0.7006023180503571, 0.7519229037210945, 2.419540400210942, 3.4620622877763014, 3.1258846903218442, 0.023056570600138722][1.8516723466438105, 10.042683763315358, 10.0, 0.7006023180503571, 0.7519229037210945, 2.419540400210942, 3.4620622877763014, 3.1258846903218442, 0.023056570600138722]
[1.8516723466472889, 10.042683763313962, 10.0, 0.700602318050497, 0.75192290371706, 2.419540400208807, 3.462062287778167, 3.1258846903218442, 0.02305657059907524][1.8516723466472889, 10.042683763313962, 10.0, 0.700602318050497, 0.75192290371706, 2.419540400208807, 3.462062287778167, 3.1258846903218442, 0.02305657059907524] [1.8516723466455496, 10.04268376331466, 10.0, 0.700602318050427, 0.7519229037190773, 2.4195404002098746, 3.462062287777234, 3.1258846903218442, 0.02305657059960698][1.8516723466455496, 10.04268376331466, 10.0, 0.700602318050427, 0.7519229037190773, 2.4195404002098746, 3.462062287777234, 3.1258846903218442, 0.02305657059960698]
[1.851672346646419, 10.04268376331431, 10.0, 0.700602318050462, 0.7519229037180687, 2.419540400209341, 3.4620622877777008, 3.1258846903218442, 0.02305657059934111][1.851672346646419, 10.04268376331431, 10.0, 0.700602318050462, 0.7519229037180687, 2.419540400209341, 3.4620622877777008, 3.1258846903218442, 0.02305657059934111] [1.8516723466468539, 10.042683763314136, 10.0, 0.7006023180504796, 0.7519229037175644, 2.419540400209074, 3.462062287777934, 3.1258846903218442, 0.023056570599208175][1.8516723466468539, 10.042683763314136, 10.0, 0.7006023180504796, 0.7519229037175644, 2.419540400209074, 3.462062287777934, 3.1258846903218442, 0.023056570599208175]
[1.8516723466470715, 10.042683763314049, 10.0, 0.7006023180504883, 0.7519229037173122, 2.4195404002089402, 3.4620622877780503, 3.1258846903218442, 0.023056570599141707]
[1.8516723466470715, 10.042683763314049, 10.0, 0.7006023180504883, 0.7519229037173122, 2.4195404002089402, 3.4620622877780503, 3.1258846903218442, 0.023056570599141707]
[1.85167234664718, 10.042683763314004, 10.0, 0.7006023180504927, 0.7519229037171862, 2.4195404002088736, 3.4620622877781084, 3.1258846903218442, 0.023056570599108473][1.85167234664718, 10.042683763314004, 10.0, 0.7006023180504927, 0.7519229037171862, 2.4195404002088736, 3.4620622877781084, 3.1258846903218442, 0.023056570599108473] [1.8516723466472345, 10.042683763313983, 10.0, 0.7006023180504949, 0.7519229037171231, 2.4195404002088403, 3.4620622877781377, 3.1258846903218442, 0.023056570599091858][1.8516723466472345, 10.042683763313983, 10.0, 0.7006023180504949, 0.7519229037171231, 2.4195404002088403, 3.4620622877781377, 3.1258846903218442, 0.023056570599091858]
[1.8516723466472615, 10.042683763313972, 10.0, 0.7006023180504959, 0.7519229037170916, 2.4195404002088234, 3.4620622877781524, 3.1258846903218442, 0.02305657059908355]
[1.8516723466472615, 10.042683763313972, 10.0, 0.7006023180504959, 0.7519229037170916, 2.4195404002088234, 3.4620622877781524, 3.1258846903218442, 0.02305657059908355]
[1.851672346647248, 10.042683763313978, 10.0, 0.7006023180504953, 0.7519229037171073, 2.419540400208832, 3.462062287778145, 3.1258846903218442, 0.0230565705990877]
[1.851672346647248, 10.042683763313978, 10.0, 0.7006023180504953, 0.7519229037171073, 2.419540400208832, 3.462062287778145, 3.1258846903218442, 0.0230565705990877]
[1.8516723466472411, 10.04268376331398, 10.0, 0.7006023180504951, 0.7519229037171152, 2.419540400208836, 3.4620622877781413, 3.1258846903218442, 0.02305657059908978]
[1.8516723466472411, 10.04268376331398, 10.0, 0.7006023180504951, 0.7519229037171152, 2.419540400208836, 3.4620622877781413, 3.1258846903218442, 0.02305657059908978]
[1.8516723466472447, 10.04268376331398, 10.0, 0.7006023180504952, 0.7519229037171113, 2.419540400208834, 3.462062287778143, 3.1258846903218442, 0.023056570599088742]
[1.8516723466472447, 10.04268376331398, 10.0, 0.7006023180504952, 0.7519229037171113, 2.419540400208834, 3.462062287778143, 3.1258846903218442, 0.023056570599088742]
[1.8516723466472462, 10.042683763313978, 10.0, 0.7006023180504953, 0.7519229037171093, 2.4195404002088328, 3.462062287778144, 3.1258846903218442, 0.023056570599088222]
[1.8516723466472462, 10.042683763313978, 10.0, 0.7006023180504953, 0.7519229037171093, 2.4195404002088328, 3.462062287778144, 3.1258846903218442, 0.023056570599088222] [1.8516723466472456, 10.042683763313978, 10.0, 0.7006023180504953, 0.7519229037171103, 2.4195404002088337, 3.4620622877781435, 3.1258846903218442, 0.023056570599088482][1.8516723466472456, 10.042683763313978, 10.0, 0.7006023180504953, 0.7519229037171103, 2.4195404002088337, 3.4620622877781435, 3.1258846903218442, 0.023056570599088482] [1.8516723466472451, 10.042683763313978, 10.0, 0.7006023180504952, 0.7519229037171108, 2.4195404002088337, 3.4620622877781435, 3.1258846903218442, 0.02305657059908861][1.8516723466472451, 10.042683763313978, 10.0, 0.7006023180504952, 0.7519229037171108, 2.4195404002088337, 3.4620622877781435, 3.1258846903218442, 0.02305657059908861] [1.851672346647245, 10.04268376331398, 10.0, 0.7006023180504952, 0.751922903717111, 2.4195404002088337, 3.4620622877781435, 3.1258846903218442, 0.023056570599088676][1.851672346647245, 10.04268376331398, 10.0, 0.7006023180504952, 0.751922903717111, 2.4195404002088337, 3.4620622877781435, 3.1258846903218442, 0.023056570599088676] [1.851672346647245, 10.04268376331398, 10.0, 0.7006023180504952, 0.7519229037171109, 2.4195404002088337, 3.4620622877781435, 3.1258846903218442, 0.02305657059908864][1.851672346647245, 10.04268376331398, 10.0, 0.7006023180504952, 0.7519229037171109, 2.4195404002088337, 3.4620622877781435, 3.1258846903218442, 0.02305657059908864]
[1.851672346647245, 10.042683763313978, 10.0, 0.7006023180504952, 0.7519229037171109, 2.4195404002088337, 3.4620622877781435, 3.1258846903218442, 0.023056570599088628][1.851672346647245, 10.042683763313978, 10.0, 0.7006023180504952, 0.7519229037171109, 2.4195404002088337, 3.4620622877781435, 3.1258846903218442, 0.023056570599088628]
[1.851672346647245, 10.04268376331398, 10.0, 0.7006023180504952, 0.7519229037171109, 2.4195404002088337, 3.4620622877781435, 3.1258846903218442, 0.023056570599088635][1.851672346647245, 10.04268376331398, 10.0, 0.7006023180504952, 0.7519229037171109, 2.4195404002088337, 3.4620622877781435, 3.1258846903218442, 0.023056570599088635]
[1.851672346647245, 10.04268376331398, 10.0, 0.7006023180504952, 0.7519229037171109, 2.4195404002088337, 3.4620622877781435, 3.1258846903218442, 0.02305657059908863][1.851672346647245, 10.04268376331398, 10.0, 0.7006023180504952, 0.7519229037171109, 2.4195404002088337, 3.4620622877781435, 3.1258846903218442, 0.02305657059908863]
[1.851672346647245, 10.04268376331398, 10.0, 0.7006023180504952, 0.7519229037171109, 2.4195404002088337, 3.4620622877781435, 3.1258846903218442, 0.023056570599088628][1.851672346647245, 10.04268376331398, 10.0, 0.7006023180504952, 0.7519229037171109, 2.4195404002088337, 3.4620622877781435, 3.1258846903218442, 0.023056570599088628]
[1.851672346647245, 10.042683763313978, 10.0, 0.7006023180504952, 0.7519229037171109, 2.4195404002088337, 3.4620622877781435, 3.1258846903218442, 0.023056570599088628][1.851672346647245, 10.042683763313978, 10.0, 0.7006023180504952, 0.7519229037171109, 2.4195404002088337, 3.4620622877781435, 3.1258846903218442, 0.023056570599088628] [1.851672346647245, 10.04268376331398, 10.0, 0.7006023180504952, 0.7519229037171109, 2.4195404002088337, 3.4620622877781435, 3.1258846903218442, 0.023056570599088628][1.851672346647245, 10.04268376331398, 10.0, 0.7006023180504952, 0.7519229037171109, 2.4195404002088337, 3.4620622877781435, 3.1258846903218442, 0.023056570599088628]
[1.851672346647245, 10.042683763313978, 10.0, 0.7006023180504952, 0.7519229037171109, 2.4195404002088337, 3.4620622877781435, 3.1258846903218442, 0.023056570599088628][1.851672346647245, 10.042683763313978, 10.0, 0.7006023180504952, 0.7519229037171109, 2.4195404002088337, 3.4620622877781435, 3.1258846903218442, 0.023056570599088628]
[1.851672346647245, 10.04268376331398, 10.0, 0.7006023180504952, 0.7519229037171109, 2.4195404002088337, 3.4620622877781435, 3.1258846903218442, 0.023056570599088628]
[1.851672346647245, 10.04268376331398, 10.0, 0.7006023180504952, 0.7519229037171109, 2.4195404002088337, 3.4620622877781435, 3.1258846903218442, 0.023056570599088628]
[1.851672346647245, 10.042683763313978, 10.0, 0.7006023180504952, 0.7519229037171109, 2.4195404002088337, 3.4620622877781435, 3.1258846903218442, 0.023056570599088628]
[1.851672346647245, 10.042683763313978, 10.0, 0.7006023180504952, 0.7519229037171109, 2.4195404002088337, 3.4620622877781435, 3.1258846903218442, 0.023056570599088628] [1.851672346647245, 10.04268376331398, 10.0, 0.7006023180504952, 0.7519229037171109, 2.4195404002088337, 3.4620622877781435, 3.1258846903218442, 0.023056570599088628]
[1.851672346647245, 10.04268376331398, 10.0, 0.7006023180504952, 0.7519229037171109, 2.4195404002088337, 3.4620622877781435, 3.1258846903218442, 0.023056570599088628]
[1.851672346647245, 10.042683763313978, 10.0, 0.7006023180504952, 0.7519229037171109, 2.4195404002088337, 3.4620622877781435, 3.1258846903218442, 0.023056570599088628]
[1.851672346647245, 10.042683763313978, 10.0, 0.7006023180504952, 0.7519229037171109, 2.4195404002088337, 3.4620622877781435, 3.1258846903218442, 0.023056570599088628] [1.851672346647245, 10.04268376331398, 10.0, 0.7006023180504952, 0.7519229037171109, 2.4195404002088337, 3.4620622877781435, 3.1258846903218442, 0.023056570599088628][1.851672346647245, 10.04268376331398, 10.0, 0.7006023180504952, 0.7519229037171109, 2.4195404002088337, 3.4620622877781435, 3.1258846903218442, 0.023056570599088628]
[1.8516991249688894, 10.042656617978157, 10.0, 0.7006068010465782, 0.751951777635443, 2.41947485282371, 3.4621332453687437, 3.1258846903218442, 0.023009698519124204]
[1.8516991249688894, 10.042656617978157, 10.0, 0.7006068010465782, 0.751951777635443, 2.41947485282371, 3.4621332453687437, 3.1258846903218442, 0.023009698519124204]
[1.8518062382554679, 10.04254803663487, 10.0, 0.7006247330309106, 0.7520672733087712, 2.419212663283215, 3.462417075731144, 3.1258846903218442, 0.022822210199266516][1.8518062382554679, 10.04254803663487, 10.0, 0.7006247330309106, 0.7520672733087712, 2.419212663283215, 3.462417075731144, 3.1258846903218442, 0.022822210199266516] [1.8517211406431693, 10.042634300564856, 10.0, 0.7006104867212397, 0.7519755161949245, 2.4194209633417656, 3.462191582826298, 3.1258846903218442, 0.0229711628536331][1.8517211406431693, 10.042634300564856, 10.0, 0.7006104867212397, 0.7519755161949245, 2.4194209633417656, 3.462191582826298, 3.1258846903218442, 0.0229711628536331] [1.8518283507055333, 10.042624828320836, 10.0, 0.7006108385634781, 0.7519244946839763, 2.4194132372192407, 3.4621962015196432, 3.1258846903218442, 0.02297668034432499]
[1.8518283507055333, 10.042624828320836, 10.0, 0.7006108385634781, 0.7519244946839763, 2.4194132372192407, 3.4621962015196432, 3.1258846903218442, 0.02297668034432499] [1.8522571909549899, 10.042586939344751, 10.0, 0.7006122459324313, 0.7517204086401831, 2.4193823327291417, 3.4622146762930237, 3.1258846903218442, 0.022998750307092544][1.8522571909549899, 10.042586939344751, 10.0, 0.7006122459324313, 0.7517204086401831, 2.4193823327291417, 3.4622146762930237, 3.1258846903218442, 0.022998750307092544]
[1.8544013922022722, 10.042397494464334, 10.0, 0.7006192827771976, 0.7506999784212175, 2.4192278102786453, 3.462307050159927, 3.1258846903218442, 0.023109100120930322][1.8544013922022722, 10.042397494464334, 10.0, 0.7006192827771976, 0.7506999784212175, 2.4192278102786453, 3.462307050159927, 3.1258846903218442, 0.023109100120930322]
[1.8651223984386833, 10.041450270062242, 10.0, 0.7006544670010295, 0.7455978273263895, 2.418455198026164, 3.4627689194944415, 3.1258846903218442, 0.023660849190119206][1.8651223984386833, 10.041450270062242, 10.0, 0.7006544670010295, 0.7455978273263895, 2.418455198026164, 3.4627689194944415, 3.1258846903218442, 0.023660849190119206]
[1.856616360101887, 10.042201797195057, 10.0, 0.7006265518641324, 0.749645870192491, 2.4190681880099554, 3.4624024727095652, 3.1258846903218442, 0.023223091890914118][1.856616360101887, 10.042201797195057, 10.0, 0.7006265518641324, 0.749645870192491, 2.4190681880099554, 3.4624024727095652, 3.1258846903218442, 0.023223091890914118]
[1.856674925575301, 10.042331067297752, 10.0, 0.7006686585211135, 0.7533130264897613, 2.4184489781976675, 3.463307267399682, 3.1258846903218442, 0.022836592575443838][1.856674925575301, 10.042331067297752, 10.0, 0.7006686585211135, 0.7533130264897613, 2.4184489781976675, 3.463307267399682, 3.1258846903218442, 0.022836592575443838]
[1.8569091874689565, 10.042848147708533, 10.0, 0.700837085149038, 0.7679816516788424, 2.4159721389485167, 3.466926446160149, 3.1258846903218442, 0.021290595313562723][1.8569091874689565, 10.042848147708533, 10.0, 0.700837085149038, 0.7679816516788424, 2.4159721389485167, 3.466926446160149, 3.1258846903218442, 0.021290595313562723]
[1.8580804969372349, 10.045433549762436, 10.0, 0.7016792182886606, 0.8413247776242481, 2.403587942702762, 3.4850223399624825, 3.1258846903218442, 0.013560609004157143][1.8580804969372349, 10.045433549762436, 10.0, 0.7016792182886606, 0.8413247776242481, 2.403587942702762, 3.4850223399624825, 3.1258846903218442, 0.013560609004157143] [1.8576519082262386, 10.044487536634652, 10.0, 0.7013710770445464, 0.814488116041055, 2.4081193896426507, 3.478400950817164, 3.1258846903218442, 0.016389054396335416]
[1.8576519082262386, 10.044487536634652, 10.0, 0.7013710770445464, 0.814488116041055, 2.4081193896426507, 3.478400950817164, 3.1258846903218442, 0.016389054396335416]
[1.855312875141763, 10.04892383383968, 10.0, 0.7025816197058677, 0.928234279201093, 2.3903141835015984, 3.5051886671011623, 3.1258846903218442, 0.006335397738717517]
[1.855312875141763, 10.04892383383968, 10.0, 0.7025816197058677, 0.928234279201093, 2.3903141835015984, 3.5051886671011623, 3.1258846903218442, 0.006335397738717517]
[1.8572362909538547, 10.04527581182241, 10.0, 0.7015861755150818, 0.8346994035129894, 2.4049556245554053, 3.483160796947277, 3.1258846903218442, 0.014602643855477443][1.8572362909538547, 10.04527581182241, 10.0, 0.7015861755150818, 0.8346994035129894, 2.4049556245554053, 3.483160796947277, 3.1258846903218442, 0.014602643855477443]
[1.8516767393517588, 10.049191950173837, 10.0, 0.7024957907156725, 0.9253671190883126, 2.391578860503834, 3.503684305074384, 3.1258846903218442, 0.007881196353508929]
[1.8516767393517588, 10.049191950173837, 10.0, 0.7024957907156725, 0.9253671190883126, 2.391578860503834, 3.503684305074384, 3.1258846903218442, 0.007881196353508929]
[1.8535693802132585, 10.047858777286224, 10.0, 0.7021861299696098, 0.8945010644856355, 2.3961327188094392, 3.496697477199985, 3.1258846903218442, 0.010169382002483773][1.8535693802132585, 10.047858777286224, 10.0, 0.7021861299696098, 0.8945010644856355, 2.3961327188094392, 3.496697477199985, 3.1258846903218442, 0.010169382002483773]
[1.8476812764700212, 10.050839543845031, 10.0, 0.7028214276523237, 0.9614023020189506, 2.3867920003307583, 3.511419441466423, 3.1258846903218442, 0.006313003832125663][1.8476812764700212, 10.050839543845031, 10.0, 0.7028214276523237, 0.9614023020189506, 2.3867920003307583, 3.511419441466423, 3.1258846903218442, 0.006313003832125663] [1.8241288614970728, 10.062762610080258, 10.0, 0.7053626183831789, 1.229007252152211, 2.3494291264160343, 3.5703072985321755, 3.1258846903218442, -0.009112508849306778][1.8241288614970728, 10.062762610080258, 10.0, 0.7053626183831789, 1.229007252152211, 2.3494291264160343, 3.5703072985321755, 3.1258846903218442, -0.009112508849306778] [1.8471906679633758, 10.051087907239062, 10.0, 0.702874361917918, 0.9669766460981732, 2.386013713102194, 3.512646104789389, 3.1258846903218442, 0.005991682738319671][1.8471906679633758, 10.051087907239062, 10.0, 0.702874361917918, 0.9669766460981732, 2.386013713102194, 3.512646104789389, 3.1258846903218442, 0.005991682738319671]
[1.8389556310353459, 10.05457710575395, 10.0, 0.7036194419348099, 1.0493817482677006, 2.3750559178441044, 3.5305645300423683, 3.1258846903218442, 0.0032030266862154884][1.8389556310353459, 10.05457710575395, 10.0, 0.7036194419348099, 1.0493817482677006, 2.3750559178441044, 3.5305645300423683, 3.1258846903218442, 0.0032030266862154884]
[1.8060154833232265, 10.068533899813502, 10.0, 0.7065997620023774, 1.37900215694581, 2.3312247368117474, 3.6022382310542866, 3.1258846903218442, -0.007951597522201242]
[1.8060154833232265, 10.068533899813502, 10.0, 0.7065997620023774, 1.37900215694581, 2.3312247368117474, 3.6022382310542866, 3.1258846903218442, -0.007951597522201242] [1.8371709513471006, 10.055333277435048, 10.0, 0.7037809140913873, 1.0672404067454988, 2.3726811677615034, 3.5344477730531545, 3.1258846903218442, 0.00259867507769349][1.8371709513471006, 10.055333277435048, 10.0, 0.7037809140913873, 1.0672404067454988, 2.3726811677615034, 3.5344477730531545, 3.1258846903218442, 0.00259867507769349] [1.8441533943411812, 10.059668373983937, 10.0, 0.7057083212021639, 1.234072491139473, 2.344450782793634, 3.577374266193388, 3.1258846903218442, -0.009316306253815182][1.8441533943411812, 10.059668373983937, 10.0, 0.7057083212021639, 1.234072491139473, 2.344450782793634, 3.577374266193388, 3.1258846903218442, -0.009316306253815182]
[1.8388721834066024, 10.056389498765643, 10.0, 0.7042505157438955, 1.1078880841794756, 2.3658029968977914, 3.5449065661137, 3.1258846903218442, -0.0003043415665828441]
[1.8388721834066024, 10.056389498765643, 10.0, 0.7042505157438955, 1.1078880841794756, 2.3658029968977914, 3.5449065661137, 3.1258846903218442, -0.0003043415665828441]
[1.8529422920818606, 10.062565912524438, 10.0, 0.7074583071101002, 1.3811715080194193, 2.3194911753278364, 3.617330053502487, 3.1258846903218442, -0.01984538877252908][1.8529422920818606, 10.062565912524438, 10.0, 0.7074583071101002, 1.3811715080194193, 2.3194911753278364, 3.617330053502487, 3.1258846903218442, -0.01984538877252908]
[1.842070343294195, 10.057793408229916, 10.0, 0.7049796522354425, 1.1700058761767607, 2.3552762402475866, 3.561368549288975, 3.1258846903218442, -0.004746055186429111][1.842070343294195, 10.057793408229916, 10.0, 0.7049796522354425, 1.1700058761767607, 2.3552762402475866, 3.561368549288975, 3.1258846903218442, -0.004746055186429111]
[1.8273399052137163, 10.06966120207966, 10.0, 0.7082993732180096, 1.496710500523035, 2.308239722678583, 3.6396781552861635, 3.1258846903218442, -0.028575175247193847][1.8273399052137163, 10.06966120207966, 10.0, 0.7082993732180096, 1.496710500523035, 2.308239722678583, 3.6396781552861635, 3.1258846903218442, -0.028575175247193847]
[1.841407037066632, 10.058327810637024, 10.0, 0.7051291380544981, 1.1847172656628395, 2.3531582031019203, 3.564894802143924, 3.1258846903218442, -0.00581907172859133]
[1.841407037066632, 10.058327810637024, 10.0, 0.7051291380544981, 1.1847172656628395, 2.3531582031019203, 3.564894802143924, 3.1258846903218442, -0.00581907172859133]
[1.8333457199043357, 10.06482252924056, 10.0, 0.7069458745008003, 1.3635082548279482, 2.327417197691079, 3.60775018549022, 3.1258846903218442, -0.018859695059599425]
[1.8333457199043357, 10.06482252924056, 10.0, 0.7069458745008003, 1.3635082548279482, 2.327417197691079, 3.60775018549022, 3.1258846903218442, -0.018859695059599425]
[1.8401229143425404, 10.059362382975202, 10.0, 0.7054185340064765, 1.213197669972395, 2.3490578049506565, 3.5717214249521705, 3.1258846903218442, -0.007896370068122025][1.8401229143425404, 10.059362382975202, 10.0, 0.7054185340064765, 1.213197669972395, 2.3490578049506565, 3.5717214249521705, 3.1258846903218442, -0.007896370068122025]
[1.8349279452443499, 10.068959792349165, 10.0, 0.7085069960136453, 1.511791559052095, 2.305339305788995, 3.645225411980846, 3.1258846903218442, -0.026798328529906563]
[1.8349279452443499, 10.068959792349165, 10.0, 0.7085069960136453, 1.511791559052095, 2.305339305788995, 3.645225411980846, 3.1258846903218442, -0.026798328529906563]
[1.8395302955182866, 10.06045721248267, 10.0, 0.7057708519296145, 1.2472599244596083, 2.3440705942316655, 3.5801064308198804, 3.1258846903218442, -0.010052620892331578]
[1.8395302955182866, 10.06045721248267, 10.0, 0.7057708519296145, 1.2472599244596083, 2.3440705942316655, 3.5801064308198804, 3.1258846903218442, -0.010052620892331578]
[1.8314498763090772, 10.06878306905907, 10.0, 0.7080968634333128, 1.4719269930813619, 2.3108532516061917, 3.6347556662711336, 3.1258846903218442, -0.021561179919962713][1.8314498763090772, 10.06878306905907, 10.0, 0.7080968634333128, 1.4719269930813619, 2.3108532516061917, 3.6347556662711336, 3.1258846903218442, -0.021561179919962713]
[1.836945000608632, 10.063121034008283, 10.0, 0.7065150491729278, 1.3191411739141987, 2.3334428502274913, 3.5975912155285275, 3.1258846903218442, -0.013734734196265665][1.836945000608632, 10.063121034008283, 10.0, 0.7065150491729278, 1.3191411739141987, 2.3334428502274913, 3.5975912155285275, 3.1258846903218442, -0.013734734196265665] [1.8401653636549502, 10.068766974296464, 10.0, 0.7086655183476541, 1.5273355494342926, 2.3032825089645974, 3.6502542223012133, 3.1258846903218442, -0.024606679739165718]
[1.8401653636549502, 10.068766974296464, 10.0, 0.7086655183476541, 1.5273355494342926, 2.3032825089645974, 3.6502542223012133, 3.1258846903218442, -0.024606679739165718]
[1.8384399924200703, 10.065742053557104, 10.0, 0.707513363263832, 1.4157914217630867, 2.319441489955468, 3.6220390068981674, 3.1258846903218442, -0.018781826504575834][1.8384399924200703, 10.065742053557104, 10.0, 0.707513363263832, 1.4157914217630867, 2.319441489955468, 3.6220390068981674, 3.1258846903218442, -0.018781826504575834]
[1.8217044526647082, 10.076845131067547, 10.0, 0.7101321113568039, 1.6554310976893905, 2.281859974788412, 3.6810614277817715, 3.1258846903218442, -0.027983469267504217][1.8217044526647082, 10.076845131067547, 10.0, 0.7101321113568039, 1.6554310976893905, 2.281859974788412, 3.6810614277817715, 3.1258846903218442, -0.027983469267504217]
[1.8348427946367076, 10.06812858941988, 10.0, 0.7080762465035079, 1.4673004452931848, 2.311363582398825, 3.63472550071162, 3.1258846903218442, -0.020759661067067035]
[1.8348427946367076, 10.06812858941988, 10.0, 0.7080762465035079, 1.4673004452931848, 2.311363582398825, 3.63472550071162, 3.1258846903218442, -0.020759661067067035]
[1.842314870716399, 10.077388122533991, 10.0, 0.7113641130454073, 1.7668542124566984, 2.26503325790318, 3.71324763667364, 3.1258846903218442, -0.0295055166844644][1.842314870716399, 10.077388122533991, 10.0, 0.7113641130454073, 1.7668542124566984, 2.26503325790318, 3.71324763667364, 3.1258846903218442, -0.0295055166844644] [1.8392564519432064, 10.073598074145142, 10.0, 0.7100183461329386, 1.6442429254057649, 2.283996867573953, 3.6811074962125243, 3.1258846903218442, -0.025925723234477904][1.8392564519432064, 10.073598074145142, 10.0, 0.7100183461329386, 1.6442429254057649, 2.283996867573953, 3.6811074962125243, 3.1258846903218442, -0.025925723234477904]
[1.8211281709828215, 10.089193179114615, 10.0, 0.7142968904676749, 2.026814838704542, 2.222338489937222, 3.77865640288955, 3.1258846903218442, -0.03397156110245442][1.8211281709828215, 10.089193179114615, 10.0, 0.7142968904676749, 2.026814838704542, 2.222338489937222, 3.77865640288955, 3.1258846903218442, -0.03397156110245442] [1.838701368232073, 10.074075592601574, 10.0, 0.7101493541569627, 1.6559571876611507, 2.2821089025122987, 3.6840944208554958, 3.1258846903218442, -0.02617208490289496][1.838701368232073, 10.074075592601574, 10.0, 0.7101493541569627, 1.6559571876611507, 2.2821089025122987, 3.6840944208554958, 3.1258846903218442, -0.02617208490289496] [1.8056066316983372, 10.095408045804318, 10.0, 0.7154668981496887, 2.1066182387698165, 2.205250082557915, 3.8014132139649406, 3.1258846903218442, -0.030599107987643384][1.8056066316983372, 10.095408045804318, 10.0, 0.7154668981496887, 2.1066182387698165, 2.205250082557915, 3.8014132139649406, 3.1258846903218442, -0.030599107987643384]
[1.8372538921128114, 10.075008617602235, 10.0, 0.7103819294468353, 1.6756679083884836, 2.2787473013004202, 3.6892256341284404, 3.1258846903218442, -0.026365711166940333]
[1.8372538921128114, 10.075008617602235, 10.0, 0.7103819294468353, 1.6756679083884836, 2.2787473013004202, 3.6892256341284404, 3.1258846903218442, -0.026365711166940333]
[1.8239279871363934, 10.08359832926239, 10.0, 0.71252308823451, 1.8571307926004468, 2.2477993791053708, 3.7364651426627007, 3.1258846903218442, -0.028148293388002267][1.8239279871363934, 10.08359832926239, 10.0, 0.71252308823451, 1.8571307926004468, 2.2477993791053708, 3.7364651426627007, 3.1258846903218442, -0.028148293388002267]
[1.832915927858478, 10.07780481509897, 10.0, 0.7110789380402647, 1.7347392815216989, 2.268672865045202, 3.7046034489767785, 3.1258846903218442, -0.026945992804026993][1.832915927858478, 10.07780481509897, 10.0, 0.7110789380402647, 1.7347392815216989, 2.268672865045202, 3.7046034489767785, 3.1258846903218442, -0.026945992804026993]
[1.832683907573728, 10.087058007894722, 10.0, 0.7140123797588765, 2.001769023950374, 2.225968087758881, 3.7732886231389045, 3.1258846903218442, -0.023714844835089538][1.832683907573728, 10.087058007894722, 10.0, 0.7140123797588765, 2.001769023950374, 2.225968087758881, 3.7732886231389045, 3.1258846903218442, -0.023714844835089538]
[1.8328937524634654, 10.078689191245624, 10.0, 0.7113593024442931, 1.7602607139465842, 2.2645913455941478, 3.7111680511631375, 3.1258846903218442, -0.02663717505288802][1.8328937524634654, 10.078689191245624, 10.0, 0.7113593024442931, 1.7602607139465842, 2.2645913455941478, 3.7111680511631375, 3.1258846903218442, -0.02663717505288802]
[1.828303511305935, 10.086745419105412, 10.0, 0.7137102384849222, 1.9708432474330133, 2.2302237496000283, 3.7653395828382803, 3.1258846903218442, -0.021207437052675714]
[1.828303511305935, 10.086745419105412, 10.0, 0.7137102384849222, 1.9708432474330133, 2.2302237496000283, 3.7653395828382803, 3.1258846903218442, -0.021207437052675714]
[1.8312030458537465, 10.081656511964624, 10.0, 0.7122252140525313, 1.837823802472507, 2.2519328556121816, 3.73112085179356, 3.1258846903218442, -0.02463725966479542][1.8312030458537465, 10.081656511964624, 10.0, 0.7122252140525313, 1.837823802472507, 2.2519328556121816, 3.73112085179356, 3.1258846903218442, -0.02463725966479542]
[1.8338856341886691, 10.08607137421936, 10.0, 0.7137966781661914, 1.9766146224318837, 2.2288754081615165, 3.7676650215507963, 3.1258846903218442, -0.018851390751363953][1.8338856341886691, 10.08607137421936, 10.0, 0.7137966781661914, 1.9766146224318837, 2.2288754081615165, 3.7676650215507963, 3.1258846903218442, -0.018851390751363953]
[1.8335835795197182, 10.085574268592135, 10.0, 0.7136197341056956, 1.9609870232842581, 2.2314716356802524, 3.763550213119547, 3.1258846903218442, -0.019502869286661027][1.8335835795197182, 10.085574268592135, 10.0, 0.7136197341056956, 1.9609870232842581, 2.2314716356802524, 3.763550213119547, 3.1258846903218442, -0.019502869286661027] [1.8423647563218921, 10.086600955473271, 10.0, 0.7144070076723561, 2.018144790732291, 2.2193793364691854, 3.7808743747092173, 3.1258846903218442, -0.01239323993363508][1.8423647563218921, 10.086600955473271, 10.0, 0.7144070076723561, 2.018144790732291, 2.2193793364691854, 3.7808743747092173, 3.1258846903218442, -0.01239323993363508]
[1.8774894635305879, 10.090707702997815, 10.0, 0.7175561019389984, 2.2467758605244237, 2.1710101396249177, 3.850171021067899, 3.1258846903218442, 0.016045277478468713]
[1.8774894635305879, 10.090707702997815, 10.0, 0.7175561019389984, 2.2467758605244237, 2.1710101396249177, 3.850171021067899, 3.1258846903218442, 0.016045277478468713]
[1.8725175490071986, 10.090126391457199, 10.0, 0.7171103465501545, 2.214413053066883, 2.1778568162632688, 3.840362056671248, 3.1258846903218442, 0.012019795446553225][1.8725175490071986, 10.090126391457199, 10.0, 0.7171103465501545, 2.214413053066883, 2.1778568162632688, 3.840362056671248, 3.1258846903218442, 0.012019795446553225]
[1.9529675588310578, 10.13010990768433, 10.0, 0.7358983490715337, 3.659310279678418, 1.9016404937013238, 4.259993823934566, 3.1258846903218442, 0.09415529708729596][1.9529675588310578, 10.13010990768433, 10.0, 0.7358983490715337, 3.659310279678418, 1.9016404937013238, 4.259993823934566, 3.1258846903218442, 0.09415529708729596] [1.87291559598895, 10.090324220121097, 10.0, 0.7172033049937041, 2.2215620513237253, 2.176490165423238, 3.8424382920722366, 3.1258846903218442, 0.012426181829778256]
[1.87291559598895, 10.090324220121097, 10.0, 0.7172033049937041, 2.2215620513237253, 2.176490165423238, 3.8424382920722366, 3.1258846903218442, 0.012426181829778256]
[1.9129415774100038, 10.110217063902713, 10.0, 0.7265508270326189, 2.9404361655010716, 2.039065329562281, 4.051216058003401, 3.1258846903218442, 0.05329073945853711][1.9129415774100038, 10.110217063902713, 10.0, 0.7265508270326189, 2.9404361655010716, 2.039065329562281, 4.051216058003401, 3.1258846903218442, 0.05329073945853711]
[1.8739724462926364, 10.090849472900551, 10.0, 0.7174501179675478, 2.2405432804880636, 2.172861585327078, 3.8479508825820408, 3.1258846903218442, 0.013505173989536878]
[1.8739724462926364, 10.090849472900551, 10.0, 0.7174501179675478, 2.2405432804880636, 2.172861585327078, 3.8479508825820408, 3.1258846903218442, 0.013505173989536878]
[1.89345701185132, 10.100533268401632, 10.0, 0.7220004725000833, 2.5904897229945676, 2.1059634574446795, 3.949583470292721, 3.1258846903218442, 0.03339795672403699]
[1.89345701185132, 10.100533268401632, 10.0, 0.7220004725000833, 2.5904897229945676, 2.1059634574446795, 3.949583470292721, 3.1258846903218442, 0.03339795672403699]
[1.8761157996467324, 10.091914715823474, 10.0, 0.7179506689097929, 2.2790383076951737, 2.165502615667343, 3.8591307339931005, 3.1258846903218442, 0.01569343230445168][1.8761157996467324, 10.091914715823474, 10.0, 0.7179506689097929, 2.2790383076951737, 2.165502615667343, 3.8591307339931005, 3.1258846903218442, 0.01569343230445168]
[1.9369245623466873, 10.128116186959533, 10.0, 0.7318772845377364, 3.376705676742851, 1.962178965018756, 4.1725311905496625, 3.1258846903218442, 0.07508387102434809][1.9369245623466873, 10.128116186959533, 10.0, 0.7318772845377364, 3.376705676742851, 1.962178965018756, 4.1725311905496625, 3.1258846903218442, 0.07508387102434809]
[1.8767659672246162, 10.092301782123778, 10.0, 0.7180995723498385, 2.290774572387441, 2.1633286782346577, 3.8624816131542588, 3.1258846903218442, 0.016328435155644486][1.8767659672246162, 10.092301782123778, 10.0, 0.7180995723498385, 2.290774572387441, 2.1633286782346577, 3.8624816131542588, 3.1258846903218442, 0.016328435155644486] [1.89003218968224, 10.10019960388598, 10.0, 0.7211378446776893, 2.5302449851322804, 2.1189709794321074, 3.930853998817079, 3.1258846903218442, 0.029285231790393444][1.89003218968224, 10.10019960388598, 10.0, 0.7211378446776893, 2.5302449851322804, 2.1189709794321074, 3.930853998817079, 3.1258846903218442, 0.029285231790393444]
[1.8792637961915033, 10.093788822465214, 10.0, 0.7186716330592106, 2.335863227848867, 2.154976794695287, 3.875355098880078, 3.1258846903218442, 0.018768003921788654]
[1.8792637961915033, 10.093788822465214, 10.0, 0.7186716330592106, 2.335863227848867, 2.154976794695287, 3.875355098880078, 3.1258846903218442, 0.018768003921788654]
[1.8719943190149706, 10.100312202368553, 10.0, 0.7198848241006074, 2.4354473825507204, 2.1395955738424597, 3.9032442287215683, 3.1258846903218442, 0.010640528888834395][1.8719943190149706, 10.100312202368553, 10.0, 0.7198848241006074, 2.4354473825507204, 2.1395955738424597, 3.9032442287215683, 3.1258846903218442, 0.010640528888834395]
[1.8747812450667742, 10.097811310357073, 10.0, 0.7194197186140673, 2.3972694409538504, 2.145492328734499, 3.8925522710154077, 3.1258846903218442, 0.013756388716807321]
[1.8747812450667742, 10.097811310357073, 10.0, 0.7194197186140673, 2.3972694409538504, 2.145492328734499, 3.8925522710154077, 3.1258846903218442, 0.013756388716807321] [1.841133622974161, 10.103435130806025, 10.0, 0.7189333423025247, 2.389193284715605, 2.156831148573881, 3.8845020137914035, 3.1258846903218442, -0.0091364354589202][1.841133622974161, 10.103435130806025, 10.0, 0.7189333423025247, 2.389193284715605, 2.156831148573881, 3.8845020137914035, 3.1258846903218442, -0.0091364354589202]
[1.8558098600506794, 10.100982163343499, 10.0, 0.7191454872807628, 2.392715898684974, 2.1518854437132924, 3.8880133312693888, 3.1258846903218442, 0.0008488322675556416][1.8558098600506794, 10.100982163343499, 10.0, 0.7191454872807628, 2.392715898684974, 2.1518854437132924, 3.8880133312693888, 3.1258846903218442, 0.0008488322675556416] [1.8216690359031618, 10.103357957941, 10.0, 0.7182741596185596, 2.3290462107150716, 2.1688608727212233, 3.8694489280007516, 3.1258846903218442, -0.026738252725694463][1.8216690359031618, 10.103357957941, 10.0, 0.7182741596185596, 2.3290462107150716, 2.1688608727212233, 3.8694489280007516, 3.1258846903218442, -0.026738252725694463]
[1.8467112973537212, 10.101615314904429, 10.0, 0.7189132776150003, 2.3757478651838833, 2.1564094119827475, 3.883065899820708, 3.1258846903218442, -0.006503152598212477][1.8467112973537212, 10.101615314904429, 10.0, 0.7189132776150003, 2.3757478651838833, 2.1564094119827475, 3.883065899820708, 3.1258846903218442, -0.006503152598212477]
[1.8474338250402746, 10.101554212093644, 10.0, 0.7190611707153329, 2.383295424383233, 2.1546904042817605, 3.886535059624835, 3.1258846903218442, -0.008602022371809868][1.8474338250402746, 10.101554212093644, 10.0, 0.7190611707153329, 2.383295424383233, 2.1546904042817605, 3.886535059624835, 3.1258846903218442, -0.008602022371809868] [1.850323935786488, 10.101309800850506, 10.0, 0.7196527431166635, 2.4134856611806317, 2.1478143734778117, 3.900411698841345, 3.1258846903218442, -0.01699750146619943][1.850323935786488, 10.101309800850506, 10.0, 0.7196527431166635, 2.4134856611806317, 2.1478143734778117, 3.900411698841345, 3.1258846903218442, -0.01699750146619943]
[1.8478372881988656, 10.101520091971334, 10.0, 0.7191437549795826, 2.38751002007402, 2.1537305015824035, 3.8884722562171308, 3.1258846903218442, -0.009774041996921161]
[1.8478372881988656, 10.101520091971334, 10.0, 0.7191437549795826, 2.38751002007402, 2.1537305015824035, 3.8884722562171308, 3.1258846903218442, -0.009774041996921161]
[1.8460918345814283, 10.101904892510202, 10.0, 0.7192265549337676, 2.393666259932942, 2.152529923031978, 3.890436699713086, 3.1258846903218442, -0.009204259830250201][1.8460918345814283, 10.101904892510202, 10.0, 0.7192265549337676, 2.393666259932942, 2.152529923031978, 3.890436699713086, 3.1258846903218442, -0.009204259830250201] [1.8391100201116795, 10.103444094665669, 10.0, 0.7195577547505078, 2.4182912193686303, 2.147727608830276, 3.898294473696907, 3.1258846903218442, -0.006925131163566363][1.8391100201116795, 10.103444094665669, 10.0, 0.7195577547505078, 2.4182912193686303, 2.147727608830276, 3.898294473696907, 3.1258846903218442, -0.006925131163566363] [1.804200947762935, 10.111140105443008, 10.0, 0.7212137538342084, 2.5414160165470716, 2.1237160378217674, 3.937583343616011, 3.1258846903218442, 0.004470512169852829][1.804200947762935, 10.111140105443008, 10.0, 0.7212137538342084, 2.5414160165470716, 2.1237160378217674, 3.937583343616011, 3.1258846903218442, 0.004470512169852829]
[1.828690458676514, 10.105741178251824, 10.0, 0.7200520326853902, 2.4550411614918906, 2.1405607028529827, 3.9100213047553396, 3.1258846903218442, -0.0035237916888419384][1.828690458676514, 10.105741178251824, 10.0, 0.7200520326853902, 2.4550411614918906, 2.1405607028529827, 3.9100213047553396, 3.1258846903218442, -0.0035237916888419384] [1.8408512925416676, 10.109062013573315, 10.0, 0.7213709425184417, 2.5384007192678335, 2.1201485976626455, 3.9407530428306927, 3.1258846903218442, 0.008773973073421664][1.8408512925416676, 10.109062013573315, 10.0, 0.7213709425184417, 2.5384007192678335, 2.1201485976626455, 3.9407530428306927, 3.1258846903218442, 0.008773973073421664]
[1.8894946280022815, 10.122345354859277, 10.0, 0.7266465818506478, 2.8718389503716057, 2.038500176901297, 4.063679995132105, 3.1258846903218442, 0.05796503212247607]
[1.8894946280022815, 10.122345354859277, 10.0, 0.7266465818506478, 2.8718389503716057, 2.038500176901297, 4.063679995132105, 3.1258846903218442, 0.05796503212247607]
[1.8411895400655323, 10.109154380950184, 10.0, 0.7214076273371126, 2.54071932375835, 2.1195808451455025, 3.9416078307854754, 3.1258846903218442, 0.009116029261840271][1.8411895400655323, 10.109154380950184, 10.0, 0.7214076273371126, 2.54071932375835, 2.1195808451455025, 3.9416078307854754, 3.1258846903218442, 0.009116029261840271]
[1.8583333360384715, 10.115761456309588, 10.0, 0.7228084051467302, 2.626186828568417, 2.097058883222141, 3.9758905599895527, 3.1258846903218442, 0.027260598741905645][1.8583333360384715, 10.115761456309588, 10.0, 0.7228084051467302, 2.626186828568417, 2.097058883222141, 3.9758905599895527, 3.1258846903218442, 0.027260598741905645]
[1.926908519930228, 10.142189757747209, 10.0, 0.7284115163852004, 2.9680568478086844, 2.0069710355286947, 4.113021476805862, 3.1258846903218442, 0.09983887666216715]
[1.926908519930228, 10.142189757747209, 10.0, 0.7284115163852004, 2.9680568478086844, 2.0069710355286947, 4.113021476805862, 3.1258846903218442, 0.09983887666216715]
[1.8599488278702785, 10.116384053329064, 10.0, 0.7229404030492476, 2.6342405907645796, 2.094936596793809, 3.979121085427948, 3.1258846903218442, 0.02897039532563589][1.8599488278702785, 10.116384053329064, 10.0, 0.7229404030492476, 2.6342405907645796, 2.094936596793809, 3.979121085427948, 3.1258846903218442, 0.02897039532563589]
[1.8384217934455513, 10.142188042742955, 10.0, 0.7267794670692612, 2.916719323181589, 2.0379777681884126, 4.073454908224056, 3.1258846903218442, 0.057102848464254306][1.8384217934455513, 10.142188042742955, 10.0, 0.7267794670692612, 2.916719323181589, 2.0379777681884126, 4.073454908224056, 3.1258846903218442, 0.057102848464254306]
[1.858341762349862, 10.118310407923852, 10.0, 0.7232270020900401, 2.655328578183641, 2.090684428672133, 3.986163422567084, 3.1258846903218442, 0.03107057756866127]
[1.858341762349862, 10.118310407923852, 10.0, 0.7232270020900401, 2.655328578183641, 2.090684428672133, 3.986163422567084, 3.1258846903218442, 0.03107057756866127] [1.8357407650603144, 10.136887335219606, 10.0, 0.7253740721243449, 2.8180191883054886, 2.0593275705498533, 4.041031082252631, 3.1258846903218442, 0.045444925547855924][1.8357407650603144, 10.136887335219606, 10.0, 0.7253740721243449, 2.8180191883054886, 2.0593275705498533, 4.041031082252631, 3.1258846903218442, 0.045444925547855924]
[1.8489268067339801, 10.126049046344463, 10.0, 0.7241214125807894, 2.7231010244077862, 2.077622021571571, 4.0090197847916675, 3.1258846903218442, 0.03705853670593111]
[1.8489268067339801, 10.126049046344463, 10.0, 0.7241214125807894, 2.7231010244077862, 2.077622021571571, 4.0090197847916675, 3.1258846903218442, 0.03705853670593111]
[1.8418795245395339, 10.135167832675318, 10.0, 0.7252068970930565, 2.7953076762564413, 2.0620679920815705, 4.037584800858722, 3.1258846903218442, 0.04189514416984015]
[1.8418795245395339, 10.135167832675318, 10.0, 0.7252068970930565, 2.7953076762564413, 2.0620679920815705, 4.037584800858722, 3.1258846903218442, 0.04189514416984015]
[1.8429876922563802, 10.133733926050061, 10.0, 0.7250362073348716, 2.78395335861846, 2.0645138247972343, 4.033093022643619, 3.1258846903218442, 0.04113459959355155][1.8429876922563802, 10.133733926050061, 10.0, 0.7250362073348716, 2.78395335861846, 2.0645138247972343, 4.033093022643619, 3.1258846903218442, 0.04113459959355155]
[1.8199462205044699, 10.143008271729675, 10.0, 0.7253517672844386, 2.8129530601013886, 2.0617233139282187, 4.045157435065452, 3.1258846903218442, 0.03505943105104796][1.8199462205044699, 10.143008271729675, 10.0, 0.7253517672844386, 2.8129530601013886, 2.0617233139282187, 4.045157435065452, 3.1258846903218442, 0.03505943105104796]
[1.8284813022941429, 10.139572844523745, 10.0, 0.7252348767486214, 2.802210915385204, 2.0627569822094145, 4.040688504092926, 3.1258846903218442, 0.03730981075572191][1.8284813022941429, 10.139572844523745, 10.0, 0.7252348767486214, 2.802210915385204, 2.0627569822094145, 4.040688504092926, 3.1258846903218442, 0.03730981075572191]
[1.8304698277253943, 10.143120801906942, 10.0, 0.7258484880519956, 2.8257552064778793, 2.0544876926895506, 4.058550972885474, 3.1258846903218442, 0.03644265631272425][1.8304698277253943, 10.143120801906942, 10.0, 0.7258484880519956, 2.8257552064778793, 2.0544876926895506, 4.058550972885474, 3.1258846903218442, 0.03644265631272425]
[1.8384239294504008, 10.157312631439735, 10.0, 0.7283029332654926, 2.9199323708485805, 2.0214105346100952, 4.130000848055667, 3.1258846903218442, 0.032974038540733636]
[1.8384239294504008, 10.157312631439735, 10.0, 0.7283029332654926, 2.9199323708485805, 2.0214105346100952, 4.130000848055667, 3.1258846903218442, 0.032974038540733636]
[1.8308933669739906, 10.1438764870898, 10.0, 0.7259791821161886, 2.830769943127159, 2.0527264033368353, 4.0623555290111195, 3.1258846903218442, 0.03625795968504627][1.8308933669739906, 10.1438764870898, 10.0, 0.7259791821161886, 2.830769943127159, 2.0527264033368353, 4.0623555290111195, 3.1258846903218442, 0.03625795968504627]
[1.8287723741681197, 10.144659013438364, 10.0, 0.7262855439910283, 2.8348730459383433, 2.0492339715945533, 4.073170848608379, 3.1258846903218442, 0.033113792936336296][1.8287723741681197, 10.144659013438364, 10.0, 0.7262855439910283, 2.8348730459383433, 2.0492339715945533, 4.073170848608379, 3.1258846903218442, 0.033113792936336296] [1.8202884029446353, 10.14778911883262, 10.0, 0.727510991490387, 2.8512854571830806, 2.0352642446254263, 4.1164321269974185, 3.1258846903218442, 0.020537125941496405]
[1.8202884029446353, 10.14778911883262, 10.0, 0.727510991490387, 2.8512854571830806, 2.0352642446254263, 4.1164321269974185, 3.1258846903218442, 0.020537125941496405]
[1.8273726063746305, 10.14517544856122, 10.0, 0.7264877301956992, 2.8375809246037362, 2.0469291106538314, 4.080308513576704, 3.1258846903218442, 0.031038772530788048]
[1.8273726063746305, 10.14517544856122, 10.0, 0.7264877301956992, 2.8375809246037362, 2.0469291106538314, 4.080308513576704, 3.1258846903218442, 0.031038772530788048]
[1.8181248167758715, 10.152713721061803, 10.0, 0.7273318839946031, 2.8882275003675186, 2.0352867984055245, 4.104736532329123, 3.1258846903218442, 0.03312107736622359][1.8181248167758715, 10.152713721061803, 10.0, 0.7273318839946031, 2.8882275003675186, 2.0352867984055245, 4.104736532329123, 3.1258846903218442, 0.03312107736622359] [1.8250881387375522, 10.147037616745644, 10.0, 0.7266962602464447, 2.850092072486764, 2.044053127666979, 4.0863429305237915, 3.1258846903218442, 0.03155316118077667][1.8250881387375522, 10.147037616745644, 10.0, 0.7266962602464447, 2.850092072486764, 2.044053127666979, 4.0863429305237915, 3.1258846903218442, 0.03155316118077667]
[1.8177886337271238, 10.15227634089917, 10.0, 0.7269671271791608, 2.8697696973321825, 2.040360740792672, 4.095011817485311, 3.1258846903218442, 0.03212507561869361][1.8177886337271238, 10.15227634089917, 10.0, 0.7269671271791608, 2.8697696973321825, 2.040360740792672, 4.095011817485311, 3.1258846903218442, 0.03212507561869361]
[1.788590613685411, 10.17323123751328, 10.0, 0.7280505949100252, 2.9484801967138554, 2.025591193295442, 4.129687365331387, 3.1258846903218442, 0.03441273337036139][1.788590613685411, 10.17323123751328, 10.0, 0.7280505949100252, 2.9484801967138554, 2.025591193295442, 4.129687365331387, 3.1258846903218442, 0.03441273337036139] [1.8169896194382396, 10.152849779159466, 10.0, 0.7269967766621487, 2.871923638373436, 2.0399565668290336, 4.095960726286809, 3.1258846903218442, 0.032187678193424656][1.8169896194382396, 10.152849779159466, 10.0, 0.7269967766621487, 2.871923638373436, 2.0399565668290336, 4.095960726286809, 3.1258846903218442, 0.032187678193424656]
[1.8173098611375034, 10.153509044186945, 10.0, 0.7270923679072474, 2.8757077275710135, 2.0384269586704415, 4.099101851155952, 3.1258846903218442, 0.03360088671754796][1.8173098611375034, 10.153509044186945, 10.0, 0.7270923679072474, 2.8757077275710135, 2.0384269586704415, 4.099101851155952, 3.1258846903218442, 0.03360088671754796] [1.8185908279345586, 10.156146104296866, 10.0, 0.7274747328876424, 2.890844084361323, 2.0323085260360734, 4.111666350632524, 3.1258846903218442, 0.0392537208140412]
[1.8185908279345586, 10.156146104296866, 10.0, 0.7274747328876424, 2.890844084361323, 2.0323085260360734, 4.111666350632524, 3.1258846903218442, 0.0392537208140412] [1.818019529463656, 10.15497000167505, 10.0, 0.7273042019034448, 2.8840934195437673, 2.0350372862321766, 4.106062708637181, 3.1258846903218442, 0.03673261294222448]
[1.818019529463656, 10.15497000167505, 10.0, 0.7273042019034448, 2.8840934195437673, 2.0350372862321766, 4.106062708637181, 3.1258846903218442, 0.03673261294222448] [1.8184452455350077, 10.156496779004478, 10.0, 0.7275710112467288, 2.8954497435117577, 2.0313747397249835, 4.114318996746169, 3.1258846903218442, 0.03705460960712175][1.8184452455350077, 10.156496779004478, 10.0, 0.7275710112467288, 2.8954497435117577, 2.0313747397249835, 4.114318996746169, 3.1258846903218442, 0.03705460960712175] [1.8182648592041737, 10.155849846039082, 10.0, 0.727457957590299, 2.8906377907803407, 2.032926650424159, 4.110820605168983, 3.1258846903218442, 0.036918171730258874][1.8182648592041737, 10.155849846039082, 10.0, 0.727457957590299, 2.8906377907803407, 2.032926650424159, 4.110820605168983, 3.1258846903218442, 0.036918171730258874]
[1.8191747318629712, 10.155637041304423, 10.0, 0.7274628273127074, 2.890120878255582, 2.032917198414342, 4.111078156081811, 3.1258846903218442, 0.03649040591680208][1.8191747318629712, 10.155637041304423, 10.0, 0.7274628273127074, 2.890120878255582, 2.032917198414342, 4.111078156081811, 3.1258846903218442, 0.03649040591680208] [1.8228142224981616, 10.154785822365792, 10.0, 0.7274823062023409, 2.888053228156547, 2.032879390375073, 4.11210835973312, 3.1258846903218442, 0.0347793426629749][1.8228142224981616, 10.154785822365792, 10.0, 0.7274823062023409, 2.888053228156547, 2.032879390375073, 4.11210835973312, 3.1258846903218442, 0.0347793426629749]
[1.8194463868798836, 10.155573505519241, 10.0, 0.7274642812354188, 2.889966546900202, 2.0329143763865978, 4.1111550514549196, 3.1258846903218442, 0.036362690540188126][1.8194463868798836, 10.155573505519241, 10.0, 0.7274642812354188, 2.889966546900202, 2.0329143763865978, 4.1111550514549196, 3.1258846903218442, 0.036362690540188126] [1.8201852221263273, 10.155506067528645, 10.0, 0.7274666068069454, 2.88939102857911, 2.0328046963456323, 4.111285915885207, 3.1258846903218442, 0.03664388613784127]
[1.8201852221263273, 10.155506067528645, 10.0, 0.7274666068069454, 2.88939102857911, 2.0328046963456323, 4.111285915885207, 3.1258846903218442, 0.03664388613784127]
[1.8231405631121018, 10.155236315566261, 10.0, 0.7274759090930518, 2.887088955294743, 2.032365976181771, 4.11180937360636, 3.1258846903218442, 0.037768668528453835]
[1.8231405631121018, 10.155236315566261, 10.0, 0.7274759090930518, 2.887088955294743, 2.032365976181771, 4.11180937360636, 3.1258846903218442, 0.037768668528453835]
[1.8379172680409743, 10.153887555754347, 10.0, 0.7275224205235836, 2.875578588872909, 2.0301723753624645, 4.114426662212122, 3.1258846903218442, 0.043392580481516674]
[1.8379172680409743, 10.153887555754347, 10.0, 0.7275224205235836, 2.875578588872909, 2.0301723753624645, 4.114426662212122, 3.1258846903218442, 0.043392580481516674] [1.8231821140034716, 10.155232522963466, 10.0, 0.7274760398794082, 2.8870565890813604, 2.0323598079548364, 4.111816733208861, 3.1258846903218442, 0.03778448251105418][1.8231821140034716, 10.155232522963466, 10.0, 0.7274760398794082, 2.8870565890813604, 2.0323598079548364, 4.111816733208861, 3.1258846903218442, 0.03778448251105418] [1.8228153169583412, 10.154699275324205, 10.0, 0.727385157598002, 2.8815325110934507, 2.033419473675718, 4.109434528806819, 3.1258846903218442, 0.0383961025559527][1.8228153169583412, 10.154699275324205, 10.0, 0.727385157598002, 2.8815325110934507, 2.033419473675718, 4.109434528806819, 3.1258846903218442, 0.0383961025559527]
[1.8213481287778193, 10.15256628476716, 10.0, 0.7270216284723775, 2.859436199141812, 2.037658136559244, 4.099905711198651, 3.1258846903218442, 0.04084258273554678][1.8213481287778193, 10.15256628476716, 10.0, 0.7270216284723775, 2.859436199141812, 2.037658136559244, 4.099905711198651, 3.1258846903218442, 0.04084258273554678] [1.81401218787521, 10.141901331981936, 10.0, 0.7252039828442546, 2.7489546393836175, 2.0588514509768734, 4.05226162315781, 3.1258846903218442, 0.05307498363351716][1.81401218787521, 10.141901331981936, 10.0, 0.7252039828442546, 2.7489546393836175, 2.0588514509768734, 4.05226162315781, 3.1258846903218442, 0.05307498363351716] [1.8212263750775388, 10.152389279870016, 10.0, 0.7269914612335787, 2.8576025504126443, 2.0380098793671277, 4.0991149681852495, 3.1258846903218442, 0.04104560237439261][1.8212263750775388, 10.152389279870016, 10.0, 0.7269914612335787, 2.8576025504126443, 2.0380098793671277, 4.0991149681852495, 3.1258846903218442, 0.04104560237439261]
[1.8179475161332426, 10.151591335006295, 10.0, 0.7268135241241165, 2.845048872315708, 2.0404773382720003, 4.0948041056893665, 3.1258846903218442, 0.04026581420730363][1.8179475161332426, 10.151591335006295, 10.0, 0.7268135241241165, 2.845048872315708, 2.0404773382720003, 4.0948041056893665, 3.1258846903218442, 0.04026581420730363] [1.8048320803560576, 10.148399555551407, 10.0, 0.7261017756862673, 2.7948341599279614, 2.0503471738914905, 4.0775606557058355, 3.1258846903218442, 0.03714666153894773][1.8048320803560576, 10.148399555551407, 10.0, 0.7261017756862673, 2.7948341599279614, 2.0503471738914905, 4.0775606557058355, 3.1258846903218442, 0.03714666153894773]
[1.814674238809725, 10.150794748488785, 10.0, 0.7266358899180374, 2.8325165644184978, 2.042940596807132, 4.090500581599951, 3.1258846903218442, 0.03948735347817718]
[1.814674238809725, 10.150794748488785, 10.0, 0.7266358899180374, 2.8325165644184978, 2.042940596807132, 4.090500581599951, 3.1258846903218442, 0.03948735347817718]
[1.8106806487567624, 10.151372543524996, 10.0, 0.7266000202403693, 2.8255618475457056, 2.0438071001092566, 4.0909124337358085, 3.1258846903218442, 0.03715769694081029]
[1.8106806487567624, 10.151372543524996, 10.0, 0.7266000202403693, 2.8255618475457056, 2.0438071001092566, 4.0909124337358085, 3.1258846903218442, 0.03715769694081029] [1.794706288544912, 10.153683723669841, 10.0, 0.7264565415296969, 2.797742980054537, 2.0472731133177553, 4.092559842279238, 3.1258846903218442, 0.027839070791342714][1.794706288544912, 10.153683723669841, 10.0, 0.7264565415296969, 2.797742980054537, 2.0472731133177553, 4.092559842279238, 3.1258846903218442, 0.027839070791342714]
[1.809887483167861, 10.151487299204494, 10.0, 0.726592896175647, 2.824180573546398, 2.0439791960411875, 4.090994231551194, 3.1258846903218442, 0.03669500463266326]
[1.809887483167861, 10.151487299204494, 10.0, 0.726592896175647, 2.824180573546398, 2.0439791960411875, 4.090994231551194, 3.1258846903218442, 0.03669500463266326]
[1.8100458242841106, 10.151455856358051, 10.0, 0.7265551873720936, 2.8206590922826655, 2.0445460805494005, 4.090332739146832, 3.1258846903218442, 0.036026730514277246][1.8100458242841106, 10.151455856358051, 10.0, 0.7265551873720936, 2.8206590922826655, 2.0445460805494005, 4.090332739146832, 3.1258846903218442, 0.036026730514277246] [1.8106791887491085, 10.151330084972283, 10.0, 0.7264043521578796, 2.806573167227736, 2.046813618582252, 4.087686769529384, 3.1258846903218442, 0.033353634040733195][1.8106791887491085, 10.151330084972283, 10.0, 0.7264043521578796, 2.806573167227736, 2.046813618582252, 4.087686769529384, 3.1258846903218442, 0.033353634040733195] [1.8100548829045922, 10.151454057527657, 10.0, 0.7265530300692508, 2.82045763000264, 2.0445785117443953, 4.0902948954787774, 3.1258846903218442, 0.03598849886756691]
[1.8100548829045922, 10.151454057527657, 10.0, 0.7265530300692508, 2.82045763000264, 2.0445785117443953, 4.0902948954787774, 3.1258846903218442, 0.03598849886756691]
[1.8096320562891663, 10.151431645984461, 10.0, 0.7265378469120991, 2.819770821105142, 2.0448387818074267, 4.089882596708399, 3.1258846903218442, 0.035703520565154453]
[1.8096320562891663, 10.151431645984461, 10.0, 0.7265378469120991, 2.819770821105142, 2.0448387818074267, 4.089882596708399, 3.1258846903218442, 0.035703520565154453] [1.8079407498274631, 10.151341999811677, 10.0, 0.7264771142834924, 2.81702358551515, 2.0458798620595533, 4.088233401626889, 3.1258846903218442, 0.03456360735550464][1.8079407498274631, 10.151341999811677, 10.0, 0.7264771142834924, 2.81702358551515, 2.0458798620595533, 4.088233401626889, 3.1258846903218442, 0.03456360735550464]
[1.8095849078508544, 10.151429146924034, 10.0, 0.7265361538726304, 2.819694236600396, 2.0448678039327226, 4.0898366222062466, 3.1258846903218442, 0.0356717432800419][1.8095849078508544, 10.151429146924034, 10.0, 0.7265361538726304, 2.819694236600396, 2.0448678039327226, 4.0898366222062466, 3.1258846903218442, 0.0356717432800419] [1.809591700385357, 10.151418117818825, 10.0, 0.7265361849759773, 2.8197427431657935, 2.0448624363903614, 4.089831878870185, 3.1258846903218442, 0.03570774520576292]
[1.809591700385357, 10.151418117818825, 10.0, 0.7265361849759773, 2.8197427431657935, 2.0448624363903614, 4.089831878870185, 3.1258846903218442, 0.03570774520576292] [1.809591668382465, 10.151418169782236, 10.0, 0.7265361848294345, 2.8197425146280715, 2.044862461679431, 4.089831901218319, 3.1258846903218442, 0.03570757558340293][1.809591668382465, 10.151418169782236, 10.0, 0.7265361848294345, 2.8197425146280715, 2.044862461679431, 4.089831901218319, 3.1258846903218442, 0.03570757558340293]
[1.8096022338864441, 10.151418123487781, 10.0, 0.7265362779685107, 2.8197579767637255, 2.044860568602497, 4.08983127521737, 3.1258846903218442, 0.03571173403289322][1.8096022338864441, 10.151418123487781, 10.0, 0.7265362779685107, 2.8197579767637255, 2.044860568602497, 4.08983127521737, 3.1258846903218442, 0.03571173403289322] [1.8096444959023608, 10.151417938309965, 10.0, 0.7265366505248155, 2.819819825306341, 2.044852996294762, 4.0898287712135755, 3.1258846903218442, 0.03572836783085439][1.8096444959023608, 10.151417938309965, 10.0, 0.7265366505248155, 2.819819825306341, 2.044852996294762, 4.0898287712135755, 3.1258846903218442, 0.03572836783085439]
[1.809606776272424, 10.151418103584588, 10.0, 0.726536318011431, 2.8197646243394914, 2.0448597547193033, 4.08983100608322, 3.1258846903218442, 0.03571352185888799]
[1.809606776272424, 10.151418103584588, 10.0, 0.726536318011431, 2.8197646243394914, 2.0448597547193033, 4.08983100608322, 3.1258846903218442, 0.03571352185888799]
[1.8096044514079663, 10.151418113771355, 10.0, 0.7265362975168358, 2.8197612220058508, 2.044860171277499, 4.089831143830303, 3.1258846903218442, 0.035712606821475895]
[1.8096044514079663, 10.151418113771355, 10.0, 0.7265362975168358, 2.8197612220058508, 2.044860171277499, 4.089831143830303, 3.1258846903218442, 0.035712606821475895]
[1.8096018067617698, 10.151415045743635, 10.0, 0.7265358031244047, 2.819728914118306, 2.0448670194158387, 4.089818073661733, 3.1258846903218442, 0.03571055974737258]
[1.8096018067617698, 10.151415045743635, 10.0, 0.7265358031244047, 2.819728914118306, 2.0448670194158387, 4.089818073661733, 3.1258846903218442, 0.03571055974737258] [1.8096029674661027, 10.151416392265174, 10.0, 0.7265360201074694, 2.8197430936728742, 2.044864013847891, 4.0898238100060915, 3.1258846903218442, 0.035711458184291826]
[1.8096066788458205, 10.151415509076779, 10.0, 0.7265360232227066, 2.819743639160394, 2.0448639414672374, 4.08982325027897, 3.1258846903218442, 0.03571156893603993]