0.5887488418949007
0.9897671066577544
0.9998550455578616
0.9998548947936664
0.9991375144603384
0.9991373326534079
0.9985282398654506
0.9993153537454803
0.9993152174284082
0.9991940006816912
0.9882692171991128
0.04921959539939835
0.9992357892910771
0.9880556886726349
0.9928101360546666
0.9021738682234643
0.45326589759693175
0.8695777805149143
0.8407724924479933
0.8531663126569411
0.7519066518217754
0.035402899295310875
0.5043698762519963
0.3836758089355475
0.1071023000270952
0.009959470526902547
0.6474260975332805
0.22966271249838788
0.008118233133094399
0.0030841198930589564
0.059971433407263075
0.002680200076973338
0.0013798294210072282
0.001374504409233368
0.0009861094885429966
0.0009860313887968264
0.0009466721514014287
0.000930206178865689
0.0009148701745811394
0.0008510600023328152
0.0007155906321285044
0.0007030587572922631
0.002235705260480725
0.0006815723828698106
0.0006364305237324119
0.0013152112433637009
0.0006349168771396241
0.0005970370382752943
0.0005081534546165223
0.0023885290874223197
0.0004976073023645888
0.0008688840167957457
0.00046744998027292706
0.0004449938324109781
0.00043049229711522585
0.0005291276996975958
0.0004138909556395398
0.00036687002782231914
0.0028654920710610154
0.00036682447281077835
0.00031089867135614124
0.0003985268560102173
0.0002867091520106779
0.0002490918049333213
0.000248982352610172
0.00023875266252448846
0.00023857520709713587
0.00022813971087992657
0.0002706201978338596
0.00022483601546280374
0.00021023833203809295
0.00018602228333358672
0.0001854468741919746
0.00012060256602058894
0.000535814967493442
0.0001132355222693282
6.186202140834318e-5
6.186129823021469e-5
5.793467445136535e-5
8.611379560141685e-5
5.75754032143827e-5
5.6454153973706234e-5
7.182132335981084e-5
5.64449132057776e-5
5.633863234616454e-5
5.745785711019913e-5
5.633633586060727e-5
5.633203999066971e-5
5.638259225104747e-5
5.633206967181614e-5
5.633062088283847e-5
5.6325719180516653e-5
5.631316388382546e-5
5.657532600183979e-5
5.6313013342690343e-5
5.627988281453611e-5
5.617078192815539e-5
5.68278167440428e-5
5.611882135458934e-5
5.601406519983865e-5
5.80583808477142e-5
5.600941042560592e-5
5.598091168690367e-5
5.598075899110322e-5
5.597107740129559e-5
5.597108494992398e-5
5.597058368461694e-5
5.5973644677798085e-5
5.597059395201498e-5
5.5970236551572405e-5
5.596980774524862e-5
5.597027751969019e-5
5.596938260399309e-5
5.596763283716166e-5
5.596091624421318e-5
5.5936518755461684e-5
5.600703090818948e-5
5.5925969523806796e-5
5.583628940108998e-5
5.553164663735233e-5
7.770064867385074e-5
5.5518489897321555e-5
5.787429765008456e-5
5.5469017673503984e-5
5.5316192569598854e-5
5.529356708977584e-5
5.511173135164249e-5
5.7927082094400006e-5
5.5092497588615785e-5
5.482264888623245e-5
5.614035424583719e-5
5.477618639315729e-5
5.476211374477735e-5
5.4639661021371744e-5
5.548960566970074e-5
5.46215363052549e-5
5.4550206042502936e-5
5.453961995954826e-5
5.4469543921298325e-5
5.50144252098872e-5
5.4454978852314095e-5
5.439699529380393e-5
5.4530107913175474e-5
5.442843121428176e-5
5.5765890654146943e-5
5.4399386495429525e-5
5.442176366049489e-5
5.435091073713316e-5
5.4917027317691325e-5
5.4343456042382776e-5
5.4338809933884846e-5
5.4334765037356014e-5
5.4333280781304616e-5
5.434209772936516e-5
5.433268018034676e-5
5.433063733006893e-5
5.4328620867127864e-5
5.4328023051219976e-5
5.432655108927875e-5
5.4345336214067785e-5
5.432654889997446e-5
5.4326493575840296e-5
5.4326514229485756e-5
5.43262612885953e-5
5.43262483910234e-5
5.4326329460674394e-5
5.432623093432065e-5
5.432634948837611e-5
5.432593289672605e-5
5.4325930047838256e-5
5.432616848921601e-5
5.432595512422367e-5
5.432583960657267e-5
5.4325908937558065e-5
5.432585533465817e-5
5.432601242083557e-5
5.432585225062514e-5
5.432601249949487e-5
5.432601264321324e-5
5.432585417014524e-5
5.432585085518582e-5
5.432601375804369e-5
5.4326012249084066e-5
5.432585589409955e-5
5.432584797265827e-5
5.432584659931239e-5
5.432584905579185e-5
5.43258373865152e-5
5.4325838930446846e-5
5.4325849762337786e-5
5.4325850764813666e-5
5.43259676495933e-5
5.4325848433844914e-5
5.432584227454962e-5
5.4325850764813666e-5
5.432601808441628e-5
5.4325855520065414e-5
5.432585199066642e-5
5.432584554015962e-5
5.4326020892725424e-5
5.432585355108488e-5
5.432601826843575e-5
5.432601787774827e-5
5.4326015552941254e-5
5.43258535601332e-5
5.432601670268822e-5
5.4326017114414427e-5
5.432601739313592e-5
5.432585160392023e-5
5.432585295400694e-5
5.432601587962438e-5
5.43258517660683e-5
5.4326019177208806e-5
5.432585344211649e-5
5.432585382586508e-5
5.432601605270815e-5
5.432584889669689e-5
5.4326008089689015e-5
5.432601673505122e-5
5.432601752453081e-5
5.432584725761913e-5
5.43258500292354e-5
5.432585497705533e-5
5.432601776306223e-5
5.432602060795322e-5
5.432585786280253e-5
5.432585376957677e-5
5.4325855747661134e-5
5.4326016943107014e-5
5.4325856332693157e-5
5.432601768695644e-5
5.432585467407547e-5
5.4326016735328775e-5
5.432585127607137e-5
5.4326019653549995e-5
5.4325851301995076e-5
5.432584373754601e-5
5.432585618103669e-5
5.432601394184111e-5
5.432585194731221e-5
5.432585398940093e-5
5.4325847783365244e-5
5.432585285486402e-5
5.432585105535903e-5
5.432585225845221e-5
5.4325846208125306e-5
5.432584955716857e-5
5.432601660670944e-5
5.4326015571370956e-5
5.432585108189336e-5
5.4325846671532396e-5
5.432585539244528e-5
5.432601938720749e-5
5.432601630112055e-5
5.432585131215362e-5
5.432585559228542e-5
5.432602083665916e-5
5.4326016319716786e-5
5.4326015689498686e-5
5.4326015742012235e-5
5.4325851859826635e-5
5.4325853222569886e-5
5.43260197197748e-5
5.4325855544656854e-5
5.432585091053044e-5
5.43258457252338e-5
5.432585236286869e-5
5.4325854761672066e-5
5.432584896508663e-5
5.432601566701667e-5
5.432584738862545e-5
5.4325852240300065e-5
5.4325852552772336e-5
5.432585091069697e-5
5.4325855931958156e-5
5.432601607502363e-5
5.432585894543651e-5
5.432585395337419e-5
5.432585487374908e-5
5.432585499176579e-5
5.432585116665889e-5
5.432601579569152e-5
5.432601581462082e-5
5.432585095388465e-5
5.432585467979312e-5
5.432585107828514e-5
5.4326017091266277e-5
5.4326016133976474e-5
5.432585688780467e-5
5.432584942466345e-5
5.4326015947514517e-5
5.432585129544476e-5
5.432585308184912e-5
5.432585133408052e-5
5.432601735078091e-5
5.432585281683888e-5
5.432601570309892e-5
5.432585523362787e-5
5.432585543463375e-5
5.432601583438279e-5
5.4325855082859587e-5
5.432601770338774e-5
5.4325858268089444e-5
5.4326016798667e-5
5.432585117598476e-5
5.4326016005301625e-5
5.4325857751780227e-5
5.432601801252934e-5
5.4326015544781114e-5
5.4325859044912495e-5
5.432585128006817e-5
5.4325859044912495e-5
5.4325847554437257e-5
5.432601638466483e-5
5.432585331049955e-5
5.4325851086944876e-5
5.432585872316986e-5
5.43260176917304e-5
5.432585098724685e-5
5.43258563050486e-5
5.432585817449764e-5
5.432601788418756e-5
5.432601836141693e-5
5.432601782684454e-5
5.432585520204203e-5
5.432601629296041e-5
5.4325854621284364e-5
5.432601728344588e-5
5.43258504757671e-5
5.432585376263788e-5
5.432601766575118e-5
5.4325854287218256e-5
5.432585739789664e-5
5.432585620318564e-5
5.4325855149250923e-5
5.4325843911462446e-5
5.432585384396171e-5
5.4325857217984996e-5
5.432601585991792e-5
5.4325851036263195e-5
5.4325852960612764e-5
5.4325855073644735e-5
5.4325856057801936e-5
5.432585278880575e-5
5.4325857598291893e-5
5.4326016038996894e-5
5.4325854033476784e-5
5.432585809628243e-5
5.4325854706716026e-5
5.432584412146113e-5
5.432584639541993e-5
5.432601556060179e-5
5.43260169992843e-5
5.432601611465859e-5
5.432585286896385e-5
5.4326017158656814e-5
5.4325857934411914e-5
5.4326016438788205e-5
5.4325859164983115e-5
5.4325854720649325e-5
5.4325852873848834e-5
5.43258527935242e-5
5.432601804461479e-5
5.4325851224334976e-5
5.432601702165529e-5
5.432585498504894e-5
5.432584975340049e-5
5.4325847873071265e-5
5.432585273007495e-5
5.432584740128199e-5
5.432601600224851e-5
5.432585680054114e-5
5.4326015921812854e-5
5.432601576316198e-5
5.432601658217351e-5
5.432585517228805e-5
5.432585055997752e-5
5.4326018300465684e-5
5.4325852742176384e-5
5.432601826493855e-5
5.432601826033112e-5
5.432585244347088e-5
5.4325852658410057e-5
5.4325852915371176e-5
5.4325852677616915e-5
5.43260183030192e-5
5.4326018335715265e-5
5.432601825677841e-5
5.432601829968853e-5
5.4325852887782133e-5
5.432601829968853e-5
5.4325852887782133e-5
5.43260182652161e-5
5.4325852887782133e-5
5.43260182652161e-5
5.4325852887782133e-5
5.43260182652161e-5
5.4325852887782133e-5
5.43260182652161e-5
5.4325852887782133e-5
5.43260182652161e-5
5.4325852887782133e-5
5.432602123234265e-5
5.432585508635679e-5
