2.0	14.0	10.0	0.5	0.0	1.51	1.0	3.1258846903218442	0.0
2.0	14.155700571264916	10.0	0.5	0.00038973585227346577	1.5255486796821989	1.0119125732293714	3.1258846903218442	0.03324620367404564
2.0	14.155700571264916	10.0	0.5	0.00038973585227346577	1.5255486796821989	1.0119125732293714	3.1258846903218442	0.03324620367404564
2.0	14.778502856324575	10.0	0.5	0.0019486792613673289	1.5877433984109939	1.059562866146857	3.1258846903218442	0.1662310183702282
2.0	14.778502856324575	10.0	0.5	0.0019486792613673289	1.5877433984109939	1.059562866146857	3.1258846903218442	0.1662310183702282
2.0	14.585741675421326	10.0	0.5	0.0014661765800075728	1.5684937461285533	1.0448148041157739	3.1258846903218442	0.12507139108886678
2.0	14.585741675421326	10.0	0.5	0.0014661765800075728	1.5684937461285533	1.0448148041157739	3.1258846903218442	0.12507139108886678
2.0	14.084647114495558	10.0	0.5	-0.0062190266385216166	1.522905528464091	0.9943329909950711	3.1258846903218442	-0.06478181929413607
2.0	14.084647114495558	10.0	0.5	-0.0062190266385216166	1.522905528464091	0.9943329909950711	3.1258846903218442	-0.06478181929413607
2.0	14.124498282956173	10.0	0.5	-0.005607835953175039	1.5265310791757356	0.9983477207401987	3.1258846903218442	-0.04968312763046359
2.0	14.124498282956173	10.0	0.5	-0.005607835953175039	1.5265310791757356	0.9983477207401987	3.1258846903218442	-0.04968312763046359
2.0	14.35511997918875	10.0	0.5	-0.002070829686583733	1.5475124126521445	1.0215812624279863	3.1258846903218442	0.037694131729201594
2.0	14.35511997918875	10.0	0.5	-0.002070829686583733	1.5475124126521445	1.0215812624279863	3.1258846903218442	0.037694131729201594
2.0	14.462105016180427	10.0	0.5	-0.00043001812178866954	1.557245619782165	1.0323592653545146	3.1258846903218442	0.07822830296085308
2.0	14.462105016180427	10.0	0.5	-0.00043001812178866954	1.557245619782165	1.0323592653545146	3.1258846903218442	0.07822830296085308
2.0	13.497112403498962	10.0	0.5	-0.1581441146449408	1.4328009706923024	1.2908455419434217	3.1258846903218442	0.8319486117174579
2.0	13.497112403498962	10.0	0.5	-0.1581441146449408	1.4328009706923024	1.2908455419434217	3.1258846903218442	0.8319486117174579
2.0	13.659876208289528	10.0	0.5	-0.1315427230053881	1.4537908563199333	1.2472470632495285	3.1258846903218442	0.7048197782020866
2.0	13.659876208289528	10.0	0.5	-0.1315427230053881	1.4537908563199333	1.2472470632495285	3.1258846903218442	0.7048197782020866
2.0	14.060990612234978	10.0	0.5	-0.06598637056358839	1.5055182380510492	1.1398031643020217	3.1258846903218442	0.3915240405814699
2.0	14.060990612234978	10.0	0.5	-0.06598637056358839	1.5055182380510492	1.1398031643020217	3.1258846903218442	0.3915240405814699
2.0	14.284609156981565	10.0	0.5	-0.029439151147545407	1.53435590060439	1.0799039233667387	3.1258846903218442	0.2168638034199074
2.0	14.284609156981565	10.0	0.5	-0.029439151147545407	1.53435590060439	1.0799039233667387	3.1258846903218442	0.2168638034199074
2.0	14.405795637610945	10.0	0.5	-0.00963297226895943	1.549984008900942	1.047442491290323	3.1258846903218442	0.12220949167000669
2.0	14.405795637610945	10.0	0.5	-0.00963297226895943	1.549984008900942	1.047442491290323	3.1258846903218442	0.12220949167000669
2.0	11.312944480670865	10.0	0.5	0.741454443618085	2.2071687218611533	2.1452372386129914	3.1258846903218442	2.6104081575930707
2.0	11.312944480670865	10.0	0.5	0.741454443618085	2.2071687218611533	2.1452372386129914	3.1258846903218442	2.6104081575930707
2.0	11.346366362943623	10.0	0.5	0.7333380636448689	2.2000670706682963	2.1333742795040993	3.1258846903218442	2.583520254275412
2.0	11.346366362943623	10.0	0.5	0.7333380636448689	2.2000670706682963	2.1333742795040993	3.1258846903218442	2.583520254275412
2.0	12.876081000277285	10.0	0.5	0.3618525456879547	1.8750255397846192	1.590408385397211	3.1258846903218442	1.3528648729727093
2.0	12.876081000277285	10.0	0.5	0.3618525456879547	1.8750255397846192	1.590408385397211	3.1258846903218442	1.3528648729727093
2.0	13.640938318944114	10.0	0.5	0.17610978670949765	1.7125047743427806	1.3189254383437672	3.1258846903218442	0.737537182321358
2.0	13.640938318944114	10.0	0.5	0.17610978670949765	1.7125047743427806	1.3189254383437672	3.1258846903218442	0.737537182321358
2.0	14.02336697827753	10.0	0.5	0.08323840722026911	1.6312443916218613	1.183183964817045	3.1258846903218442	0.4298733369956823
2.0	14.02336697827753	10.0	0.5	0.08323840722026911	1.6312443916218613	1.183183964817045	3.1258846903218442	0.4298733369956823
2.0	14.199636623483674	10.0	0.5	0.040431978588833635	1.5937897226739364	1.1206177820941812	3.1258846903218442	0.28806441254728404
2.0	14.199636623483674	10.0	0.5	0.040431978588833635	1.5937897226739364	1.1206177820941812	3.1258846903218442	0.28806441254728404
2.0	14.350381244420714	10.0	0.5	0.003824207295212559	1.5617587404462572	1.0671116013390896	3.1258846903218442	0.16679036938197667
2.0	14.350381244420714	10.0	0.5	0.003824207295212559	1.5617587404462572	1.0671116013390896	3.1258846903218442	0.16679036938197667
2.0	14.350416106219912	10.0	0.5	-0.1852445022204402	1.5499222548993628	1.3277491534255885	3.1258846903218442	0.22794600658979997
2.0	14.350416106219912	10.0	0.5	-0.1852445022204402	1.5499222548993628	1.3277491534255885	3.1258846903218442	0.22794600658979997
2.0	14.350555553416708	10.0	0.5	-0.9415193402830513	1.5025763127117853	2.3702993617715835	3.1258846903218442	0.47256855542109316
2.0	14.350555553416708	10.0	0.5	-0.9415193402830513	1.5025763127117853	2.3702993617715835	3.1258846903218442	0.47256855542109316
2.0	14.35046839891871	10.0	0.5	-0.4688475664939194	1.532167526579021	1.7187054815553366	3.1258846903218442	0.3196794624015349
2.0	14.35046839891871	10.0	0.5	-0.4688475664939194	1.532167526579021	1.7187054815553366	3.1258846903218442	0.3196794624015349
2.0	14.350426409930728	10.0	0.5	-0.24112541921400243	1.5464238776795893	1.4047828701673062	3.1258846903218442	0.24602109207196882
2.0	14.350426409930728	10.0	0.5	-0.24112541921400243	1.5464238776795893	1.4047828701673062	3.1258846903218442	0.24602109207196882
2.0	14.227788021375812	10.0	0.5	-0.3757206784656002	1.6072397385429529	1.9649503513110438	3.1258846903218442	0.34284518151605947
2.0	14.227788021375812	10.0	0.5	-0.3757206784656002	1.6072397385429529	1.9649503513110438	3.1258846903218442	0.34284518151605947
2.0	14.309083407114558	10.0	0.5	-0.286499239335507	1.5669256988187017	1.5936226455699496	3.1258846903218442	0.2786617574437879
2.0	14.309083407114558	10.0	0.5	-0.286499239335507	1.5669256988187017	1.5936226455699496	3.1258846903218442	0.2786617574437879
2.0	14.29043273651439	10.0	0.5	-0.416252026649265	1.6399343146198186	1.755034579207978	3.1258846903218442	0.32512677321773664
2.0	14.29043273651439	10.0	0.5	-0.416252026649265	1.6399343146198186	1.755034579207978	3.1258846903218442	0.32512677321773664
2.0	14.294533331525471	10.0	0.5	-0.3877241713383692	1.6238824110642778	1.7195460445598338	3.1258846903218442	0.3149108289250536
2.0	14.294533331525471	10.0	0.5	-0.3877241713383692	1.6238824110642778	1.7195460445598338	3.1258846903218442	0.3149108289250536
2.0	14.28831607380485	10.0	0.5	-0.41561910693770643	1.666951970507677	1.7016597422691677	3.1258846903218442	0.32336091881284595
2.0	14.28831607380485	10.0	0.5	-0.41561910693770643	1.666951970507677	1.7016597422691677	3.1258846903218442	0.32336091881284595
2.0	14.263447042922362	10.0	0.5	-0.5271988493350553	1.839230208281274	1.6301145331065032	3.1258846903218442	0.35716127836401534
2.0	14.263447042922362	10.0	0.5	-0.5271988493350553	1.839230208281274	1.6301145331065032	3.1258846903218442	0.35716127836401534
2.0	14.26359090643165	10.0	0.5	-0.5265533777289196	1.8382336052380266	1.630528411110497	3.1258846903218442	0.3569657484954326
2.0	14.26359090643165	10.0	0.5	-0.5265533777289196	1.8382336052380266	1.630528411110497	3.1258846903218442	0.3569657484954326
2.0	14.233138099765837	10.0	0.5	-0.7628369512073762	2.178977852253502	1.4423501929592908	3.1258846903218442	0.4132824269160451
2.0	14.233138099765837	10.0	0.5	-0.7628369512073762	2.178977852253502	1.4423501929592908	3.1258846903218442	0.4132824269160451
2.0	14.11132687310258	10.0	0.5	-1.7079712451212021	3.5419548403154044	0.6896373203544657	3.1258846903218442	0.6385491405984951
2.0	14.11132687310258	10.0	0.5	-1.7079712451212021	3.5419548403154044	0.6896373203544657	3.1258846903218442	0.6385491405984951
2.0	14.2219172930314	10.0	0.5	-0.849899281508117	2.3045303303416307	1.3730130234603752	3.1258846903218442	0.4340331764747867
2.0	14.2219172930314	10.0	0.5	-0.849899281508117	2.3045303303416307	1.3730130234603752	3.1258846903218442	0.4340331764747867
2.0	14.1033577206824	10.0	0.5	-1.7761504556217316	3.485820442074509	0.9395598729336855	3.1258846903218442	0.6422646476480988
2.0	14.1033577206824	10.0	0.5	-1.7761504556217316	3.485820442074509	0.9395598729336855	3.1258846903218442	0.6422646476480988
2.0	14.172998994267036	10.0	0.5	-1.2320753535738347	2.7919368000869182	1.1941679897131023	3.1258846903218442	0.5199505690326294
2.0	14.172998994267036	10.0	0.5	-1.2320753535738347	2.7919368000869182	1.1941679897131023	3.1258846903218442	0.5199505690326294
2.0	14.176142134305055	10.0	0.5	-1.2387458633167143	2.7102905400215835	1.3139754595647413	3.1258846903218442	0.5144224140039501
2.0	14.176142134305055	10.0	0.5	-1.2387458633167143	2.7102905400215835	1.3139754595647413	3.1258846903218442	0.5144224140039501
2.0	14.18871469445713	10.0	0.5	-1.2654279022882324	2.3837054997602443	1.7932053389712974	3.1258846903218442	0.49230979388923274
2.0	14.18871469445713	10.0	0.5	-1.2654279022882324	2.3837054997602443	1.7932053389712974	3.1258846903218442	0.49230979388923274
2.0	14.176560918291651	10.0	0.5	-1.2396346250737351	2.699412199932611	1.3299383022130449	3.1258846903218442	0.5136858566843813
2.0	14.176560918291651	10.0	0.5	-1.2396346250737351	2.699412199932611	1.3299383022130449	3.1258846903218442	0.5136858566843813
2.0	14.158477775529326	10.0	0.5	-1.3504198033835093	2.754343314272882	1.283857328693744	3.1258846903218442	0.5584927912526612
2.0	14.158477775529326	10.0	0.5	-1.3504198033835093	2.754343314272882	1.283857328693744	3.1258846903218442	0.5584927912526612
2.0	14.086145204480024	10.0	0.5	-1.7935605166226056	2.9740677716339645	1.0995334346165406	3.1258846903218442	0.7377205295257806
2.0	14.086145204480024	10.0	0.5	-1.7935605166226056	2.9740677716339645	1.0995334346165406	3.1258846903218442	0.7377205295257806
2.0	13.724482349233519	10.0	0.5	-4.009264082818088	4.072690058439378	0.17791396423052364	3.1258846903218442	1.6338592208913778
2.0	13.724482349233519	10.0	0.5	-4.009264082818088	4.072690058439378	0.17791396423052364	3.1258846903218442	1.6338592208913778
2.0	14.06252023876246	10.0	0.5	-1.9382973067913842	3.0458332667236943	1.0393303253487403	3.1258846903218442	0.7962591534252841
2.0	14.06252023876246	10.0	0.5	-1.9382973067913842	3.0458332667236943	1.0393303253487403	3.1258846903218442	0.7962591534252841
2.0	13.468204209618474	10.0	0.5	-5.780738083926506	5.956827424849501	-0.3192370938406808	3.1258846903218442	2.06882315669358
2.0	13.468204209618474	10.0	0.5	-5.780738083926506	5.956827424849501	-0.3192370938406808	3.1258846903218442	2.06882315669358
2.0	13.765362224190467	10.0	0.5	-3.8595176953589454	4.501330345786598	0.36004661575402974	3.1258846903218442	1.432541155059432
2.0	13.765362224190467	10.0	0.5	-3.8595176953589454	4.501330345786598	0.36004661575402974	3.1258846903218442	1.432541155059432
2.0	14.032342820337197	10.0	0.5	-2.133403845097127	3.1936440011401728	0.9703467283105461	3.1258846903218442	0.8608757791199796
2.0	14.032342820337197	10.0	0.5	-2.133403845097127	3.1936440011401728	0.9703467283105461	3.1258846903218442	0.8608757791199796
2.0	13.70277637778787	10.0	0.5	-4.2973863841090765	4.961988774211667	0.49161964572540673	3.1258846903218442	1.4791114151368392
2.0	13.70277637778787	10.0	0.5	-4.2973863841090765	4.961988774211667	0.49161964572540673	3.1258846903218442	1.4791114151368392
2.0	13.953771673280585	10.0	0.5	-2.64931374473808	3.615230847595259	0.8562145499406256	3.1258846903218442	1.0082678579292428
2.0	13.953771673280585	10.0	0.5	-2.64931374473808	3.615230847595259	0.8562145499406256	3.1258846903218442	1.0082678579292428
2.0	13.868756414055937	10.0	0.5	-3.2882343286479507	4.181065544810964	0.82115033537608	3.1258846903218442	1.1384071624825347
2.0	13.868756414055937	10.0	0.5	-3.2882343286479507	4.181065544810964	0.82115033537608	3.1258846903218442	1.1384071624825347
2.0	13.528695377157346	10.0	0.5	-5.843916664287432	6.444404333673782	0.6808934771178973	3.1258846903218442	1.658964380695702
2.0	13.528695377157346	10.0	0.5	-5.843916664287432	6.444404333673782	0.6808934771178973	3.1258846903218442	1.658964380695702
2.0	13.741233525218965	10.0	0.5	-4.246615204512756	5.02981759063452	0.7685540135292614	3.1258846903218442	1.3336161193124725
2.0	13.741233525218965	10.0	0.5	-4.246615204512756	5.02981759063452	0.7685540135292614	3.1258846903218442	1.3336161193124725
2.0	13.912891428125684	10.0	0.5	-2.956543650792112	3.8873168395723394	0.8393536510780474	3.1258846903218442	1.0708463494017997
2.0	13.912891428125684	10.0	0.5	-2.956543650792112	3.8873168395723394	0.8393536510780474	3.1258846903218442	1.0708463494017997
2.0	13.764794700874894	10.0	0.5	-4.0445511812943815	4.732337162324007	0.7963627558452926	3.1258846903218442	1.31727014043281
2.0	13.764794700874894	10.0	0.5	-4.0445511812943815	4.732337162324007	0.7963627558452926	3.1258846903218442	1.31727014043281
2.0	13.883898197596022	10.0	0.5	-3.169545340535353	4.0527483752625315	0.8309372264932615	3.1258846903218442	1.1190892911195924
2.0	13.883898197596022	10.0	0.5	-3.169545340535353	4.0527483752625315	0.8309372264932615	3.1258846903218442	1.1190892911195924
2.0	13.776500170822477	10.0	0.5	-3.9383666651830125	4.568754622603341	0.8507196616735553	3.1258846903218442	1.3042869084037036
2.0	13.776500170822477	10.0	0.5	-3.9383666651830125	4.568754622603341	0.8507196616735553	3.1258846903218442	1.3042869084037036
2.0	13.859423873481688	10.0	0.5	-3.344747649653315	4.170338097549222	0.8354453328795565	3.1258846903218442	1.161292920429941
2.0	13.859423873481688	10.0	0.5	-3.344747649653315	4.170338097549222	0.8354453328795565	3.1258846903218442	1.161292920429941
2.0	13.809599391811075	10.0	0.5	-3.6861059785426082	4.368770951097403	0.8509469589913892	3.1258846903218442	1.2530566147800855
2.0	13.809599391811075	10.0	0.5	-3.6861059785426082	4.368770951097403	0.8509469589913892	3.1258846903218442	1.2530566147800855
2.0	13.832061158254293	10.0	0.5	-3.5322155455693647	4.279313875747854	0.8439585490061946	3.1258846903218442	1.2116879020238547
2.0	13.832061158254293	10.0	0.5	-3.5322155455693647	4.279313875747854	0.8439585490061946	3.1258846903218442	1.2116879020238547
2.0	13.815697094069776	10.0	0.5	-3.635338507406982	4.314022401839273	0.857164960350188	3.1258846903218442	1.246486288936072
2.0	13.815697094069776	10.0	0.5	-3.635338507406982	4.314022401839273	0.857164960350188	3.1258846903218442	1.246486288936072
2.0	13.750240837331711	10.0	0.5	-4.047830354757452	4.4528565062049505	0.9099906057261614	3.1258846903218442	1.3856798365849414
2.0	13.750240837331711	10.0	0.5	-4.047830354757452	4.4528565062049505	0.9099906057261614	3.1258846903218442	1.3856798365849414
2.0	13.808228022283929	10.0	0.5	-3.682407059329623	4.329864461002244	0.8631927804106253	3.1258846903218442	1.262369363394125
2.0	13.808228022283929	10.0	0.5	-3.682407059329623	4.329864461002244	0.8631927804106253	3.1258846903218442	1.262369363394125
2.0	13.741409848558774	10.0	0.5	-4.0966946979025245	4.525693277154856	0.8435111309684192	3.1258846903218442	1.4062260222392051
2.0	13.741409848558774	10.0	0.5	-4.0966946979025245	4.525693277154856	0.8435111309684192	3.1258846903218442	1.4062260222392051
2.0	13.474137153658155	10.0	0.5	-5.753845252194129	5.309008541765305	0.7647845331995952	3.1258846903218442	1.9816526576195252
2.0	13.474137153658155	10.0	0.5	-5.753845252194129	5.309008541765305	0.7647845331995952	3.1258846903218442	1.9816526576195252
2.0	13.740812291412729	10.0	0.5	-4.10039968600899	4.527444580759395	0.8433351173240098	3.1258846903218442	1.4075125371154225
2.0	13.740812291412729	10.0	0.5	-4.10039968600899	4.527444580759395	0.8433351173240098	3.1258846903218442	1.4075125371154225
2.0	13.604294474541652	10.0	0.5	-4.9103168717350725	4.839322943462611	0.7907701221284433	3.1258846903218442	1.7233700427678824
2.0	13.604294474541652	10.0	0.5	-4.9103168717350725	4.839322943462611	0.7907701221284433	3.1258846903218442	1.7233700427678824
2.0	13.613255873433477	10.0	0.5	-4.8571517161752595	4.818850403848587	0.794220630644407	3.1258846903218442	1.702636301443832
2.0	13.613255873433477	10.0	0.5	-4.8571517161752595	4.818850403848587	0.794220630644407	3.1258846903218442	1.702636301443832
2.0	13.347002935333634	10.0	0.5	-6.41353232011727	5.440159741975373	0.5775092503197413	3.1258846903218442	2.3453611032155957
2.0	13.347002935333634	10.0	0.5	-6.41353232011727	5.440159741975373	0.5775092503197413	3.1258846903218442	2.3453611032155957
2.0	13.492072914278227	10.0	0.5	-5.5655262734798665	5.101634528907742	0.6955861271614303	3.1258846903218442	1.9951675086373704
2.0	13.492072914278227	10.0	0.5	-5.5655262734798665	5.101634528907742	0.6955861271614303	3.1258846903218442	1.9951675086373704
2.0	13.420148245210438	10.0	0.5	-5.947508697453072	5.120866874537201	0.5897655140277707	3.1258846903218442	2.2234075483422595
2.0	13.420148245210438	10.0	0.5	-5.947508697453072	5.120866874537201	0.5897655140277707	3.1258846903218442	2.2234075483422595
2.0	13.442028981722922	10.0	0.5	-5.831302993906759	5.1150160601686485	0.621957986841027	3.1258846903218442	2.1539729546887942
2.0	13.442028981722922	10.0	0.5	-5.831302993906759	5.1150160601686485	0.621957986841027	3.1258846903218442	2.1539729546887942
2.0	13.473129320959844	10.0	0.5	-5.63572923262086	5.004412567620768	0.6509765537820429	3.1258846903218442	2.08515568523531
2.0	13.473129320959844	10.0	0.5	-5.63572923262086	5.004412567620768	0.6509765537820429	3.1258846903218442	2.08515568523531
2.0	13.45782918944721	10.0	0.5	-5.731943754440046	5.058825092476133	0.636700571545211	3.1258846903218442	2.1190110481931757
2.0	13.45782918944721	10.0	0.5	-5.731943754440046	5.058825092476133	0.636700571545211	3.1258846903218442	2.1190110481931757
2.0	13.436794571374707	10.0	0.5	-5.855536993830529	5.087832921963095	0.6295000832380678	3.1258846903218442	2.1727702081518956
2.0	13.436794571374707	10.0	0.5	-5.855536993830529	5.087832921963095	0.6295000832380678	3.1258846903218442	2.1727702081518956
2.0	13.352656099084689	10.0	0.5	-6.349909951392462	5.203864239910942	0.6006981300094951	3.1258846903218442	2.3878068479867753
2.0	13.352656099084689	10.0	0.5	-6.349909951392462	5.203864239910942	0.6006981300094951	3.1258846903218442	2.3878068479867753
2.0	12.9319637376346	10.0	0.5	-8.821774739202127	5.784020829650176	0.45668836386663186	3.1258846903218442	3.4629900471611736
2.0	12.9319637376346	10.0	0.5	-8.821774739202127	5.784020829650176	0.45668836386663186	3.1258846903218442	3.4629900471611736
2.0	13.330043814493552	10.0	0.5	-6.482773095995556	5.23504775336811	0.5929575810613258	3.1258846903218442	2.4455981242617644
2.0	13.330043814493552	10.0	0.5	-6.482773095995556	5.23504775336811	0.5929575810613258	3.1258846903218442	2.4455981242617644
2.0	13.187076414022359	10.0	0.5	-7.319350573600194	5.443104665894179	0.5501581290261855	3.1258846903218442	2.8045681612126168
2.0	13.187076414022359	10.0	0.5	-7.319350573600194	5.443104665894179	0.5501581290261855	3.1258846903218442	2.8045681612126168
2.0	13.228673611857316	10.0	0.5	-7.07594348411338	5.382569295433827	0.5626108788675186	3.1258846903218442	2.700123738255686
2.0	13.228673611857316	10.0	0.5	-7.07594348411338	5.382569295433827	0.5626108788675186	3.1258846903218442	2.700123738255686
2.0	12.988877504135884	10.0	0.5	-8.458930604753597	5.708676533850597	0.49288663738103067	3.1258846903218442	3.3043849831429117
2.0	12.988877504135884	10.0	0.5	-8.458930604753597	5.708676533850597	0.49288663738103067	3.1258846903218442	3.3043849831429117
2.0	13.210920217252253	10.0	0.5	-7.1783334533240835	5.406712766911293	0.5574488185471475	3.1258846903218442	2.7448604457317347
2.0	13.210920217252253	10.0	0.5	-7.1783334533240835	5.406712766911293	0.5574488185471475	3.1258846903218442	2.7448604457317347
2.0	13.157666990994407	10.0	0.5	-7.477357011343791	5.464783300647965	0.5512327077063977	3.1258846903218442	2.8780486386213244
2.0	13.157666990994407	10.0	0.5	-7.477357011343791	5.464783300647965	0.5512327077063977	3.1258846903218442	2.8780486386213244
2.0	13.163350150292228	10.0	0.5	-7.445445357657323	5.458586040558274	0.5518960881361551	3.1258846903218442	2.863834857223074
2.0	13.163350150292228	10.0	0.5	-7.445445357657323	5.458586040558274	0.5518960881361551	3.1258846903218442	2.863834857223074
2.0	13.164330829531648	10.0	0.5	-7.432885305812453	5.447064919496023	0.55458809930402	3.1258846903218442	2.8620899617246467
2.0	13.164330829531648	10.0	0.5	-7.432885305812453	5.447064919496023	0.55458809930402	3.1258846903218442	2.8620899617246467
2.0	13.16429832186625	10.0	0.5	-7.433301647819462	5.447446822908945	0.5544988642159517	3.1258846903218442	2.8621478017162967
2.0	13.16429832186625	10.0	0.5	-7.433301647819462	5.447446822908945	0.5544988642159517	3.1258846903218442	2.8621478017162967
2.0	13.159004652784247	10.0	0.5	-7.458726441225041	5.4518315214572075	0.5527885779380384	3.1258846903218442	2.8753800475371984
2.0	13.159004652784247	10.0	0.5	-7.458726441225041	5.4518315214572075	0.5527885779380384	3.1258846903218442	2.8753800475371984
2.0	13.137829976456239	10.0	0.5	-7.560425614847354	5.469370315650259	0.5459474328263849	3.1258846903218442	2.9283090308208055
2.0	13.137829976456239	10.0	0.5	-7.560425614847354	5.469370315650259	0.5459474328263849	3.1258846903218442	2.9283090308208055
2.0	13.156601905236908	10.0	0.5	-7.470266520336626	5.4538216956670915	0.5520122947786933	3.1258846903218442	2.8813860418106323
2.0	13.156601905236908	10.0	0.5	-7.470266520336626	5.4538216956670915	0.5520122947786933	3.1258846903218442	2.8813860418106323
2.0	13.15692355009838	10.0	0.5	-7.462866769539424	5.453712389918843	0.5524775453640873	3.1258846903218442	2.8791923320618715
2.0	13.15692355009838	10.0	0.5	-7.462866769539424	5.453712389918843	0.5524775453640873	3.1258846903218442	2.8791923320618715
2.0	13.158210129544269	10.0	0.5	-7.433267766350619	5.453275166925851	0.5543385477056637	3.1258846903218442	2.8704174930668285
2.0	13.158210129544269	10.0	0.5	-7.433267766350619	5.453275166925851	0.5543385477056637	3.1258846903218442	2.8704174930668285
2.0	13.164643026773714	10.0	0.5	-7.285272750406592	5.451089051960886	0.5636435594135452	3.1258846903218442	2.8265432980916136
2.0	13.164643026773714	10.0	0.5	-7.285272750406592	5.451089051960886	0.5636435594135452	3.1258846903218442	2.8265432980916136
2.0	13.196807512920937	10.0	0.5	-6.545297670686455	5.440158477136062	0.6101686179529527	3.1258846903218442	2.607172323215539
2.0	13.196807512920937	10.0	0.5	-6.545297670686455	5.440158477136062	0.6101686179529527	3.1258846903218442	2.607172323215539
2.0	13.178389192583422	10.0	0.5	-6.969028925017109	5.446417642218796	0.5835270161571648	3.1258846903218442	2.7327905242813553
2.0	13.178389192583422	10.0	0.5	-6.969028925017109	5.446417642218796	0.5835270161571648	3.1258846903218442	2.7327905242813553
2.0	13.226585870458635	10.0	0.5	-6.317738646038133	5.407145229317077	0.6103562363963526	3.1258846903218442	2.521801425123709
2.0	13.226585870458635	10.0	0.5	-6.317738646038133	5.407145229317077	0.6103562363963526	3.1258846903218442	2.521801425123709
2.0	13.201628798638183	10.0	0.5	-6.6549879956826254	5.4274811626751465	0.5964636030051101	3.1258846903218442	2.6310552229610487
2.0	13.201628798638183	10.0	0.5	-6.6549879956826254	5.4274811626751465	0.5964636030051101	3.1258846903218442	2.6310552229610487
2.0	13.19872386533106	10.0	0.5	-6.656935889434743	5.428262638225986	0.5901986341064158	3.1258846903218442	2.638336128001657
2.0	13.19872386533106	10.0	0.5	-6.656935889434743	5.428262638225986	0.5901986341064158	3.1258846903218442	2.638336128001657
2.0	13.187104132102563	10.0	0.5	-6.66472746444321	5.431388540429343	0.5651387585116386	3.1258846903218442	2.6674597481640903
2.0	13.187104132102563	10.0	0.5	-6.66472746444321	5.431388540429343	0.5651387585116386	3.1258846903218442	2.6674597481640903
2.0	13.198416727016633	10.0	0.5	-6.657141840050627	5.428345263559538	0.589536239557546	3.1258846903218442	2.6391059373794405
2.0	13.198416727016633	10.0	0.5	-6.657141840050627	5.428345263559538	0.589536239557546	3.1258846903218442	2.6391059373794405
2.0	13.201483057105271	10.0	0.5	-6.642153088677002	5.425439755806621	0.5897381173175865	3.1258846903218442	2.631740665170765
2.0	13.201483057105271	10.0	0.5	-6.642153088677002	5.425439755806621	0.5897381173175865	3.1258846903218442	2.631740665170765
2.0	13.213748377459824	10.0	0.5	-6.582198083182505	5.41381772479495	0.5905456283577487	3.1258846903218442	2.6022795763360627
2.0	13.213748377459824	10.0	0.5	-6.582198083182505	5.41381772479495	0.5905456283577487	3.1258846903218442	2.6022795763360627
2.0	13.201802618828788	10.0	0.5	-6.640591015748171	5.425136954399605	0.5897591562804748	3.1258846903218442	2.6309730833993514
2.0	13.201802618828788	10.0	0.5	-6.640591015748171	5.425136954399605	0.5897591562804748	3.1258846903218442	2.6309730833993514
2.0	13.201757576685653	10.0	0.5	-6.642038175795874	5.425209388872074	0.5896926655912345	3.1258846903218442	2.631269627301949
2.0	13.201757576685653	10.0	0.5	-6.642038175795874	5.425209388872074	0.5896926655912345	3.1258846903218442	2.631269627301949
2.0	13.201577408113113	10.0	0.5	-6.647826815986685	5.425499126761948	0.589426702834273	3.1258846903218442	2.6324558029123404
2.0	13.201577408113113	10.0	0.5	-6.647826815986685	5.425499126761948	0.589426702834273	3.1258846903218442	2.6324558029123404
2.0	13.200676565250419	10.0	0.5	-6.676770016940739	5.426947816211319	0.5880968890494658	3.1258846903218442	2.638386680964297
2.0	13.200676565250419	10.0	0.5	-6.676770016940739	5.426947816211319	0.5880968890494658	3.1258846903218442	2.638386680964297
2.0	13.201557794806392	10.0	0.5	-6.64845697236725	5.425530667879374	0.5893977498983904	3.1258846903218442	2.6325849310157845
2.0	13.201557794806392	10.0	0.5	-6.64845697236725	5.425530667879374	0.5893977498983904	3.1258846903218442	2.6325849310157845
2.0	13.201547745310295	10.0	0.5	-6.648473587544535	5.425575814925227	0.5894842482300983	3.1258846903218442	2.6321294377197653
2.0	13.201547745310295	10.0	0.5	-6.648473587544535	5.425575814925227	0.5894842482300983	3.1258846903218442	2.6321294377197653
2.0	13.201507547325905	10.0	0.5	-6.648540048253672	5.4257564031086405	0.5898302415569298	3.1258846903218442	2.6303074645356888
2.0	13.201507547325905	10.0	0.5	-6.648540048253672	5.4257564031086405	0.5898302415569298	3.1258846903218442	2.6303074645356888
2.0	13.201306557403953	10.0	0.5	-6.64887235179936	5.426659344025705	0.5915602081910872	3.1258846903218442	2.6211975986153067
2.0	13.201306557403953	10.0	0.5	-6.64887235179936	5.426659344025705	0.5915602081910872	3.1258846903218442	2.6211975986153067
2.0	13.200301607794197	10.0	0.5	-6.650533869527799	5.431174048611025	0.6002100413618743	3.1258846903218442	2.5756482690133953
2.0	13.200301607794197	10.0	0.5	-6.650533869527799	5.431174048611025	0.6002100413618743	3.1258846903218442	2.5756482690133953
2.0	13.195276859745416	10.0	0.5	-6.658841458169996	5.453747571537629	0.6434592072158095	3.1258846903218442	2.347901621003839
2.0	13.195276859745416	10.0	0.5	-6.658841458169996	5.453747571537629	0.6434592072158095	3.1258846903218442	2.347901621003839
2.0	13.17015311950151	10.0	0.5	-6.700379401380979	5.5666151861706465	0.8597050364854859	3.1258846903218442	1.2091683809560556
2.0	13.17015311950151	10.0	0.5	-6.700379401380979	5.5666151861706465	0.8597050364854859	3.1258846903218442	1.2091683809560556
2.0	13.195239968716562	10.0	0.5	-6.658902451375891	5.453913303327074	0.6437767368133065	3.1258846903218442	2.3462295355417053
2.0	13.195239968716562	10.0	0.5	-6.658902451375891	5.453913303327074	0.6437767368133065	3.1258846903218442	2.3462295355417053
2.0	13.188739033919537	10.0	0.5	-6.744760246394066	5.476254922143172	0.7158591672498497	3.1258846903218442	1.979026172227538
2.0	13.188739033919537	10.0	0.5	-6.744760246394066	5.476254922143172	0.7158591672498497	3.1258846903218442	1.979026172227538
2.0	13.1944813900377	10.0	0.5	-6.668920994054512	5.456520293892941	0.6521878648367366	3.1258846903218442	2.303381445087977
2.0	13.1944813900377	10.0	0.5	-6.668920994054512	5.456520293892941	0.6521878648367366	3.1258846903218442	2.303381445087977
2.0	13.183179038099683	10.0	0.5	-6.855619830705332	5.472759873076855	0.7125730586089668	3.1258846903218442	2.031118611058948
2.0	13.183179038099683	10.0	0.5	-6.855619830705332	5.472759873076855	0.7125730586089668	3.1258846903218442	2.031118611058948
2.0	13.188940681102151	10.0	0.5	-6.760445653537824	5.464481360933439	0.6817902683491576	3.1258846903218442	2.169911073116279
2.0	13.188940681102151	10.0	0.5	-6.760445653537824	5.464481360933439	0.6817902683491576	3.1258846903218442	2.169911073116279
2.0	13.181313051437607	10.0	0.5	-6.919956885820988	5.467722212479111	0.7066481846310267	3.1258846903218442	2.082933858266969
2.0	13.181313051437607	10.0	0.5	-6.919956885820988	5.467722212479111	0.7066481846310267	3.1258846903218442	2.082933858266969
2.0	13.150802532779432	10.0	0.5	-7.558001814953644	5.480685618661801	0.8060798497585034	3.1258846903218442	1.7350249988697304
2.0	13.150802532779432	10.0	0.5	-7.558001814953644	5.480685618661801	0.8060798497585034	3.1258846903218442	1.7350249988697304
2.0	13.178849005563292	10.0	0.5	-6.971485736997559	5.46876914412519	0.7146783393123864	3.1258846903218442	2.05483655191699
2.0	13.178849005563292	10.0	0.5	-6.971485736997559	5.46876914412519	0.7146783393123864	3.1258846903218442	2.05483655191699
2.0	13.177420567135487	10.0	0.5	-6.998149347970359	5.476617435888796	0.7330617390691204	3.1258846903218442	1.9785198718299526
2.0	13.177420567135487	10.0	0.5	-6.998149347970359	5.476617435888796	0.7330617390691204	3.1258846903218442	1.9785198718299526
2.0	13.17170681342427	10.0	0.5	-7.104803791861559	5.508010602943221	0.8065953380960563	3.1258846903218442	1.673253151481802
2.0	13.17170681342427	10.0	0.5	-7.104803791861559	5.508010602943221	0.8065953380960563	3.1258846903218442	1.673253151481802
2.0	13.17700146790946	10.0	0.5	-7.005972365402754	5.478920099370642	0.7384553692458556	3.1258846903218442	1.9561288041192637
2.0	13.17700146790946	10.0	0.5	-7.005972365402754	5.478920099370642	0.7384553692458556	3.1258846903218442	1.9561288041192637
2.0	13.172817065184896	10.0	0.5	-7.090979343447028	5.50783842505895	0.7904731152161413	3.1258846903218442	1.7810625728895277
2.0	13.172817065184896	10.0	0.5	-7.090979343447028	5.50783842505895	0.7904731152161413	3.1258846903218442	1.7810625728895277
2.0	13.156079454286642	10.0	0.5	-7.431007255624126	5.6235117278121844	0.998544099097284	3.1258846903218442	1.0807976479705839
2.0	13.156079454286642	10.0	0.5	-7.431007255624126	5.6235117278121844	0.998544099097284	3.1258846903218442	1.0807976479705839
2.0	13.172603355791512	10.0	0.5	-7.095320892506001	5.509315366512083	0.79312981001065	3.1258846903218442	1.7721214406561554
2.0	13.172603355791512	10.0	0.5	-7.095320892506001	5.509315366512083	0.79312981001065	3.1258846903218442	1.7721214406561554
2.0	13.165967115758937	10.0	0.5	-7.180222555201577	5.5258040065030265	0.8469024697746491	3.1258846903218442	1.5965278285705626
2.0	13.165967115758937	10.0	0.5	-7.180222555201577	5.5258040065030265	0.8469024697746491	3.1258846903218442	1.5965278285705626
2.0	13.169068336848579	10.0	0.5	-7.140546650531958	5.518098601359689	0.8217736459696535	3.1258846903218442	1.678585531476599
2.0	13.169068336848579	10.0	0.5	-7.140546650531958	5.518098601359689	0.8217736459696535	3.1258846903218442	1.678585531476599
2.0	13.155215568649082	10.0	0.5	-7.272183276754755	5.54322531679127	0.9193796704591767	3.1258846903218442	1.4241944799699746
2.0	13.155215568649082	10.0	0.5	-7.272183276754755	5.54322531679127	0.9193796704591767	3.1258846903218442	1.4241944799699746
2.0	13.16009571460854	10.0	0.5	-7.225809444440048	5.534373509194262	0.8849943664411187	3.1258846903218442	1.5138130633645643
2.0	13.16009571460854	10.0	0.5	-7.225809444440048	5.534373509194262	0.8849943664411187	3.1258846903218442	1.5138130633645643
2.0	13.154349795607718	10.0	0.5	-7.244725806254991	5.541091156673634	0.9125667301791265	3.1258846903218442	1.4817605331306831
2.0	13.154349795607718	10.0	0.5	-7.244725806254991	5.541091156673634	0.9125667301791265	3.1258846903218442	1.4817605331306831
2.0	13.155540690061654	10.0	0.5	-7.2408052166381065	5.539698862573152	0.9068521047114104	3.1258846903218442	1.488403714227514
2.0	13.155540690061654	10.0	0.5	-7.2408052166381065	5.539698862573152	0.9068521047114104	3.1258846903218442	1.488403714227514
2.0	13.134682630313772	10.0	0.5	-7.450834803669793	5.5874171542481506	1.0148824973004276	3.1258846903218442	1.2223225641082507
2.0	13.134682630313772	10.0	0.5	-7.450834803669793	5.5874171542481506	1.0148824973004276	3.1258846903218442	1.2223225641082507
2.0	13.148658239444208	10.0	0.5	-7.310107840104555	5.555444276574827	0.9424984616192104	3.1258846903218442	1.400605980494633
2.0	13.148658239444208	10.0	0.5	-7.310107840104555	5.555444276574827	0.9424984616192104	3.1258846903218442	1.400605980494633
2.0	13.03927965143918	10.0	0.5	-8.418697338300683	5.799375338028513	1.447806610110637	3.1258846903218442	0.19726547540433215
2.0	13.03927965143918	10.0	0.5	-8.418697338300683	5.799375338028513	1.447806610110637	3.1258846903218442	0.19726547540433215
2.0	13.148198622660823	10.0	0.5	-7.314766213818717	5.556469292639468	0.9446218032170828	3.1258846903218442	1.3955494561569763
2.0	13.148198622660823	10.0	0.5	-7.314766213818717	5.556469292639468	0.9446218032170828	3.1258846903218442	1.3955494561569763
2.0	13.11461757903873	10.0	0.5	-7.65512160674267	5.631360180928162	1.0997597994792914	3.1258846903218442	1.0261039300197097
2.0	13.11461757903873	10.0	0.5	-7.65512160674267	5.631360180928162	1.0997597994792914	3.1258846903218442	1.0261039300197097
2.0	13.145402946682033	10.0	0.5	-7.343101348573825	5.562704079734685	0.9575372913248595	3.1258846903218442	1.3647925209492244
2.0	13.145402946682033	10.0	0.5	-7.343101348573825	5.562704079734685	0.9575372913248595	3.1258846903218442	1.3647925209492244
2.0	13.108183336382439	10.0	0.5	-7.715050681769097	5.644534351726105	1.104095406393315	3.1258846903218442	1.026788445140596
2.0	13.108183336382439	10.0	0.5	-7.715050681769097	5.644534351726105	1.104095406393315	3.1258846903218442	1.026788445140596
2.0	13.140932021911174	10.0	0.5	-7.3877809535965975	5.572533763256562	0.9751422662763887	3.1258846903218442	1.3241905161721692
2.0	13.140932021911174	10.0	0.5	-7.3877809535965975	5.572533763256562	0.9751422662763887	3.1258846903218442	1.3241905161721692
2.0	13.10330281444336	10.0	0.5	-7.762542465640047	5.651911917147001	1.0999303991509264	3.1258846903218442	1.045826746494741
2.0	13.10330281444336	10.0	0.5	-7.762542465640047	5.651911917147001	1.0999303991509264	3.1258846903218442	1.045826746494741
2.0	13.133309268583245	10.0	0.5	-7.463698432473938	5.5886138278513515	1.0004212774266779	3.1258846903218442	1.267800852544563
2.0	13.133309268583245	10.0	0.5	-7.463698432473938	5.5886138278513515	1.0004212774266779	3.1258846903218442	1.267800852544563
2.0	13.09860072256763	10.0	0.5	-7.806907335753479	5.658079517837115	1.0924814860787113	3.1258846903218442	1.0710040294187773
2.0	13.09860072256763	10.0	0.5	-7.806907335753479	5.658079517837115	1.0924814860787113	3.1258846903218442	1.0710040294187773
2.0	13.117281885408582	10.0	0.5	-7.622182184554548	5.62069103530318	1.042931967403198	3.1258846903218442	1.176925882144639
2.0	13.117281885408582	10.0	0.5	-7.622182184554548	5.62069103530318	1.042931967403198	3.1258846903218442	1.176925882144639
2.0	13.08492352671166	10.0	0.5	-7.935409560742684	5.6803111266205715	1.1004892371700719	3.1258846903218442	1.0638605406377444
2.0	13.08492352671166	10.0	0.5	-7.935409560742684	5.6803111266205715	1.1004892371700719	3.1258846903218442	1.0638605406377444
2.0	12.955490091923977	10.0	0.5	-9.188319065495229	5.918791491890139	1.330718316237567	3.1258846903218442	0.6115991746101663
2.0	12.955490091923977	10.0	0.5	-9.188319065495229	5.918791491890139	1.330718316237567	3.1258846903218442	0.6115991746101663
2.0	13.081844719263048	10.0	0.5	-7.965212270699345	5.6859838117822115	1.1059656506229276	3.1258846903218442	1.0531026892005928
2.0	13.081844719263048	10.0	0.5	-7.965212270699345	5.6859838117822115	1.1059656506229276	3.1258846903218442	1.0531026892005928
2.0	12.93910378957597	10.0	0.5	-9.318536864313545	5.923504259486739	1.2926412917695957	3.1258846903218442	0.7166537226580958
2.0	12.93910378957597	10.0	0.5	-9.318536864313545	5.923504259486739	1.2926412917695957	3.1258846903218442	0.7166537226580958
2.0	13.069886043824436	10.0	0.5	-8.078592291507691	5.70588300923286	1.1216051270482368	3.1258846903218442	1.024915371089673
2.0	13.069886043824436	10.0	0.5	-8.078592291507691	5.70588300923286	1.1216051270482368	3.1258846903218442	1.024915371089673
2.0	13.004494916700203	10.0	0.5	-8.698564577910618	5.8146936343597995	1.2071232094089164	3.1258846903218442	0.8707845468738844
2.0	13.004494916700203	10.0	0.5	-8.698564577910618	5.8146936343597995	1.2071232094089164	3.1258846903218442	0.8707845468738844
2.0	13.001832559534986	10.0	0.5	-8.723806345892456	5.819123788116104	1.2106050224520837	3.1258846903218442	0.8645092107193004
2.0	13.001832559534986	10.0	0.5	-8.723806345892456	5.819123788116104	1.2106050224520837	3.1258846903218442	0.8645092107193004
2.0	12.552799479390575	10.0	0.5	-12.755196933024926	6.5551690949851205	1.685323653354471	3.1258846903218442	0.07437938387850962
2.0	12.552799479390575	10.0	0.5	-12.755196933024926	6.5551690949851205	1.685323653354471	3.1258846903218442	0.07437938387850962
2.0	12.77731601946278	10.0	0.5	-10.739501639458691	6.187146441550612	1.4479643379032774	3.1258846903218442	0.469444297298905
2.0	12.77731601946278	10.0	0.5	-10.739501639458691	6.187146441550612	1.4479643379032774	3.1258846903218442	0.469444297298905
2.0	12.977541218297956	10.0	0.5	-8.941892470817347	5.858941628951615	1.2362858748541308	3.1258846903218442	0.8217655597634024
2.0	12.977541218297956	10.0	0.5	-8.941892470817347	5.858941628951615	1.2362858748541308	3.1258846903218442	0.8217655597634024
2.0	12.997617058950684	10.0	0.5	-8.761652843460384	5.826033745440809	1.2150616577300553	3.1258846903218442	0.8570915105675649
2.0	12.997617058950684	10.0	0.5	-8.761652843460384	5.826033745440809	1.2150616577300553	3.1258846903218442	0.8570915105675649
2.0	13.000997006614766	10.0	0.5	-8.731307887152049	5.820493408379651	1.2114883705969592	3.1258846903218442	0.8630389509247273
2.0	13.000997006614766	10.0	0.5	-8.731307887152049	5.820493408379651	1.2114883705969592	3.1258846903218442	0.8630389509247273
2.0	12.999307032782726	10.0	0.5	-8.746480365306216	5.82326357691023	1.2132750141635071	3.1258846903218442	0.8600652307461462
2.0	12.999307032782726	10.0	0.5	-8.746480365306216	5.82326357691023	1.2132750141635071	3.1258846903218442	0.8600652307461462
2.0	13.00066074751437	10.0	0.5	-8.734326800083227	5.821044597019604	1.2118438643608422	3.1258846903218442	0.8624472610102911
2.0	13.00066074751437	10.0	0.5	-8.734326800083227	5.821044597019604	1.2118438643608422	3.1258846903218442	0.8624472610102911
2.0	12.999983890148547	10.0	0.5	-8.740403582694722	5.822154086964916	1.2125594392621748	3.1258846903218442	0.8612562458782186
2.0	12.999983890148547	10.0	0.5	-8.740403582694722	5.822154086964916	1.2125594392621748	3.1258846903218442	0.8612562458782186
2.0	13.000525874068016	10.0	0.5	-8.735537685352332	5.821265678653898	1.211986452826213	3.1258846903218442	0.8622099343242944
2.0	13.000525874068016	10.0	0.5	-8.735537685352332	5.821265678653898	1.211986452826213	3.1258846903218442	0.8622099343242944
2.0	13.000254882108282	10.0	0.5	-8.737970634023528	5.821709882809407	1.2122729460441939	3.1258846903218442	0.8617330901012565
2.0	13.000254882108282	10.0	0.5	-8.737970634023528	5.821709882809407	1.2122729460441939	3.1258846903218442	0.8617330901012565
2.0	13.00020108941698	10.0	0.5	-8.738453581403045	5.821798058624793	1.2123298157802929	3.1258846903218442	0.8616384351376395
2.0	13.00020108941698	10.0	0.5	-8.738453581403045	5.821798058624793	1.2123298157802929	3.1258846903218442	0.8616384351376395
2.0	13.000092489782762	10.0	0.5	-8.739428582048884	5.821976072794855	1.2124446275212337	3.1258846903218442	0.861447340507929
2.0	13.000092489782762	10.0	0.5	-8.739428582048884	5.821976072794855	1.2124446275212337	3.1258846903218442	0.861447340507929
2.0	13.00007096586302	10.0	0.5	-8.739621822438693	5.822011354338269	1.2124673826503396	3.1258846903218442	0.8614094664809799
2.0	13.00007096586302	10.0	0.5	-8.739621822438693	5.822011354338269	1.2124673826503396	3.1258846903218442	0.8614094664809799
2.0	13.000027428005785	10.0	0.5	-8.740012702566707	5.822082720651593	1.2125134109562572	3.1258846903218442	0.8613328561795993
2.0	13.000027428005785	10.0	0.5	-8.740012702566707	5.822082720651593	1.2125134109562572	3.1258846903218442	0.8613328561795993
2.0	13.000018804506611	10.0	0.5	-8.740090123796747	5.822096856104804	1.2125225277360712	3.1258846903218442	0.8613176820549981
2.0	13.000018804506611	10.0	0.5	-8.740090123796747	5.822096856104804	1.2125225277360712	3.1258846903218442	0.8613176820549981
2.0	13.00000134732758	10.0	0.5	-8.740246853245734	5.822125471534861	1.212540983499123	3.1258846903218442	0.8612869639666084
2.0	13.00000134732758	10.0	0.5	-8.740246853245734	5.822125471534861	1.212540983499123	3.1258846903218442	0.8612869639666084
2.0	12.99999789043874	10.0	0.5	-8.740277888975054	5.8221311379922325	1.2125446381286145	3.1258846903218442	0.8612808811386354
2.0	12.99999789043874	10.0	0.5	-8.740277888975054	5.8221311379922325	1.2125446381286145	3.1258846903218442	0.8612808811386354
2.0395395413641886	12.961994607858555	10.0	0.5	-9.141348045268167	5.897061420153079	1.2354202742260545	3.1258846903218442	0.8419442740198836
2.0395395413641886	12.961994607858555	10.0	0.5	-9.141348045268167	5.897061420153079	1.2354202742260545	3.1258846903218442	0.8419442740198836
2.0366510613491684	12.96477085964223	10.0	0.5	-9.112048688444494	5.891587542230523	1.233749141597334	3.1258846903218442	0.8433568701526096
2.0366510613491684	12.96477085964223	10.0	0.5	-9.112048688444494	5.891587542230523	1.233749141597334	3.1258846903218442	0.8433568701526096
2.0996155813517827	12.903046694109817	10.0	0.5	-9.789567499896332	5.97076070319397	1.297712498536342	3.1258846903218442	0.756896450943478
2.0996155813517827	12.903046694109817	10.0	0.5	-9.789567499896332	5.97076070319397	1.297712498536342	3.1258846903218442	0.756896450943478
2.3514736613622405	12.65615003198016	10.0	0.5	-12.499642745703689	6.287453347047759	1.5535659262923733	3.1258846903218442	0.41105477410695157
2.3514736613622405	12.65615003198016	10.0	0.5	-12.499642745703689	6.287453347047759	1.5535659262923733	3.1258846903218442	0.41105477410695157
2.2060522153936395	12.798706783029104	10.0	0.5	-10.934860464695856	6.104596786738378	1.4058375888939458	3.1258846903218442	0.6107418229389169
2.2060522153936395	12.798706783029104	10.0	0.5	-10.934860464695856	6.104596786738378	1.4058375888939458	3.1258846903218442	0.6107418229389169
2.239667182976949	12.766246853866123	10.0	0.5	-11.199146126660054	6.1228422795939235	1.4179530411185368	3.1258846903218442	0.6450386057981249
2.239667182976949	12.766246853866123	10.0	0.5	-11.199146126660054	6.1228422795939235	1.4179530411185368	3.1258846903218442	0.6450386057981249
2.3741270533101875	12.636407137214201	10.0	0.5	-12.256288774516843	6.195824251016102	1.4664148500169008	3.1258846903218442	0.7822257372349569
2.3741270533101875	12.636407137214201	10.0	0.5	-12.256288774516843	6.195824251016102	1.4664148500169008	3.1258846903218442	0.7822257372349569
2.252655981581278	12.753704361252861	10.0	0.5	-11.301265910912623	6.129892324534471	1.4226344428945634	3.1258846903218442	0.6582908573206233
2.252655981581278	12.753704361252861	10.0	0.5	-11.301265910912623	6.129892324534471	1.4226344428945634	3.1258846903218442	0.6582908573206233
2.3009014171167075	12.707016467773501	10.0	0.5	-11.749719308940694	6.175298746888618	1.4752793715699613	3.1258846903218442	0.6061605854602324
2.3009014171167075	12.707016467773501	10.0	0.5	-11.749719308940694	6.175298746888618	1.4752793715699613	3.1258846903218442	0.6061605854602324
2.493883159258426	12.520264893856059	10.0	0.5	-13.54353290105298	6.356924436305208	1.6858590862715523	3.1258846903218442	0.3976394980186689
2.493883159258426	12.520264893856059	10.0	0.5	-13.54353290105298	6.356924436305208	1.6858590862715523	3.1258846903218442	0.3976394980186689
3.4587918699670173	11.58650702426885	10.0	0.5	-22.512600861614416	7.265052883388158	2.738757659779508	3.1258846903218442	-0.644965939189149
3.4587918699670173	11.58650702426885	10.0	0.5	-22.512600861614416	7.265052883388158	2.738757659779508	3.1258846903218442	-0.644965939189149
2.497152799394935	12.517100809861065	10.0	0.5	-13.573925024437788	6.3600016737544465	1.6894268843413685	3.1258846903218442	0.3941065787422599
2.497152799394935	12.517100809861065	10.0	0.5	-13.573925024437788	6.3600016737544465	1.6894268843413685	3.1258846903218442	0.3941065787422599
3.231017850741652	11.8020507148244	10.0	0.5	-20.41920843133501	7.146683291729978	2.429971701987826	3.1258846903218442	-0.3650101091053873
3.231017850741652	11.8020507148244	10.0	0.5	-20.41920843133501	7.146683291729978	2.429971701987826	3.1258846903218442	-0.3650101091053873
2.503117369544188	12.511289160370126	10.0	0.5	-13.629560829681589	6.366395516446549	1.6954457450370952	3.1258846903218442	0.3879367730977111
2.503117369544188	12.511289160370126	10.0	0.5	-13.629560829681589	6.366395516446549	1.6954457450370952	3.1258846903218442	0.3879367730977111
2.8965363965170132	12.127956676952488	10.0	0.5	-17.299261045481053	6.788129071019541	2.0924457398639245	3.1258846903218442	-0.019019448817749196
2.8965363965170132	12.127956676952488	10.0	0.5	-17.299261045481053	6.788129071019541	2.0924457398639245	3.1258846903218442	-0.019019448817749196
2.513803052239867	12.500877439014742	10.0	0.5	-13.729233823120731	6.377850252077826	1.7062286906601054	3.1258846903218442	0.3768834056693961
2.513803052239867	12.500877439014742	10.0	0.5	-13.729233823120731	6.377850252077826	1.7062286906601054	3.1258846903218442	0.3768834056693961
2.786600890689442	12.235073637687506	10.0	0.5	-16.273814074693522	6.670281462063801	1.9815095820968391	3.1258846903218442	0.09469883890767827
2.786600890689442	12.235073637687506	10.0	0.5	-16.273814074693522	6.670281462063801	1.9815095820968391	3.1258846903218442	0.09469883890767827
2.6502019714646545	12.367975538351123	10.0	0.5	-15.001523948907128	6.524065857070813	1.8438691363784723	3.1258846903218442	0.23579112228853719
2.6502019714646545	12.367975538351123	10.0	0.5	-15.001523948907128	6.524065857070813	1.8438691363784723	3.1258846903218442	0.23579112228853719
2.5602181942437934	12.455652296272023	10.0	0.5	-14.162180998906253	6.427605910755408	1.7530663112938383	3.1258846903218442	0.32887116036715675
2.5602181942437934	12.455652296272023	10.0	0.5	-14.162180998906253	6.427605910755408	1.7530663112938383	3.1258846903218442	0.32887116036715675
2.700728296932817	12.318203036195563	10.0	0.5	-15.67838765990616	6.594280336184103	1.8876479130879533	3.1258846903218442	0.16582617267010769
2.700728296932817	12.318203036195563	10.0	0.5	-15.67838765990616	6.594280336184103	1.8876479130879533	3.1258846903218442	0.16582617267010769
2.5919747434518094	12.424587525072731	10.0	0.5	-14.50485736536034	6.465275832643933	1.7834829658836318	3.1258846903218442	0.29202152410732796
2.5919747434518094	12.424587525072731	10.0	0.5	-14.50485736536034	6.465275832643933	1.7834829658836318	3.1258846903218442	0.29202152410732796
2.6365942456126095	12.380171985759844	10.0	0.5	-15.152981933062305	6.537655218582441	1.8165610086297825	3.1258846903218442	0.22734768955872398
2.6365942456126095	12.380171985759844	10.0	0.5	-15.152981933062305	6.537655218582441	1.8165610086297825	3.1258846903218442	0.22734768955872398
2.8150722542558086	12.202509828508301	10.0	0.5	-17.745480203870162	6.827172762336476	1.9488731796143857	3.1258846903218442	-0.031347648635691894
2.8150722542558086	12.202509828508301	10.0	0.5	-17.745480203870162	6.827172762336476	1.9488731796143857	3.1258846903218442	-0.031347648635691894
2.637596696854918	12.379174116881758	10.0	0.5	-15.167543128203437	6.5392813417312405	1.8173041618125436	3.1258846903218442	0.2258946844231116
2.637596696854918	12.379174116881758	10.0	0.5	-15.167543128203437	6.5392813417312405	1.8173041618125436	3.1258846903218442	0.2258946844231116
2.645438578044373	12.370992777197475	10.0	0.5	-15.292539921395734	6.565756343685932	1.8314034500168632	3.1258846903218442	0.1852890713094592
2.645438578044373	12.370992777197475	10.0	0.5	-15.292539921395734	6.565756343685932	1.8314034500168632	3.1258846903218442	0.1852890713094592
2.676806102802194	12.338267418460346	10.0	0.5	-15.792527094164923	6.671656351504697	1.8878006028341419	3.1258846903218442	0.022866618854849585
2.676806102802194	12.338267418460346	10.0	0.5	-15.792527094164923	6.671656351504697	1.8878006028341419	3.1258846903218442	0.022866618854849585
2.6479984727093697	12.368322070092338	10.0	0.5	-15.333343730622646	6.574398812836156	1.836006005421939	3.1258846903218442	0.17203382172491713
2.6479984727093697	12.368322070092338	10.0	0.5	-15.333343730622646	6.574398812836156	1.836006005421939	3.1258846903218442	0.17203382172491713
2.6753274187908325	12.341374147737472	10.0	0.5	-15.676258555155203	6.6126293967849685	1.861456417037485	3.1258846903218442	0.12959499304327798
2.6753274187908325	12.341374147737472	10.0	0.5	-15.676258555155203	6.6126293967849685	1.861456417037485	3.1258846903218442	0.12959499304327798
2.6665568041481413	12.350022481328207	10.0	0.5	-15.566207703860897	6.600360145040661	1.8532886760601177	3.1258846903218442	0.1432147869110818
2.6665568041481413	12.350022481328207	10.0	0.5	-15.566207703860897	6.600360145040661	1.8532886760601177	3.1258846903218442	0.1432147869110818
2.6853994873690623	12.331016668377613	10.0	0.5	-15.898669799101278	6.634244272413445	1.8611500460490356	3.1258846903218442	0.11167170021178038
2.6853994873690623	12.331016668377613	10.0	0.5	-15.898669799101278	6.634244272413445	1.8611500460490356	3.1258846903218442	0.11167170021178038
2.7607702202527458	12.254993416575234	10.0	0.5	-17.2285181800628	6.769780781904583	1.8925955260047067	3.1258846903218442	-0.014500646585425297
2.7607702202527458	12.254993416575234	10.0	0.5	-17.2285181800628	6.769780781904583	1.8925955260047067	3.1258846903218442	-0.014500646585425297
2.6857429442591716	12.330670238024064	10.0	0.5	-15.904729785143168	6.634861898728927	1.861293339955574	3.1258846903218442	0.11109674544895934
2.6857429442591716	12.330670238024064	10.0	0.5	-15.904729785143168	6.634861898728927	1.861293339955574	3.1258846903218442	0.11109674544895934
2.690606633604287	12.325759698700294	10.0	0.5	-15.986473445364014	6.642933127697096	1.8634223179650697	3.1258846903218442	0.1002627179196289
2.690606633604287	12.325759698700294	10.0	0.5	-15.986473445364014	6.642933127697096	1.8634223179650697	3.1258846903218442	0.1002627179196289
2.710061390984748	12.306117541405209	10.0	0.5	-16.3134480862474	6.675218043569773	1.8719382300030527	3.1258846903218442	0.056926607802307155
2.710061390984748	12.306117541405209	10.0	0.5	-16.3134480862474	6.675218043569773	1.8719382300030527	3.1258846903218442	0.056926607802307155
2.7097292927885643	12.306452838570797	10.0	0.5	-16.307866536896174	6.674666930949061	1.871792860982439	3.1258846903218442	0.05766636742604017
2.7097292927885643	12.306452838570797	10.0	0.5	-16.307866536896174	6.674666930949061	1.871792860982439	3.1258846903218442	0.05766636742604017
2.743639304248083	12.272888285470035	10.0	0.5	-16.81892854438613	6.714188154359558	1.885617968341087	3.1258846903218442	0.015242291682906556
2.743639304248083	12.272888285470035	10.0	0.5	-16.81892854438613	6.714188154359558	1.885617968341087	3.1258846903218442	0.015242291682906556
2.732861385229341	12.283556404401583	10.0	0.5	-16.65649318405433	6.701626774191685	1.8812238121281113	3.1258846903218442	0.02872631109558992
2.732861385229341	12.283556404401583	10.0	0.5	-16.65649318405433	6.701626774191685	1.8812238121281113	3.1258846903218442	0.02872631109558992
2.7826755926952607	12.234533030578506	10.0	0.5	-17.477592510811064	6.731652865677078	1.8705643468465898	3.1258846903218442	0.007264302666968765
2.7826755926952607	12.234533030578506	10.0	0.5	-17.477592510811064	6.731652865677078	1.8705643468465898	3.1258846903218442	0.007264302666968765
2.777923003952797	12.239210168816799	10.0	0.5	-17.399254470013005	6.728788187673895	1.8715813268865171	3.1258846903218442	0.009311913275213371
2.777923003952797	12.239210168816799	10.0	0.5	-17.399254470013005	6.728788187673895	1.8715813268865171	3.1258846903218442	0.009311913275213371
2.7707834457642475	12.246760346129385	10.0	0.5	-17.278173528650623	6.692535149141739	1.8491776709286616	3.1258846903218442	0.053504185806672724
2.7707834457642475	12.246760346129385	10.0	0.5	-17.278173528650623	6.692535149141739	1.8491776709286616	3.1258846903218442	0.053504185806672724
2.7720038430735277	12.245469759816686	10.0	0.5	-17.2988704473032	6.6987320466961044	1.8530072302272826	3.1258846903218442	0.04595019870213926
2.7720038430735277	12.245469759816686	10.0	0.5	-17.2988704473032	6.6987320466961044	1.8530072302272826	3.1258846903218442	0.04595019870213926
2.7903969823661114	12.227596046865362	10.0	0.5	-17.544508774524864	6.701505319658356	1.8505475949253105	3.1258846903218442	0.03963231134281611
2.7903969823661114	12.227596046865362	10.0	0.5	-17.544508774524864	6.701505319658356	1.8505475949253105	3.1258846903218442	0.03963231134281611
2.863969539536446	12.156101195060067	10.0	0.5	-18.527062083411515	6.7125984115073605	1.8407090537174224	3.1258846903218442	0.014360761905523517
2.863969539536446	12.156101195060067	10.0	0.5	-18.527062083411515	6.7125984115073605	1.8407090537174224	3.1258846903218442	0.014360761905523517
2.7941291853627557	12.223969242110776	10.0	0.5	-17.59435192997343	6.70206805218028	1.8500485034924319	3.1258846903218442	0.03835033126536215
2.7941291853627557	12.223969242110776	10.0	0.5	-17.59435192997343	6.70206805218028	1.8500485034924319	3.1258846903218442	0.03835033126536215
2.798392005816899	12.21987684277681	10.0	0.5	-17.61504705640378	6.7005261969799	1.8499512789995347	3.1258846903218442	0.0404046063915917
2.798392005816899	12.21987684277681	10.0	0.5	-17.61504705640378	6.7005261969799	1.8499512789995347	3.1258846903218442	0.0404046063915917
2.8154432876334736	12.20350724544094	10.0	0.5	-17.697827562125187	6.69435877617838	1.849562381027946	3.1258846903218442	0.048621706896509895
2.8154432876334736	12.20350724544094	10.0	0.5	-17.697827562125187	6.69435877617838	1.849562381027946	3.1258846903218442	0.048621706896509895
2.900699696716345	12.121659258761596	10.0	0.5	-18.11173009073222	6.663521672170777	1.847617891170003	3.1258846903218442	0.08970720942110087
2.900699696716345	12.121659258761596	10.0	0.5	-18.11173009073222	6.663521672170777	1.847617891170003	3.1258846903218442	0.08970720942110087
2.81970199934568	12.199418790587616	10.0	0.5	-17.71850274144898	6.6928184071032515	1.8494652502453883	3.1258846903218442	0.05067400199884398
2.81970199934568	12.199418790587616	10.0	0.5	-17.71850274144898	6.6928184071032515	1.8494652502453883	3.1258846903218442	0.05067400199884398
2.818652017810857	12.200510886311914	10.0	0.5	-17.588404370497503	6.686246933893957	1.8501171884614644	3.1258846903218442	0.05818363969074146
2.818652017810857	12.200510886311914	10.0	0.5	-17.588404370497503	6.686246933893957	1.8501171884614644	3.1258846903218442	0.05818363969074146
2.814452091671563	12.204879269209101	10.0	0.5	-17.068010886691592	6.659961041056779	1.8527249413257694	3.1258846903218442	0.08822219045833138
2.814452091671563	12.204879269209101	10.0	0.5	-17.068010886691592	6.659961041056779	1.8527249413257694	3.1258846903218442	0.08822219045833138
2.8165352099856706	12.202712598150049	10.0	0.5	-17.326120472599886	6.672998561945423	1.8514315238774295	3.1258846903218442	0.0733233914895119
2.8165352099856706	12.202712598150049	10.0	0.5	-17.326120472599886	6.672998561945423	1.8514315238774295	3.1258846903218442	0.0733233914895119
2.8127283551311084	12.206127734783006	10.0	0.5	-17.244289902278414	6.677987323285274	1.8528051112236907	3.1258846903218442	0.0651729940327017
2.8127283551311084	12.206127734783006	10.0	0.5	-17.244289902278414	6.677987323285274	1.8528051112236907	3.1258846903218442	0.0651729940327017
2.7975009357128586	12.21978828131484	10.0	0.5	-16.91696762099253	6.697942368644676	1.8582994606087362	3.1258846903218442	0.03257140420546088
2.7975009357128586	12.21978828131484	10.0	0.5	-16.91696762099253	6.697942368644676	1.8582994606087362	3.1258846903218442	0.03257140420546088
2.808914353057131	12.209549283199912	10.0	0.5	-17.16230569829786	6.682985450827216	1.8541812774258644	3.1258846903218442	0.057007294527044186
2.808914353057131	12.209549283199912	10.0	0.5	-17.16230569829786	6.682985450827216	1.8541812774258644	3.1258846903218442	0.057007294527044186
2.819734124271502	12.19862585179896	10.0	0.5	-17.23982501955541	6.693543704979395	1.85481328230348	3.1258846903218442	0.044583880359557404
2.819734124271502	12.19862585179896	10.0	0.5	-17.23982501955541	6.693543704979395	1.85481328230348	3.1258846903218442	0.044583880359557404
2.863013209128985	12.154932126195154	10.0	0.5	-17.549902304585622	6.73577672158811	1.857341301813942	3.1258846903218442	-0.005109776310389724
2.863013209128985	12.154932126195154	10.0	0.5	-17.549902304585622	6.73577672158811	1.857341301813942	3.1258846903218442	-0.005109776310389724
2.8364865923323515	12.181712884599039	10.0	0.5	-17.359849734286996	6.709891260945068	1.8557918280894106	3.1258846903218442	0.02534845985721826
2.8364865923323515	12.181712884599039	10.0	0.5	-17.359849734286996	6.709891260945068	1.8557918280894106	3.1258846903218442	0.02534845985721826
2.863364893046355	12.154421050424006	10.0	0.5	-17.708355186256142	6.741688662348664	1.850693157593569	3.1258846903218442	-0.008825792158925691
2.863364893046355	12.154421050424006	10.0	0.5	-17.708355186256142	6.741688662348664	1.850693157593569	3.1258846903218442	-0.008825792158925691
2.9708780959023695	12.045253713723872	10.0	0.5	-19.102376994132726	6.868878267963049	1.830298475610203	3.1258846903218442	-0.14552280022350148
2.9708780959023695	12.045253713723872	10.0	0.5	-19.102376994132726	6.868878267963049	1.830298475610203	3.1258846903218442	-0.14552280022350148
2.8643390299963003	12.153431925985501	10.0	0.5	-17.72098589686664	6.7428410798303	1.8505083690022648	3.1258846903218442	-0.01006435266094137
2.8643390299963003	12.153431925985501	10.0	0.5	-17.72098589686664	6.7428410798303	1.8505083690022648	3.1258846903218442	-0.01006435266094137
2.8698870955430413	12.147684796317888	10.0	0.5	-17.77504581089742	6.747461158265931	1.844753430630487	3.1258846903218442	-0.01452069133117724
2.8698870955430413	12.147684796317888	10.0	0.5	-17.77504581089742	6.747461158265931	1.844753430630487	3.1258846903218442	-0.01452069133117724
2.8920793577300055	12.124696277647434	10.0	0.5	-17.99128546702054	6.765941472008457	1.821733677143375	3.1258846903218442	-0.032346046012120724
2.8920793577300055	12.124696277647434	10.0	0.5	-17.99128546702054	6.765941472008457	1.821733677143375	3.1258846903218442	-0.032346046012120724
2.87092747265237	12.146607090566189	10.0	0.5	-17.785183163568558	6.7483275185868825	1.8436742605851522	3.1258846903218442	-0.015356347057460773
2.87092747265237	12.146607090566189	10.0	0.5	-17.785183163568558	6.7483275185868825	1.8436742605851522	3.1258846903218442	-0.015356347057460773
2.8843832376204683	12.132711790063366	10.0	0.5	-17.88053587906089	6.76598134852587	1.8410162361639095	3.1258846903218442	-0.03585930573343685
2.8843832376204683	12.132711790063366	10.0	0.5	-17.88053587906089	6.76598134852587	1.8410162361639095	3.1258846903218442	-0.03585930573343685
2.938206297492861	12.077130588052075	10.0	0.5	-18.26194674103021	6.836596668281824	1.8303841384789385	3.1258846903218442	-0.11787114043734115
2.938206297492861	12.077130588052075	10.0	0.5	-18.26194674103021	6.836596668281824	1.8303841384789385	3.1258846903218442	-0.11787114043734115
2.8859609228489056	12.13108256939847	10.0	0.5	-17.891715962176214	6.768051255869386	1.8407045834354199	3.1258846903218442	-0.03826327274081549
2.8859609228489056	12.13108256939847	10.0	0.5	-17.891715962176214	6.768051255869386	1.8407045834354199	3.1258846903218442	-0.03826327274081549
2.893456748616921	12.123354943048627	10.0	0.5	-17.941595432672184	6.776300430774122	1.8377957424221538	3.1258846903218442	-0.04751034856436019
2.893456748616921	12.123354943048627	10.0	0.5	-17.941595432672184	6.776300430774122	1.8377957424221538	3.1258846903218442	-0.04751034856436019
2.9234400516889822	12.092444437649247	10.0	0.5	-18.141113314656064	6.809297130393065	1.8261603783690892	3.1258846903218442	-0.08449865185853898
2.9234400516889822	12.092444437649247	10.0	0.5	-18.141113314656064	6.809297130393065	1.8261603783690892	3.1258846903218442	-0.08449865185853898
2.899587793305116	12.11703430220786	10.0	0.5	-17.982393240958928	6.78304766070541	1.8354165203330695	3.1258846903218442	-0.05507378945318089
2.899587793305116	12.11703430220786	10.0	0.5	-17.982393240958928	6.78304766070541	1.8354165203330695	3.1258846903218442	-0.05507378945318089
2.9003348732649976	12.116301316738623	10.0	0.5	-17.984682320369412	6.782202878824257	1.8342824920625898	3.1258846903218442	-0.05382314815269657
2.9003348732649976	12.116301316738623	10.0	0.5	-17.984682320369412	6.782202878824257	1.8342824920625898	3.1258846903218442	-0.05382314815269657
2.9002206441650555	12.116413390780115	10.0	0.5	-17.98433231836856	6.782332046623038	1.8344558858565643	3.1258846903218442	-0.05401437216856726
2.9002206441650555	12.116413390780115	10.0	0.5	-17.98433231836856	6.782332046623038	1.8344558858565643	3.1258846903218442	-0.05401437216856726
2.902367614505825	12.114245587550442	10.0	0.5	-18.002343101000065	6.783828565652174	1.8336712811725382	3.1258846903218442	-0.05556327479104632
2.902367614505825	12.114245587550442	10.0	0.5	-18.002343101000065	6.783828565652174	1.8336712811725382	3.1258846903218442	-0.05556327479104632
2.910955495868902	12.105574374631749	10.0	0.5	-18.0743862315261	6.789814641768717	1.8305328624364334	3.1258846903218442	-0.061758885280962565
2.910955495868902	12.105574374631749	10.0	0.5	-18.0743862315261	6.789814641768717	1.8305328624364334	3.1258846903218442	-0.061758885280962565
2.9058680306793905	12.11071120547624	10.0	0.5	-18.031707845181543	6.78626848730091	1.8323920632561712	3.1258846903218442	-0.05808860254618494
2.9058680306793905	12.11071120547624	10.0	0.5	-18.031707845181543	6.78626848730091	1.8323920632561712	3.1258846903218442	-0.05808860254618494
2.9061121709606224	12.110477010964795	10.0	0.5	-18.032936884561437	6.786099644437375	1.832310308133022	3.1258846903218442	-0.05794789027008843
2.9061121709606224	12.110477010964795	10.0	0.5	-18.032936884561437	6.786099644437375	1.832310308133022	3.1258846903218442	-0.05794789027008843
2.9070887320855507	12.109540232919011	10.0	0.5	-18.037853042081007	6.785424272983235	1.8319832876404252	3.1258846903218442	-0.0573850411657024
2.9070887320855507	12.109540232919011	10.0	0.5	-18.037853042081007	6.785424272983235	1.8319832876404252	3.1258846903218442	-0.0573850411657024
2.9062262922480175	12.110367538742464	10.0	0.5	-18.033511388512956	6.786020720284192	1.8322720923996008	3.1258846903218442	-0.05788211551952534
2.9062262922480175	12.110367538742464	10.0	0.5	-18.033511388512956	6.786020720284192	1.8322720923996008	3.1258846903218442	-0.05788211551952534
2.906479397797856	12.110116864905688	10.0	0.5	-18.037071913637178	6.786153940727308	1.8321934575993084	3.1258846903218442	-0.05801875658200651
2.906479397797856	12.110116864905688	10.0	0.5	-18.037071913637178	6.786153940727308	1.8321934575993084	3.1258846903218442	-0.05801875658200651
2.90749181999721	12.109114169558582	10.0	0.5	-18.051314014134064	6.786686822499773	1.8318789183981385	3.1258846903218442	-0.05856532083193121
2.90749181999721	12.109114169558582	10.0	0.5	-18.051314014134064	6.786686822499773	1.8318789183981385	3.1258846903218442	-0.05856532083193121
2.906802465012839	12.109796901560877	10.0	0.5	-18.041616614203768	6.786323985033187	1.8320930871177152	3.1258846903218442	-0.05819316701092139
2.906802465012839	12.109796901560877	10.0	0.5	-18.041616614203768	6.786323985033187	1.8320930871177152	3.1258846903218442	-0.05819316701092139
2.906737363364257	12.109862080039008	10.0	0.5	-18.041886415912234	6.786317036828426	1.8321043566452204	3.1258846903218442	-0.05819054420429902
2.906737363364257	12.109862080039008	10.0	0.5	-18.041886415912234	6.786317036828426	1.8321043566452204	3.1258846903218442	-0.05819054420429902
2.906476956769929	12.110122793951534	10.0	0.5	-18.042965622746106	6.786289244009383	1.8321494347552412	3.1258846903218442	-0.05818005297780951
2.906476956769929	12.110122793951534	10.0	0.5	-18.042965622746106	6.786289244009383	1.8321494347552412	3.1258846903218442	-0.05818005297780951
2.906667984678622	12.109931540601726	10.0	0.5	-18.04217394300753	6.786309632141689	1.83211636655623	3.1258846903218442	-0.05818774908497257
2.906667984678622	12.109931540601726	10.0	0.5	-18.04217394300753	6.786309632141689	1.83211636655623	3.1258846903218442	-0.05818774908497257
