0.9975764850453217
0.9545416024428417
0.9948112986513623
0.6356675968058404
0.9904422991407351
0.982193954634889
0.8013688154527969
0.6021333344088452
0.9832300876099568
0.9750022948151443
0.9524409444627433
0.6098290914602325
0.5647820212537831
0.998140158585131
0.9976834464409651
0.9991163255917382
0.9627715421100326
0.9595615710936678
0.7362736489055859
0.5442449863320464
0.3441678339922843
0.8851242804781885
0.42779703996448176
0.31724719753678177
0.3901609741280484
0.2723651823967171
0.2596292349661723
0.25842903762484826
0.2567542387318843
0.25389553336116133
0.2538954026937056
0.24173594658534076
0.38253761981216083
0.23887946207030675
0.2655152801446786
0.23375169504687232
0.2243134652863707
0.317855809000655
0.22426561898478903
0.214549327410833
0.18758115874910442
0.912653484566997
0.18589046544078863
0.6407837538635891
0.5767990841046646
0.1753338393608554
0.30674235302025377
0.14468352196060297
0.10168777740720464
0.9841145085820348
0.33836832947325396
0.11672670347712688
0.18075069009646944
0.1051167234411075
0.128672866599073
0.09850559844796497
0.09627897585450212
0.09510160307514992
0.09345194829365228
0.10422117572802414
0.09317254112202317
0.08943376409990822
0.20780607548308327
0.08943244249997229
0.07918768589359171
0.07911760803797208
0.07329574595570809
0.052896338379086805
0.032745954740686256
0.028670707411034113
0.028669354070836928
0.02735999970106484
0.026443270163358068
0.024111130820308413
0.06715998765312603
0.023553985481372053
0.020708478318353263
0.02093690380354829
0.041379993254091696
0.020648775174420486
0.020033477537117428
0.020026249900001958
0.01989244414685165
0.019892284139589267
0.01986041835514535
0.02006781482459835
0.019857013710479543
0.01982835058277027
0.01971478625031492
0.019187531806429015
0.01922760896942688
0.0185015272877479
0.018537494928954235
0.01811423382384081
0.017798969995862002
0.021762888167011163
0.017796024630496454
0.017792068441920772
0.017842522141814976
0.017792031083528004
0.01779189302105222
0.017791619949772908
0.01779697789274204
0.017791617247367997
0.017790932777131785
0.01778819810863458
0.017774725790460355
0.01771149273595346
0.017493048975613434
0.0797542242614181
0.017492606920511244
0.01842445176664198
0.01743987410027048
0.017261585921517497
0.017183067833560106
0.016918264592197696
0.018761618367970245
0.01690283845420626
0.01678887063435419
0.018024233507703546
0.01677024564925106
0.016344332340004986
0.030362258730263214
0.01633633249759897
0.016213227072431613
0.01617836501592046
0.01573530915235466
0.015692053567544162
0.015457494375961667
0.015437895201325325
0.015287123307185957
0.01518805720417643
0.24661408464630685
0.015173691475894868
0.017930332544497107
0.015091809538216427
0.01671986007455223
0.014974880549797565
0.015532285554172298
0.014809671050300621
0.014660284108707067
0.014558986341833058
0.014089773047945897
0.03032852042529599
0.014058995410845376
0.021104454781289417
0.013851459398572241
0.012816645113845337
0.012797326006096288
0.046618463553572576
0.047068804865871616
0.01470337578813613
0.012950778767501558
0.012780812894558125
0.012816022908146318
0.01277421066332629
0.012762580266175827
0.012771568175153736
0.012766277160243089
0.01276523082427422
0.012763117038582128
0.012762692215051996
0.012761852706592025
0.012761678254177511
0.01276134327158479
0.012761482125153212
0.011424952282979128
0.011416517380113622
0.00933766660703822
0.01089475930895889
0.008580583085387117
0.00640124880554882
0.022064351580959818
0.006221571138231019
0.005284218647958361
0.0033472742999265392
0.8496128352357879
0.0033313802258941316
0.4437878022388277
0.0032470016394026135
0.053204179017262376
0.0030996659543631178
0.016150829721065352
0.0030936638118223003
0.0025756921332570903
0.00354096573602386
0.0022399067514453086
0.0016227984956302954
0.017638394503803223
0.0016215720410741596
0.0013726962283524546
0.0034176457912039604
0.0013510247793310226
0.0013090709488049468
0.0013034263010833769
0.001219180746862114
0.00279742967184593
0.0012191199690967935
0.0011684715992995032
0.0010886497900253755
0.001088620245591032
0.0010004589375788853
0.0009946280376401107
0.0007290804083593949
0.0007259496686141675
0.0006012926737093416
0.0005933391030478741
0.0004930926771216093
0.0016710455537845559
0.0004880814467268513
0.0004674603999326177
0.00042132224335583723
0.0011409556062799142
0.00041914936609421805
0.000377077687772176
0.0003695887582554347
0.00034244173107833564
0.00030895941079833733
0.0003947037271495035
0.0002968908903377976
0.0002703159101865582
0.00027703077880025795
0.00024664830268505966
0.0002155250452144375
0.0011236623108000776
0.0002153448106471112
0.00020016750071738532
0.00035150593040583766
0.0001998556496156101
0.00019060970945988798
0.00038005402516594344
0.00019022393336304289
0.00018823130094514084
0.00019448293833757013
0.00018775626672845602
0.00018733237710821804
0.0001873179987032514
0.00018723224948230532
0.00018730700203256623
0.0001871882823747395
0.00018716831599613348
0.00018729416348706174
0.0001871661161365612
0.0001871634924539567
0.00018716789768913333
0.0001871622056743849
0.00018716150411768329
0.00018716306856358944
0.00018716125950496432
