0.991484054896581
0.9774041365081223
0.9295939907569774
0.9289633129170658
0.993714879054918
0.9836135844938229
0.9523572367800642
0.9220131378835597
0.9199109729162408
0.9070971473319729
0.8826658760922556
0.9907389791425505
0.9263047862534308
0.8676643018900079
0.9273711850867272
0.9220975720941742
0.817803106980302
0.8042128013353123
0.9850604527282167
0.9680761621176456
0.9669136793917931
0.876436515843919
0.7757862992046038
0.918995519554604
0.9003937708945404
0.8121405386071229
0.7441188983709801
0.8182317150989508
0.7408005651847944
0.92818512381998
0.8371441118230274
0.7158573482244168
0.911951916493819
0.8490743378961593
0.7108672747775509
0.6697540421825732
0.9209545128177697
0.8859533934465275
0.7387333221239859
0.6362719235586953
0.8058275645960111
0.6711023562481364
0.6012322166294048
0.8694435745135923
0.6862876841769108
0.5760797695169704
0.9507533355531378
0.7709060865122823
0.5581398674560284
0.8281030715154164
0.5867309384248331
0.530285898631296
0.8960532995303687
0.821139322469208
0.606794657704554
0.5091447637967593
0.8617683749839865
0.5762361311987934
0.4948704234192653
0.6711683719534971
0.4933366086311701
0.47964680648643565
0.7371095841100463
0.4827511994454686
0.4657360879300045
0.6827500951431948
0.4822332962398965
0.4549922520538866
0.6304928524612137
0.44889636880578976
0.7670034483092787
0.4371770384705263
0.9099216111584765
0.5443037556704944
0.4251221531024773
0.9975418442862312
0.8645866695139136
0.58542332190534
0.407863819998107
0.9496863236411061
0.7075931198070123
0.39575088813329584
0.7686567905857316
0.44583070078807246
0.3835286795568108
0.7164378192215274
0.39593903068707564
0.3714496782034238
0.7121100727522284
0.4340173464006199
0.3630465366272555
0.5545448039267081
0.3580418743306244
0.7024946555298474
0.36159595241477654
0.3511656528370651
0.6046106099984445
0.34568839638258364
0.606212857877681
0.340692052977306
0.4732462952282871
0.33731165964824583
0.5194086979352961
0.33341161866287705
0.4617504701833107
0.3298071474782627
0.4389131762650582
0.32589358587208883
0.485807354854945
0.3208152934503658
0.5302585509395219
0.31392264253521973
0.8827423497300331
0.362259687041383
0.3081589296634093
0.8234362148448461
0.3361130539269387
0.3035877246852687
0.6923753710097005
0.3026376845221245
0.2991651255367844
0.6021745797533429
0.29533391113504365
0.5135204780784854
0.2920914146207111
0.4404487655393351
0.28918183551520826
0.4702291140417393
0.2868270674198582
0.42190212219212625
0.2842130248127764
0.37128384314296636
0.2817241725512326
0.38675668288929566
0.2798441866230438
0.3711980168110369
0.27803612412648226
0.35459505554904425
0.2766892592340302
0.30966225215157817
0.27593421002702584
0.30554580319952424
0.27496695148546424
0.30545791488691115
0.27421660019119554
0.3045111954245756
0.273659969202718
0.297224279022454
0.2731092103373587
0.2906794336463678
0.2725958539100961
0.28955183828184416
0.2722425543568979
0.2914758219460073
0.27196535491986246
0.2823823845131209
0.2716679758396824
0.2852609987801361
0.2714262928076625
0.27895384015855074
0.27118596751337687
0.2804388309393907
0.2708852884622605
0.2822836118896791
0.2706019637863019
0.2818509395493196
0.27033335795030505
0.29603463821506953
0.27007397256399884
0.35732717585091067
0.26986825285237576
0.4041618587423484
0.2696659563985725
0.49880576419136435
0.26940232099231304
0.6004467677118438
0.2690132887854662
0.5410487363917394
0.26872872575981316
0.5507672796954951
0.2684203036392652
0.36996331853493647
0.2681518296141543
0.4193984129139365
0.26788050480578807
0.3307718277660389
0.26756394942871686
0.30559452938675696
0.267234999985123
0.30275078601833744
0.2668910729589803
0.29101346231625036
0.26654017241802147
0.28816761591705187
0.2662143791182574
0.2824254122354768
0.26576958251043353
0.27882674322026335
0.2654084451049528
0.2744393851594452
0.2649932755355839
0.2744792849820714
0.2646017178844322
0.26844358065059293
0.2640875662189608
0.2734881892389123
0.26365952125902026
0.26978996276991335
0.263170145267298
0.2673249136850766
0.2625494926860075
0.27095635782651856
0.26197690407619617
0.2727082733332001
0.26151095942460645
0.27027330144003914
0.2610047956091478
0.27486701947907494
0.260543491384458
0.27082274485447977
0.2601460878299824
0.267695994138282
0.2596724651924315
0.26897659693178755
0.25934506961995796
0.261319999427999
0.2589854031032168
0.26314220736975624
0.2587545478767489
0.2614073513838543
0.2586390563241004
0.25977530853106384
0.25854072788776544
0.25920000658169257
0.2584654054008643
0.25880655116614215
0.2584266522563764
0.2587179178244927
0.25839338858830485
0.2585547610425971
0.25836629202369726
0.2585540463855053
0.25834382225793046
0.2585190322866096
0.2583148629488536
0.25845169556591646
0.25828812776906485
0.2583478887556595
0.258263606347276
0.25830064169868827
0.25824428143743383
0.25840989664713004
0.258229019376382
0.2583114042578412
0.2582157557083132
0.2582776007478137
0.2582046223343915
0.25824696454487955
0.25819329225542714
