0.9514532216988608
0.9462084265511591
0.9234121975808973
0.8200679640327708
0.9189276257461868
0.9730806276420891
0.9171991551844138
0.8138344633067869
0.7988263890194663
0.8579008757699973
0.7953961044275344
0.7333999748085063
0.7938741353823132
0.6893076246959615
0.6863392393546547
0.7015671835580652
0.6858964565282097
0.6806353506657498
0.666814272153585
0.7984876049189329
0.6648886073986315
0.6641595462348744
0.6664147725058914
0.6639460138547388
0.6629641246260602
0.6613514161772803
0.6613396943399883
0.660918338075626
0.6609157140483433
0.6609013822245837
0.6608811443759834
0.6608803969276684
0.6608413181231887
0.6608195976682123
0.6608023340085483
0.660793885427085
0.6607703164313207
0.6608963889010642
0.6607630479378452
0.6607484236055181
0.6608379618829985
0.6607466459253346
0.6607447700392262
0.6607377700921959
0.6607147680572882
0.6608900908699347
0.6607104174530103
0.6606925004056756
0.6607740745069925
0.660689059824107
0.6606849819851304
0.660671112344977
0.6606583091042899
0.6606522810258797
0.6606431711524348
0.6606958822335507
0.6606419507155243
0.6606386700821425
0.6606269369333755
0.6606016496394114
0.6606015912020561
0.660593264039439
0.6606668389800373
0.6605928616227937
0.6605928530215497
0.6605929817813165
0.660592853015566
