0.003095438230338421
0.5765059107208486
0.0030474999718332896
0.00302820504359802
0.000895084137174651
0.01141824127847757
0.0005215342794735456
0.00027791095745666183
0.0015114149301738156
0.00023766802917934982
0.00022223828885836738
0.00036474910892336787
0.00022157200857542136
0.0002208706053440368
0.0002180789570029873
0.0002044618573637802
0.00014613720427181232
0.0006923203863538063
0.00012420091099474284
9.601028807382228e-5
8.470423682971351e-5
5.4177138021804794e-5
8.994292662534153e-5
4.3288242242089936e-5
4.297144595155622e-5
4.2590850740542585e-5
4.2470733819133244e-5
4.246351566439266e-5
4.246311496181043e-5
4.246512362870991e-5
4.2463047878249505e-5
4.246302769705945e-5
4.246326893164731e-5
4.246302742438868e-5
