0.003095438230338421
0.003095438230338421
0.9223555599114355
0.006145940320617549
0.0035419981419286817
0.002885685764256074
0.003105604703934728
0.0029685790455036276
0.0030303259227220103
0.003066273924271501
0.0030855164808609725
0.0030954548856516606
0.0030904592558954613
0.003092950464090305
0.003094201023085219
0.003094827541606504
0.0030951411106592275
0.0030952979722127516
0.0030953764223673463
0.003095415652534017
0.003095435269037994
0.0030954450773352793
0.0030954401727736336
0.0030954426249094613
0.003095441398730747
0.00309544078541224
0.0030954410922556796
0.0030954412457373515
0.003095441322451098
0.0030954413605100983
0.0030954413414796544
0.003095441331780746
0.0030954413270679604
0.0030954413245095624
0.00309544132592543
0.0030954413253996282
0.003095441325273951
0.003095441325981385
0.0030954413258130753
0.0030954413255812607
0.0030954413255857016
0.003095441325612236
0.0030954413255339652
0.003095441325900561
0.0030954413255399604
0.0030954413255797064
0.003095441325388748
0.0030954413256838453
0.0030954413254911106
0.003095441325697612
0.003095441325656756
0.00309544132586681
0.003095441325786652
0.003095441325656756
0.003095441325786652
0.003095441325656756
0.0010009167126073804
0.030945665703965952
0.0010056027114651034
0.0009315706516890288
0.0007159988165120756
0.0009033280181335313
0.0010262458097844984
0.0009634778230486196
0.0009330759247995202
0.0009181201833575736
0.0009107036531226242
0.000907010723639301
0.0009051680928848782
0.00090424773600839
0.0009037877971871389
0.0009035578877039097
0.0009034429479239936
0.0009033854817683817
0.0009033567496337103
0.0009033423837985222
0.0009033352009540918
0.0009033316095305999
0.0009033298138231283
0.0009033289159768865
0.0009033293649123308
0.0009033291404363375
0.0009033290282103312
0.0009033289720865589
0.0009033289440432135
0.0009033289300117708
0.0009033289230023778
0.0009033289194869676
0.0009033289212401208
0.0009033289221227481
0.0009033289216731077
0.0009033289214616103
0.0009033289213533635
0.0009033289214028795
0.0009033289214313012
0.0009033289214441798
0.000903328921460389
0.0009033289214614992
0.0009033289214637197
0.0009033289214515072
0.0009033289214598339
0.0009033289214677165
0.0009033289214581686
0.0009033289214517293
0.0009033289214710472
0.0009033289214543938
0.0009033289214608331
0.0009033289214519513
0.0009033289214592788
0.0009033289214590567
0.0009033289214585016
0.0009033289214568363
0.0009033289214710472
0.0009033289214568363
0.0009033289214710472
0.0009033289214568363
0.0009033289214710472
0.0009033289214568363
0.0009033289214710472
0.0009033289214568363
0.0009033289214710472
0.0009033289214568363
0.0009033289214710472
0.0009033289214568363
0.016385331864163355
0.006096751745615414
0.002857360408172527
0.0017190970230804847
0.001270837387414181
0.0010769820263283325
0.0009876290664090348
0.0009448474521676076
0.000923930265392503
0.0009135901109449396
0.0009084496453763968
0.0009058868156716082
0.0009046072516378789
0.0009039679323161742
0.0009036483883245738
0.0009034886452419233
0.0009034087809565161
0.0009033688505968307
0.0009033488858769534
0.0009033389036249284
0.0009033339125283923
0.0009033314170027174
0.0009033301692248363
0.000903329545351772
0.0009033298572860282
0.0009033297013107955
0.0009033297792950812
0.0009033298182890004
0.0009033298377966181
0.0009033298280360924
0.0009033298231513331
0.0009033298256211353
0.0009033298243827925
0.000903329824992305
0.0009033298246903243
0.0009033298248504185
0.0009033298247729249
0.0009033298248023458
0.0009033298247649313
0.0009033298247997923
0.0009033298247973498
0.0009033298247780319
0.0009033298247804744
0.0009033298247773658
0.0009033298247820287
0.0009033298247913546
0.0009033298247986821
0.0009033298247920207
0.0009033298247929089
0.000903329824788135
0.0009033298247993482
0.0009033298247957955
0.0009033298247870247
0.0009033298247795862
0.0009033298247828059
0.0009033298247870247
0.0009033298247828059
0.0009033298247870247
0.0009033298247828059
0.0009033298247870247
0.0009033298247828059
0.0009033298247870247
0.0009033298247828059
0.0009033298247870247
0.0009033298247828059
