2.0	10.0	10.0	0.7	2.1125963267948964	2.4237061150395447	3.44314831140435	3.1258846903218442	0.05289
2.0	10.0	10.0	0.7	2.1138223501244537	2.666454441653363	3.536569912610469	3.1258846903218442	0.08877083079354775
2.0	10.0	10.0	0.7	2.1138223501244537	2.666454441653363	3.536569912610469	3.1258846903218442	0.08877083079354775
2.0	10.0	10.0	0.7	2.1126607195844587	2.4364556619163746	3.44805496967261	3.1258846903218442	0.054774521061641365
2.0	10.0	10.0	0.7	2.1126607195844587	2.4364556619163746	3.44805496967261	3.1258846903218442	0.054774521061641365
2.0	10.0	10.0	0.7	2.1126331303474357	2.430993089583158	3.445952700787003	3.1258846903218442	0.05396709373013412
2.0	10.0	10.0	0.7	2.1126331303474357	2.430993089583158	3.445952700787003	3.1258846903218442	0.05396709373013412
2.0	10.0	10.0	0.7	2.112614728571166	2.4273496023113514	3.444550506095677	3.1258846903218442	0.05342854686506706
2.0	10.0	10.0	0.7	2.112614728571166	2.4273496023113514	3.444550506095677	3.1258846903218442	0.05342854686506706
2.0	10.0	10.0	0.7	2.1126239294593008	2.429171345947255	3.44525160344134	3.1258846903218442	0.05369782029760059
2.0	10.0	10.0	0.7	2.1126239294593008	2.429171345947255	3.44525160344134	3.1258846903218442	0.05369782029760059
2.0	10.0	10.0	0.7	2.1126193290152333	2.4282604741293032	3.4449010547685086	3.1258846903218442	0.05356318358133382
2.0	10.0	10.0	0.7	2.1126193290152333	2.4282604741293032	3.4449010547685086	3.1258846903218442	0.05356318358133382
2.0	10.0	10.0	0.7	2.112621629237267	2.428715910038279	3.4450763291049245	3.1258846903218442	0.05363050193946721
2.0	10.0	10.0	0.7	2.112621629237267	2.428715910038279	3.4450763291049245	3.1258846903218442	0.05363050193946721
2.0	10.0	10.0	0.7	2.112622779348284	2.428943627992767	3.445163966273132	3.1258846903218442	0.0536641611185339
2.0	10.0	10.0	0.7	2.112622779348284	2.428943627992767	3.445163966273132	3.1258846903218442	0.0536641611185339
2.0	10.0	10.0	0.7	2.1126233544037922	2.4290574869700112	3.445207784857236	3.1258846903218442	0.05368099070806724
2.0	10.0	10.0	0.7	2.1126233544037922	2.4290574869700112	3.445207784857236	3.1258846903218442	0.05368099070806724
2.0	10.0	10.0	0.7	2.1126236419315467	2.429114416458633	3.445229694149288	3.1258846903218442	0.053689405502833916
2.0	10.0	10.0	0.7	2.1126236419315467	2.429114416458633	3.445229694149288	3.1258846903218442	0.053689405502833916
2.0	10.0	10.0	0.7	2.1126234981676695	2.429085951714322	3.4452187395032623	3.1258846903218442	0.05368519810545058
2.0	10.0	10.0	0.7	2.1126234981676695	2.429085951714322	3.4452187395032623	3.1258846903218442	0.05368519810545058
2.0	10.0	10.0	0.7	2.112623570049608	2.4291001840864777	3.445224216826275	3.1258846903218442	0.053687301804142246
2.0	10.0	10.0	0.7	2.112623570049608	2.4291001840864777	3.445224216826275	3.1258846903218442	0.053687301804142246
2.0	10.0	10.0	0.7	2.1126236059905774	2.4291073002725554	3.4452269554877817	3.1258846903218442	0.053688353653488084
2.0	10.0	10.0	0.7	2.1126236059905774	2.4291073002725554	3.4452269554877817	3.1258846903218442	0.053688353653488084
2.0	10.0	10.0	0.7	2.112623623961062	2.4291108583655943	3.445228324818535	3.1258846903218442	0.053688879578161
2.0	10.0	10.0	0.7	2.112623623961062	2.4291108583655943	3.445228324818535	3.1258846903218442	0.053688879578161
2.0	10.0	10.0	0.7	2.1126236329463044	2.4291126374121137	3.4452290094839113	3.1258846903218442	0.053689142540497455
2.0	10.0	10.0	0.7	2.1126236329463044	2.4291126374121137	3.4452290094839113	3.1258846903218442	0.053689142540497455
2.0	10.0	10.0	0.7	2.1126236374389253	2.429113526935373	3.4452293518165997	3.1258846903218442	0.053689274021665685
2.0	10.0	10.0	0.7	2.1126236374389253	2.429113526935373	3.4452293518165997	3.1258846903218442	0.053689274021665685
2.0	10.0	10.0	0.7	2.112623639685236	2.429113971697003	3.445229522982944	3.1258846903218442	0.0536893397622498
2.0	10.0	10.0	0.7	2.112623639685236	2.429113971697003	3.445229522982944	3.1258846903218442	0.0536893397622498
2.0	10.0	10.0	0.7	2.1126236408083914	2.429114194077818	3.445229608566116	3.1258846903218442	0.05368937263254186
2.0	10.0	10.0	0.7	2.1126236408083914	2.429114194077818	3.445229608566116	3.1258846903218442	0.05368937263254186
2.0	10.0	10.0	0.7	2.112623641369969	2.4291143052682256	3.445229651357702	3.1258846903218442	0.05368938906768789
2.0	10.0	10.0	0.7	2.112623641369969	2.4291143052682256	3.445229651357702	3.1258846903218442	0.05368938906768789
2.0	10.0	10.0	0.7	2.112623641650758	2.429114360863429	3.445229672753495	3.1258846903218442	0.053689397285260905
2.0	10.0	10.0	0.7	2.112623641650758	2.429114360863429	3.445229672753495	3.1258846903218442	0.053689397285260905
2.0	10.0	10.0	0.7	2.1126236415103636	2.4291143330658276	3.4452296620555987	3.1258846903218442	0.05368939317647439
2.0	10.0	10.0	0.7	2.1126236415103636	2.4291143330658276	3.4452296620555987	3.1258846903218442	0.05368939317647439
2.0	10.0	10.0	0.7	2.112623641580561	2.4291143469646284	3.4452296674045466	3.1258846903218442	0.053689395230867645
2.0	10.0	10.0	0.7	2.112623641580561	2.4291143469646284	3.4452296674045466	3.1258846903218442	0.053689395230867645
2.0	10.0	10.0	0.7	2.1126236415454622	2.4291143400152277	3.4452296647300726	3.1258846903218442	0.05368939420367102
2.0	10.0	10.0	0.7	2.1126236415454622	2.4291143400152277	3.4452296647300726	3.1258846903218442	0.05368939420367102
2.0	10.0	10.0	0.7	2.1126236415279127	2.4291143365405277	3.4452296633928357	3.1258846903218442	0.05368939369007271
2.0	10.0	10.0	0.7	2.1126236415279127	2.4291143365405277	3.4452296633928357	3.1258846903218442	0.05368939369007271
2.0	10.0	10.0	0.7	2.1126236415366875	2.429114338277878	3.445229664061454	3.1258846903218442	0.05368939394687187
2.0	10.0	10.0	0.7	2.1126236415366875	2.429114338277878	3.445229664061454	3.1258846903218442	0.05368939394687187
2.0	10.0	10.0	0.7	2.1126236415410746	2.429114339146553	3.4452296643957636	3.1258846903218442	0.05368939407527144
2.0	10.0	10.0	0.7	2.1126236415410746	2.429114339146553	3.4452296643957636	3.1258846903218442	0.05368939407527144
2.0	10.0	10.0	0.7	2.1126236415432684	2.4291143395808903	3.445229664562918	3.1258846903218442	0.053689394139471235
2.0	10.0	10.0	0.7	2.1126236415432684	2.4291143395808903	3.445229664562918	3.1258846903218442	0.053689394139471235
2.0	10.0	10.0	0.7	2.1126236415443653	2.4291143397980592	3.4452296646464955	3.1258846903218442	0.05368939417157113
2.0	10.0	10.0	0.7	2.1126236415443653	2.4291143397980592	3.4452296646464955	3.1258846903218442	0.05368939417157113
2.0	10.0	10.0	0.7	2.112623641543817	2.4291143396894745	3.4452296646047067	3.1258846903218442	0.05368939415552118
2.0	10.0	10.0	0.7	2.112623641543817	2.4291143396894745	3.4452296646047067	3.1258846903218442	0.05368939415552118
2.0	10.0	10.0	0.7	2.1126236415435424	2.4291143396351824	3.4452296645838123	3.1258846903218442	0.053689394147496204
2.0	10.0	10.0	0.7	2.1126236415435424	2.4291143396351824	3.4452296645838123	3.1258846903218442	0.053689394147496204
2.0	10.0	10.0	0.7	2.1126236415434057	2.4291143396080366	3.445229664573365	3.1258846903218442	0.05368939414348372
2.0	10.0	10.0	0.7	2.1126236415434057	2.4291143396080366	3.445229664573365	3.1258846903218442	0.05368939414348372
2.0	10.0	10.0	0.7	2.112623641543337	2.4291143395944634	3.4452296645681417	3.1258846903218442	0.05368939414147748
2.0	10.0	10.0	0.7	2.112623641543337	2.4291143395944634	3.4452296645681417	3.1258846903218442	0.05368939414147748
2.0	10.0	10.0	0.7	2.112623641543371	2.42911433960125	3.4452296645707534	3.1258846903218442	0.0536893941424806
2.0	10.0	10.0	0.7	2.112623641543371	2.42911433960125	3.4452296645707534	3.1258846903218442	0.0536893941424806
2.0	10.0	10.0	0.7	2.112623641543354	2.4291143395978567	3.4452296645694473	3.1258846903218442	0.053689394141979034
2.0	10.0	10.0	0.7	2.112623641543354	2.4291143395978567	3.4452296645694473	3.1258846903218442	0.053689394141979034
2.0	10.0	10.0	0.7	2.1126236415433626	2.429114339599553	3.4452296645701006	3.1258846903218442	0.05368939414222982
2.0	10.0	10.0	0.7	2.1126236415433626	2.429114339599553	3.4452296645701006	3.1258846903218442	0.05368939414222982
2.0	10.0	10.0	0.7	2.112623641543367	2.429114339600402	3.445229664570427	3.1258846903218442	0.053689394142355205
2.0	10.0	10.0	0.7	2.112623641543367	2.429114339600402	3.445229664570427	3.1258846903218442	0.053689394142355205
2.0	10.0	10.0	0.7	2.112623641543365	2.4291143395999772	3.4452296645702636	3.1258846903218442	0.05368939414229251
2.0	10.0	10.0	0.7	2.112623641543365	2.4291143395999772	3.4452296645702636	3.1258846903218442	0.05368939414229251
2.0	10.0	10.0	0.7	2.112623641543364	2.4291143395997654	3.4452296645701823	3.1258846903218442	0.05368939414226116
2.0	10.0	10.0	0.7	2.112623641543364	2.4291143395997654	3.4452296645701823	3.1258846903218442	0.05368939414226116
2.0	10.0	10.0	0.7	2.1126236415433644	2.4291143395998716	3.4452296645702227	3.1258846903218442	0.05368939414227684
2.0	10.0	10.0	0.7	2.1126236415433644	2.4291143395998716	3.4452296645702227	3.1258846903218442	0.05368939414227684
2.0	10.0	10.0	0.7	2.1126236415433644	2.4291143395999244	3.445229664570243	3.1258846903218442	0.05368939414228468
2.0	10.0	10.0	0.7	2.1126236415433644	2.4291143395999244	3.445229664570243	3.1258846903218442	0.05368939414228468
2.0	10.0	10.0	0.7	2.112623641543365	2.429114339599951	3.4452296645702534	3.1258846903218442	0.05368939414228859
2.0	10.0	10.0	0.7	2.112623641543365	2.429114339599951	3.4452296645702534	3.1258846903218442	0.05368939414228859
2.0	10.0	10.0	0.7	2.112623641543365	2.4291143395999644	3.4452296645702587	3.1258846903218442	0.053689394142290556
2.0	10.0	10.0	0.7	2.112623641543365	2.4291143395999644	3.4452296645702587	3.1258846903218442	0.053689394142290556
2.0	10.0	10.0	0.7	2.112623641543365	2.4291143395999577	3.445229664570256	3.1258846903218442	0.05368939414228957
2.0	10.0	10.0	0.7	2.112623641543365	2.4291143395999577	3.445229664570256	3.1258846903218442	0.05368939414228957
2.0	10.0	10.0	0.7	2.112623641543365	2.429114339599961	3.4452296645702574	3.1258846903218442	0.05368939414229006
2.0	10.0	10.0	0.7	2.112623641543365	2.429114339599961	3.4452296645702574	3.1258846903218442	0.05368939414229006
2.0	10.0	10.0	0.7	2.112623641543365	2.4291143395999626	3.445229664570258	3.1258846903218442	0.053689394142290306
2.0	10.0	10.0	0.7	2.112623641543365	2.4291143395999626	3.445229664570258	3.1258846903218442	0.053689394142290306
2.0	10.0	10.0	0.7	2.112623641543365	2.4291143395999635	3.4452296645702583	3.1258846903218442	0.05368939414229043
2.0	10.0	10.0	0.7	2.112623641543365	2.4291143395999635	3.4452296645702583	3.1258846903218442	0.05368939414229043
2.0	10.0	10.0	0.7	2.112623641543365	2.429114339599964	3.4452296645702583	3.1258846903218442	0.05368939414229049
2.0	10.0	10.0	0.7	2.112623641543365	2.429114339599964	3.4452296645702583	3.1258846903218442	0.05368939414229049
2.0	10.0	10.0	0.7	2.112623641543365	2.429114339599964	3.4452296645702587	3.1258846903218442	0.05368939414229052
2.0	10.0	10.0	0.7	2.112623641543365	2.429114339599964	3.4452296645702587	3.1258846903218442	0.05368939414229052
2.0	10.0	10.0	0.7	2.112623641543365	2.429114339599964	3.4452296645702587	3.1258846903218442	0.053689394142290535
2.0	10.0	10.0	0.7	2.112623641543365	2.429114339599964	3.4452296645702587	3.1258846903218442	0.053689394142290535
2.0	10.0	10.0	0.7	2.112623641543365	2.429114339599964	3.4452296645702587	3.1258846903218442	0.05368939414229055
2.0	10.0	10.0	0.7	2.112623641543365	2.429114339599964	3.4452296645702587	3.1258846903218442	0.05368939414229055
2.0	10.0	10.0	0.7	2.112623641543365	2.429114339599964	3.4452296645702587	3.1258846903218442	0.05368939414229054
2.0	10.0	10.0	0.7	2.112623641543365	2.429114339599964	3.4452296645702587	3.1258846903218442	0.05368939414229054
2.0	10.0	10.0	0.7	2.112623641543365	2.429114339599964	3.4452296645702587	3.1258846903218442	0.053689394142290535
2.0	10.0	10.0	0.7	2.112623641543365	2.429114339599964	3.4452296645702587	3.1258846903218442	0.053689394142290535
2.0	10.0	10.0	0.7	2.112623641543365	2.429114339599964	3.4452296645702587	3.1258846903218442	0.05368939414229054
2.0	10.0	10.0	0.7	2.112623641543365	2.429114339599964	3.4452296645702587	3.1258846903218442	0.05368939414229054
2.0	10.0	10.0	0.7	2.112623641543365	2.429114339599964	3.4452296645702587	3.1258846903218442	0.053689394142290535
2.0	10.0	10.0	0.7	2.112623641543365	2.429114339599964	3.4452296645702587	3.1258846903218442	0.053689394142290535
2.0	10.0	10.0	0.7	2.1142684645907215	2.4297086749541488	3.5413705414210126	3.1258846903218442	0.052293296408708875
2.0	10.0	10.0	0.7	2.1142684645907215	2.4297086749541488	3.5413705414210126	3.1258846903218442	0.052293296408708875
2.0	10.0	10.0	0.7	2.1208477567801483	2.432086016370889	3.925934048824029	3.1258846903218442	0.04670890547438225
2.0	10.0	10.0	0.7	2.1208477567801483	2.432086016370889	3.925934048824029	3.1258846903218442	0.04670890547438225
2.0	10.0	10.0	0.7	2.1144408405357664	2.429770960753534	3.551446017036003	3.1258846903218442	0.05214698664816154
2.0	10.0	10.0	0.7	2.1144408405357664	2.429770960753534	3.551446017036003	3.1258846903218442	0.05214698664816154
2.0	10.0	10.0	0.7	2.1145078933598542	2.4295035913884218	3.551861324092873	3.1258846903218442	0.0501001358948038
2.0	10.0	10.0	0.7	2.1145078933598542	2.4295035913884218	3.551861324092873	3.1258846903218442	0.0501001358948038
2.0	10.0	10.0	0.7	2.1147761046562046	2.428434113927973	3.553522552320353	3.1258846903218442	0.04191273288137285
2.0	10.0	10.0	0.7	2.1147761046562046	2.428434113927973	3.553522552320353	3.1258846903218442	0.04191273288137285
2.0	10.0	10.0	0.7	2.114535603573868	2.429393098468418	3.5520329536637947	3.1258846903218442	0.04925425545350651
2.0	10.0	10.0	0.7	2.114535603573868	2.429393098468418	3.5520329536637947	3.1258846903218442	0.04925425545350651
2.0	10.0	10.0	0.7	2.1146719891422183	2.429827815403929	3.5520763032565323	3.1258846903218442	0.046351635546556774
2.0	10.0	10.0	0.7	2.1146719891422183	2.429827815403929	3.5520763032565323	3.1258846903218442	0.046351635546556774
2.0	10.0	10.0	0.7	2.114603796358043	2.429610456936173	3.5520546284601635	3.1258846903218442	0.04780294550003164
2.0	10.0	10.0	0.7	2.114603796358043	2.429610456936173	3.5520546284601635	3.1258846903218442	0.04780294550003164
2.0	10.0	10.0	0.7	2.1145696999659553	2.4295017777022956	3.552043791061979	3.1258846903218442	0.048528600476769074
2.0	10.0	10.0	0.7	2.1145696999659553	2.4295017777022956	3.552043791061979	3.1258846903218442	0.048528600476769074
2.0	10.0	10.0	0.7	2.1145526517699116	2.429447438085357	3.5520383723628868	3.1258846903218442	0.04889142796513779
2.0	10.0	10.0	0.7	2.1145526517699116	2.429447438085357	3.5520383723628868	3.1258846903218442	0.04889142796513779
2.0	10.0	10.0	0.7	2.11454412767189	2.4294202682768873	3.5520356630133407	3.1258846903218442	0.04907284170932215
2.0	10.0	10.0	0.7	2.11454412767189	2.4294202682768873	3.5520356630133407	3.1258846903218442	0.04907284170932215
2.0	10.0	10.0	0.7	2.114539865622879	2.429406683372653	3.552034308338568	3.1258846903218442	0.04916354858141433
2.0	10.0	10.0	0.7	2.114539865622879	2.429406683372653	3.552034308338568	3.1258846903218442	0.04916354858141433
2.0	10.0	10.0	0.7	2.114537734598373	2.429399890920535	3.5520336310011813	3.1258846903218442	0.049208902017460414
2.0	10.0	10.0	0.7	2.114537734598373	2.429399890920535	3.5520336310011813	3.1258846903218442	0.049208902017460414
2.0	10.0	10.0	0.7	2.1145366690861205	2.4293964946944766	3.5520332923324878	3.1258846903218442	0.049231578735483464
2.0	10.0	10.0	0.7	2.1145366690861205	2.4293964946944766	3.5520332923324878	3.1258846903218442	0.049231578735483464
2.0	10.0	10.0	0.7	2.114536136329994	2.4293947965814473	3.5520331229981412	3.1258846903218442	0.049242917094494985
2.0	10.0	10.0	0.7	2.114536136329994	2.4293947965814473	3.5520331229981412	3.1258846903218442	0.049242917094494985
2.0	10.0	10.0	0.7	2.114535869951931	2.429393947524933	3.552033038330968	3.1258846903218442	0.04924858627400074
2.0	10.0	10.0	0.7	2.114535869951931	2.429393947524933	3.552033038330968	3.1258846903218442	0.04924858627400074
2.0	10.0	10.0	0.7	2.1145357367628996	2.4293935229966754	3.5520329959973815	3.1258846903218442	0.04925142086375363
2.0	10.0	10.0	0.7	2.1145357367628996	2.4293935229966754	3.5520329959973815	3.1258846903218442	0.04925142086375363
2.0	10.0	10.0	0.7	2.1145356701683835	2.4293933107325465	3.552032974830588	3.1258846903218442	0.04925283815863007
2.0	10.0	10.0	0.7	2.1145356701683835	2.4293933107325465	3.552032974830588	3.1258846903218442	0.04925283815863007
2.0	10.0	10.0	0.7	2.1145356368711257	2.4293932046004825	3.5520329642471915	3.1258846903218442	0.049253546806068284
2.0	10.0	10.0	0.7	2.1145356368711257	2.4293932046004825	3.5520329642471915	3.1258846903218442	0.049253546806068284
2.0	10.0	10.0	0.7	2.114535620222497	2.42939315153445	3.552032958955493	3.1258846903218442	0.0492539011297874
2.0	10.0	10.0	0.7	2.114535620222497	2.42939315153445	3.552032958955493	3.1258846903218442	0.0492539011297874
2.0	10.0	10.0	0.7	2.1145356118981824	2.4293931250014342	3.552032956309644	3.1258846903218442	0.04925407829164695
2.0	10.0	10.0	0.7	2.1145356118981824	2.4293931250014342	3.552032956309644	3.1258846903218442	0.04925407829164695
2.0	10.0	10.0	0.7	2.114535607736025	2.429393111734926	3.552032954986719	3.1258846903218442	0.04925416687257673
2.0	10.0	10.0	0.7	2.114535607736025	2.429393111734926	3.552032954986719	3.1258846903218442	0.04925416687257673
2.0	10.0	10.0	0.7	2.1145356056549462	2.429393105101672	3.552032954325257	3.1258846903218442	0.04925421116304162
2.0	10.0	10.0	0.7	2.1145356056549462	2.429393105101672	3.552032954325257	3.1258846903218442	0.04925421116304162
2.0	10.0	10.0	0.7	2.114535604614407	2.429393101785045	3.5520329539945257	3.1258846903218442	0.04925423330827406
2.0	10.0	10.0	0.7	2.114535604614407	2.429393101785045	3.5520329539945257	3.1258846903218442	0.04925423330827406
2.0	10.0	10.0	0.7	2.1145356051346766	2.4293931034433585	3.552032954159891	3.1258846903218442	0.04925422223565784
2.0	10.0	10.0	0.7	2.1145356051346766	2.4293931034433585	3.552032954159891	3.1258846903218442	0.04925422223565784
2.0	10.0	10.0	0.7	2.114535604874542	2.4293931026142017	3.5520329540772084	3.1258846903218442	0.049254227771965954
2.0	10.0	10.0	0.7	2.114535604874542	2.4293931026142017	3.5520329540772084	3.1258846903218442	0.049254227771965954
2.0	10.0	10.0	0.7	2.1145356047444746	2.4293931021996236	3.5520329540358673	3.1258846903218442	0.04925423054012001
2.0	10.0	10.0	0.7	2.1145356047444746	2.4293931021996236	3.5520329540358673	3.1258846903218442	0.04925423054012001
2.0	10.0	10.0	0.7	2.114535604679441	2.4293931019923343	3.5520329540151967	3.1258846903218442	0.049254231924197034
2.0	10.0	10.0	0.7	2.114535604679441	2.4293931019923343	3.5520329540151967	3.1258846903218442	0.049254231924197034
2.0	10.0	10.0	0.7	2.114535604646924	2.4293931018886896	3.552032954004861	3.1258846903218442	0.04925423261623555
2.0	10.0	10.0	0.7	2.114535604646924	2.4293931018886896	3.552032954004861	3.1258846903218442	0.04925423261623555
2.0	10.0	10.0	0.7	2.1145356046306656	2.4293931018368675	3.5520329539996935	3.1258846903218442	0.049254232962254806
2.0	10.0	10.0	0.7	2.1145356046306656	2.4293931018368675	3.5520329539996935	3.1258846903218442	0.049254232962254806
2.0	10.0	10.0	0.7	2.1145356046225365	2.4293931018109562	3.55203295399711	3.1258846903218442	0.04925423313526443
2.0	10.0	10.0	0.7	2.1145356046225365	2.4293931018109562	3.55203295399711	3.1258846903218442	0.04925423313526443
2.0	10.0	10.0	0.7	2.114535604618472	2.4293931017980004	3.5520329539958175	3.1258846903218442	0.04925423322176925
2.0	10.0	10.0	0.7	2.114535604618472	2.4293931017980004	3.5520329539958175	3.1258846903218442	0.04925423322176925
2.0	10.0	10.0	0.7	2.114535604620504	2.4293931018044783	3.5520329539964637	3.1258846903218442	0.04925423317851684
2.0	10.0	10.0	0.7	2.114535604620504	2.4293931018044783	3.5520329539964637	3.1258846903218442	0.04925423317851684
2.0	10.0	10.0	0.7	2.11453560462152	2.429393101807717	3.5520329539967865	3.1258846903218442	0.04925423315689064
2.0	10.0	10.0	0.7	2.11453560462152	2.429393101807717	3.5520329539967865	3.1258846903218442	0.04925423315689064
2.0	10.0	10.0	0.7	2.114535604621012	2.429393101806098	3.5520329539966253	3.1258846903218442	0.04925423316770374
2.0	10.0	10.0	0.7	2.114535604621012	2.429393101806098	3.5520329539966253	3.1258846903218442	0.04925423316770374
2.0	10.0	10.0	0.7	2.114535604620758	2.429393101805288	3.5520329539965445	3.1258846903218442	0.04925423317311029
2.0	10.0	10.0	0.7	2.114535604620758	2.429393101805288	3.5520329539965445	3.1258846903218442	0.04925423317311029
2.0	10.0	10.0	0.7	2.114535604620631	2.4293931018048833	3.552032953996504	3.1258846903218442	0.049254233175813567
2.0	10.0	10.0	0.7	2.114535604620631	2.4293931018048833	3.552032953996504	3.1258846903218442	0.049254233175813567
2.0	10.0	10.0	0.7	2.1145356046206945	2.429393101805086	3.552032953996524	3.1258846903218442	0.049254233174461926
2.0	10.0	10.0	0.7	2.1145356046206945	2.429393101805086	3.552032953996524	3.1258846903218442	0.049254233174461926
2.0	10.0	10.0	0.7	2.1145356046207264	2.429393101805187	3.5520329539965343	3.1258846903218442	0.04925423317378611
2.0	10.0	10.0	0.7	2.1145356046207264	2.429393101805187	3.5520329539965343	3.1258846903218442	0.04925423317378611
2.0	10.0	10.0	0.7	2.1145356046207424	2.4293931018052377	3.5520329539965396	3.1258846903218442	0.0492542331734482
2.0	10.0	10.0	0.7	2.1145356046207424	2.4293931018052377	3.5520329539965396	3.1258846903218442	0.0492542331734482
2.0	10.0	10.0	0.7	2.11453560462075	2.4293931018052626	3.552032953996542	3.1258846903218442	0.04925423317327925
2.0	10.0	10.0	0.7	2.11453560462075	2.4293931018052626	3.552032953996542	3.1258846903218442	0.04925423317327925
2.0	10.0	10.0	0.7	2.114535604620754	2.4293931018052755	3.552032953996543	3.1258846903218442	0.049254233173194766
2.0	10.0	10.0	0.7	2.114535604620754	2.4293931018052755	3.552032953996543	3.1258846903218442	0.049254233173194766
2.0	10.0	10.0	0.7	2.114535604620756	2.4293931018052817	3.5520329539965436	3.1258846903218442	0.04925423317315253
2.0	10.0	10.0	0.7	2.114535604620756	2.4293931018052817	3.5520329539965436	3.1258846903218442	0.04925423317315253
2.0	10.0	10.0	0.7	2.1145356046207553	2.4293931018052786	3.5520329539965436	3.1258846903218442	0.04925423317317365
2.0	10.0	10.0	0.7	2.1145356046207553	2.4293931018052786	3.5520329539965436	3.1258846903218442	0.04925423317317365
2.0	10.0	10.0	0.7	2.1145356046207557	2.4293931018052803	3.5520329539965436	3.1258846903218442	0.04925423317316309
2.0	10.0	10.0	0.7	2.1145356046207557	2.4293931018052803	3.5520329539965436	3.1258846903218442	0.04925423317316309
2.0	10.0	10.0	0.7	2.1145356046207557	2.429393101805281	3.5520329539965436	3.1258846903218442	0.04925423317315781
2.0	10.0	10.0	0.7	2.1145356046207557	2.429393101805281	3.5520329539965436	3.1258846903218442	0.04925423317315781
2.0	10.0	10.0	0.7	2.1145356046207557	2.429393101805281	3.5520329539965436	3.1258846903218442	0.049254233173160446
2.0	10.0	10.0	0.7	2.1145356046207557	2.429393101805281	3.5520329539965436	3.1258846903218442	0.049254233173160446
2.0	10.0	10.0	0.7	2.1145356046207557	2.429393101805281	3.5520329539965436	3.1258846903218442	0.04925423317315913
2.0	10.0	10.0	0.7	2.1145356046207557	2.429393101805281	3.5520329539965436	3.1258846903218442	0.04925423317315913
2.0	10.0	10.0	0.7	2.1145356046207557	2.429393101805281	3.5520329539965436	3.1258846903218442	0.04925423317315847
2.0	10.0	10.0	0.7	2.1145356046207557	2.429393101805281	3.5520329539965436	3.1258846903218442	0.04925423317315847
2.0	10.0	10.0	0.7	2.1145356046207557	2.429393101805281	3.5520329539965436	3.1258846903218442	0.0492542331731588
2.0	10.0	10.0	0.7	2.1145356046207557	2.429393101805281	3.5520329539965436	3.1258846903218442	0.0492542331731588
2.0	10.0	10.0	0.7	2.1145356046207557	2.429393101805281	3.5520329539965436	3.1258846903218442	0.049254233173158635
2.0	10.0	10.0	0.7	2.1145356046207557	2.429393101805281	3.5520329539965436	3.1258846903218442	0.049254233173158635
2.0	10.0	10.0	0.7	2.1145356046207557	2.429393101805281	3.5520329539965436	3.1258846903218442	0.04925423317315855
2.0	10.0	10.0	0.7	2.1145356046207557	2.429393101805281	3.5520329539965436	3.1258846903218442	0.04925423317315855
2.0	10.0	10.0	0.7	2.1145356046207557	2.429393101805281	3.5520329539965436	3.1258846903218442	0.04925423317315851
2.0	10.0	10.0	0.7	2.1145356046207557	2.429393101805281	3.5520329539965436	3.1258846903218442	0.04925423317315851
2.0	10.0	10.0	0.7	2.1145356046207557	2.429393101805281	3.5520329539965436	3.1258846903218442	0.04925423317315849
2.0	10.0	10.0	0.7	2.1145356046207557	2.429393101805281	3.5520329539965436	3.1258846903218442	0.04925423317315849
2.0	10.0	10.0	0.7	2.1145356046207557	2.429393101805281	3.5520329539965436	3.1258846903218442	0.04925423317315848
2.0	10.0	10.0	0.7	2.1145356046207557	2.429393101805281	3.5520329539965436	3.1258846903218442	0.04925423317315848
2.0	10.0	10.0	0.7	2.1145356046207557	2.429393101805281	3.5520329539965436	3.1258846903218442	0.049254233173158475
2.0	10.0	10.0	0.7	2.1145356046207557	2.429393101805281	3.5520329539965436	3.1258846903218442	0.049254233173158475
2.0	10.0	10.0	0.7	2.1145356046207557	2.429393101805281	3.5520329539965436	3.1258846903218442	0.04925423317315847
2.0	10.0	10.0	0.7	2.1145356046207557	2.429393101805281	3.5520329539965436	3.1258846903218442	0.04925423317315847
2.0	10.0	10.0	0.7	2.1145356046207557	2.429393101805281	3.5520329539965436	3.1258846903218442	0.049254233173158475
2.0	10.0	10.0	0.7	2.1145356046207557	2.429393101805281	3.5520329539965436	3.1258846903218442	0.049254233173158475
2.0	10.0	10.0	0.7	2.1145356046207557	2.429393101805281	3.5520329539965436	3.1258846903218442	0.04925423317315847
2.0	10.0	10.0	0.7	2.1145356046207557	2.429393101805281	3.5520329539965436	3.1258846903218442	0.04925423317315847
2.0	10.0	10.0	0.7	2.1145356046207557	2.429393101805281	3.5520329539965436	3.1258846903218442	0.049254233173158475
2.0	10.0	10.0	0.7	2.1145356046207557	2.429393101805281	3.5520329539965436	3.1258846903218442	0.049254233173158475
2.0	10.0	10.0	0.7	2.1145356046207557	2.429393101805281	3.5520329539965436	3.1258846903218442	0.04925423317315847
2.0	10.0	10.0	0.7	2.1145356046207557	2.429393101805281	3.5520329539965436	3.1258846903218442	0.04925423317315847
2.0	10.0	10.0	0.7	2.1145356046207557	2.429393101805281	3.5520329539965436	3.1258846903218442	0.049254233173158475
2.0	10.0	10.0	0.7	2.1145356046207557	2.429393101805281	3.5520329539965436	3.1258846903218442	0.049254233173158475
2.0	10.0	10.0	0.7	2.1145356046207557	2.429393101805281	3.5520329539965436	3.1258846903218442	0.04925423317315847
2.0	10.0	10.0	0.7	2.1145356046207557	2.429393101805281	3.5520329539965436	3.1258846903218442	0.04925423317315847
2.0	10.0	10.0	0.7	2.1145356046207557	2.429393101805281	3.5520329539965436	3.1258846903218442	0.049254233173158475
2.0	10.0	10.0	0.7	2.1145356046207557	2.429393101805281	3.5520329539965436	3.1258846903218442	0.049254233173158475
2.0	10.0	10.0	0.7	2.1145356046207557	2.429393101805281	3.5520329539965436	3.1258846903218442	0.04925423317315847
2.0	10.0	10.0	0.7	2.1145356046207557	2.429393101805281	3.5520329539965436	3.1258846903218442	0.04925423317315847
2.0	10.0	10.0	0.7	2.1145356046207557	2.429393101805281	3.5520329539965436	3.1258846903218442	0.049254233173158475
2.0	10.0	10.0	0.7	2.1145356046207557	2.429393101805281	3.5520329539965436	3.1258846903218442	0.049254233173158475
2.0	10.0	10.0	0.7	2.1145356046207557	2.429393101805281	3.5520329539965436	3.1258846903218442	0.04925423317315847
2.0	10.0	10.0	0.7	2.1145356046207557	2.429393101805281	3.5520329539965436	3.1258846903218442	0.04925423317315847
2.0	10.0	10.0	0.7	2.1145356046207557	2.429393101805281	3.5520329539965436	3.1258846903218442	0.049254233173158475
2.0	10.0	10.0	0.7	2.1145356046207557	2.429393101805281	3.5520329539965436	3.1258846903218442	0.049254233173158475
2.0	10.0	10.0	0.7	2.1206114370412803	2.4487201634937388	3.5529747780793617	3.1258846903218442	-0.07869073276964522
2.0	10.0	10.0	0.7	2.1206114370412803	2.4487201634937388	3.5529747780793617	3.1258846903218442	-0.07869073276964522
2.0	10.0	10.0	0.7	2.117573520831018	2.43905663264951	3.5525038660379527	3.1258846903218442	-0.01471824979824337
2.0	10.0	10.0	0.7	2.117573520831018	2.43905663264951	3.5525038660379527	3.1258846903218442	-0.01471824979824337
2.0	10.0	10.0	0.7	2.116054562725887	2.434224867227395	3.552268410017248	3.1258846903218442	0.017267991687457553
2.0	10.0	10.0	0.7	2.116054562725887	2.434224867227395	3.552268410017248	3.1258846903218442	0.017267991687457553
2.0	10.0	10.0	0.7	2.1152950836733213	2.431808984516338	3.552150682006896	3.1258846903218442	0.033261112430308014
2.0	10.0	10.0	0.7	2.1152950836733213	2.431808984516338	3.552150682006896	3.1258846903218442	0.033261112430308014
2.0	10.0	10.0	0.7	2.1149153441470383	2.4306010431608094	3.5520918180017196	3.1258846903218442	0.041257672801733244
2.0	10.0	10.0	0.7	2.1149153441470383	2.4306010431608094	3.5520918180017196	3.1258846903218442	0.041257672801733244
2.0	10.0	10.0	0.7	2.114725474383897	2.429997072483045	3.5520623859991316	3.1258846903218442	0.04525595298744586
2.0	10.0	10.0	0.7	2.114725474383897	2.429997072483045	3.5520623859991316	3.1258846903218442	0.04525595298744586
2.0	10.0	10.0	0.7	2.1146305395023264	2.429695087144163	3.5520476699978376	3.1258846903218442	0.047255093080302166
2.0	10.0	10.0	0.7	2.1146305395023264	2.429695087144163	3.5520476699978376	3.1258846903218442	0.047255093080302166
2.0	10.0	10.0	0.7	2.1145830720615413	2.4295440944747217	3.5520403119971906	3.1258846903218442	0.048254663126730324
2.0	10.0	10.0	0.7	2.1145830720615413	2.4295440944747217	3.5520403119971906	3.1258846903218442	0.048254663126730324
2.0	10.0	10.0	0.7	2.1145593383411483	2.4294685981400015	3.552036632996867	3.1258846903218442	0.048754448149944396
2.0	10.0	10.0	0.7	2.1145593383411483	2.4294685981400015	3.552036632996867	3.1258846903218442	0.048754448149944396
2.0	10.0	10.0	0.7	2.114547471480952	2.429430849972641	3.5520347934967056	3.1258846903218442	0.04900434066155144
2.0	10.0	10.0	0.7	2.114547471480952	2.429430849972641	3.5520347934967056	3.1258846903218442	0.04900434066155144
2.0	10.0	10.0	0.7	2.114541538050854	2.4294119758889607	3.5520338737466246	3.1258846903218442	0.04912928691735496
2.0	10.0	10.0	0.7	2.114541538050854	2.4294119758889607	3.5520338737466246	3.1258846903218442	0.04912928691735496
2.0	10.0	10.0	0.7	2.114538571335805	2.4294025388471208	3.552033413871584	3.1258846903218442	0.049191760045256716
2.0	10.0	10.0	0.7	2.114538571335805	2.4294025388471208	3.552033413871584	3.1258846903218442	0.049191760045256716
2.0	10.0	10.0	0.7	2.11453708797828	2.429397820326201	3.5520331839340638	3.1258846903218442	0.04922299660920759
2.0	10.0	10.0	0.7	2.11453708797828	2.429397820326201	3.5520331839340638	3.1258846903218442	0.04922299660920759
2.0	10.0	10.0	0.7	2.114536346299518	2.4293954610657407	3.552033068965304	3.1258846903218442	0.04923861489118304
2.0	10.0	10.0	0.7	2.114536346299518	2.4293954610657407	3.552033068965304	3.1258846903218442	0.04923861489118304
2.0	10.0	10.0	0.7	2.1145359754601367	2.4293942814355107	3.5520330114809235	3.1258846903218442	0.049246424032170756
2.0	10.0	10.0	0.7	2.1145359754601367	2.4293942814355107	3.5520330114809235	3.1258846903218442	0.049246424032170756
2.0	10.0	10.0	0.7	2.1145357900404465	2.4293936916203958	3.5520329827387336	3.1258846903218442	0.049250328602664616
2.0	10.0	10.0	0.7	2.1145357900404465	2.4293936916203958	3.5520329827387336	3.1258846903218442	0.049250328602664616
2.0	10.0	10.0	0.7	2.114535697330601	2.4293933967128383	3.5520329683676386	3.1258846903218442	0.049252280887911545
2.0	10.0	10.0	0.7	2.114535697330601	2.4293933967128383	3.5520329683676386	3.1258846903218442	0.049252280887911545
2.0	10.0	10.0	0.7	2.1145356509756783	2.4293932492590598	3.5520329611820913	3.1258846903218442	0.04925325703053501
2.0	10.0	10.0	0.7	2.1145356509756783	2.4293932492590598	3.5520329611820913	3.1258846903218442	0.04925325703053501
2.0	10.0	10.0	0.7	2.114535627798217	2.4293931755321703	3.5520329575893173	3.1258846903218442	0.04925374510184674
2.0	10.0	10.0	0.7	2.114535627798217	2.4293931755321703	3.5520329575893173	3.1258846903218442	0.04925374510184674
2.0	10.0	10.0	0.7	2.1145356162094866	2.4293931386687255	3.5520329557929307	3.1258846903218442	0.04925398913750261
2.0	10.0	10.0	0.7	2.1145356162094866	2.4293931386687255	3.5520329557929307	3.1258846903218442	0.04925398913750261
2.0	10.0	10.0	0.7	2.114535610415121	2.429393120237003	3.552032954894737	3.1258846903218442	0.04925411115533054
2.0	10.0	10.0	0.7	2.114535610415121	2.429393120237003	3.552032954894737	3.1258846903218442	0.04925411115533054
2.0	10.0	10.0	0.7	2.1145356075179382	2.4293931110211417	3.5520329544456404	3.1258846903218442	0.049254172164244506
2.0	10.0	10.0	0.7	2.1145356075179382	2.4293931110211417	3.5520329544456404	3.1258846903218442	0.049254172164244506
2.0	10.0	10.0	0.7	2.114535606069347	2.4293931064132113	3.552032954221092	3.1258846903218442	0.049254202668701494
2.0	10.0	10.0	0.7	2.114535606069347	2.4293931064132113	3.552032954221092	3.1258846903218442	0.049254202668701494
2.0	10.0	10.0	0.7	2.1145356053450515	2.4293931041092462	3.552032954108818	3.1258846903218442	0.04925421792092998
2.0	10.0	10.0	0.7	2.1145356053450515	2.4293931041092462	3.552032954108818	3.1258846903218442	0.04925421792092998
2.0	10.0	10.0	0.7	2.114535605707199	2.4293931052612288	3.5520329541649547	3.1258846903218442	0.04925421029481574
2.0	10.0	10.0	0.7	2.114535605707199	2.4293931052612288	3.5520329541649547	3.1258846903218442	0.04925421029481574
2.0	10.0	10.0	0.7	2.1145356055261253	2.4293931046852375	3.5520329541368865	3.1258846903218442	0.04925421410787286
2.0	10.0	10.0	0.7	2.1145356055261253	2.4293931046852375	3.5520329541368865	3.1258846903218442	0.04925421410787286
2.0	10.0	10.0	0.7	2.114535605616662	2.429393104973233	3.5520329541509206	3.1258846903218442	0.0492542122013443
2.0	10.0	10.0	0.7	2.114535605616662	2.429393104973233	3.5520329541509206	3.1258846903218442	0.0492542122013443
2.0	10.0	10.0	0.7	2.114535605661931	2.429393105117231	3.5520329541579376	3.1258846903218442	0.04925421124808002
2.0	10.0	10.0	0.7	2.114535605661931	2.429393105117231	3.5520329541579376	3.1258846903218442	0.04925421124808002
2.0	10.0	10.0	0.7	2.114535605684565	2.42939310518923	3.5520329541614464	3.1258846903218442	0.04925421077144788
2.0	10.0	10.0	0.7	2.114535605684565	2.42939310518923	3.5520329541614464	3.1258846903218442	0.04925421077144788
2.0	10.0	10.0	0.7	2.114535605673248	2.4293931051532303	3.5520329541596922	3.1258846903218442	0.049254211009763946
2.0	10.0	10.0	0.7	2.114535605673248	2.4293931051532303	3.5520329541596922	3.1258846903218442	0.049254211009763946
2.0	10.0	10.0	0.7	2.1145356056675895	2.4293931051352304	3.5520329541588147	3.1258846903218442	0.04925421112892198
2.0	10.0	10.0	0.7	2.1145356056675895	2.4293931051352304	3.5520329541588147	3.1258846903218442	0.04925421112892198
2.0	10.0	10.0	0.7	2.1145356056704188	2.4293931051442303	3.5520329541592535	3.1258846903218442	0.04925421106934297
2.0	10.0	10.0	0.7	2.1145356056704188	2.4293931051442303	3.5520329541592535	3.1258846903218442	0.04925421106934297
2.0	10.0	10.0	0.7	2.114535605669004	2.4293931051397304	3.552032954159034	3.1258846903218442	0.04925421109913247
2.0	10.0	10.0	0.7	2.114535605669004	2.4293931051397304	3.552032954159034	3.1258846903218442	0.04925421109913247
2.0	10.0	10.0	0.7	2.1145356056697113	2.4293931051419806	3.5520329541591438	3.1258846903218442	0.04925421108423772
2.0	10.0	10.0	0.7	2.1145356056697113	2.4293931051419806	3.5520329541591438	3.1258846903218442	0.04925421108423772
2.0	10.0	10.0	0.7	2.114535605669358	2.4293931051408557	3.552032954159089	3.1258846903218442	0.049254211091685096
2.0	10.0	10.0	0.7	2.114535605669358	2.4293931051408557	3.552032954159089	3.1258846903218442	0.049254211091685096
2.0	10.0	10.0	0.7	2.1145356056695346	2.429393105141418	3.5520329541591162	3.1258846903218442	0.04925421108796141
2.0	10.0	10.0	0.7	2.1145356056695346	2.429393105141418	3.5520329541591162	3.1258846903218442	0.04925421108796141
2.0	10.0	10.0	0.7	2.114535605669446	2.429393105141137	3.552032954159103	3.1258846903218442	0.04925421108982325
2.0	10.0	10.0	0.7	2.114535605669446	2.429393105141137	3.552032954159103	3.1258846903218442	0.04925421108982325
2.0	10.0	10.0	0.7	2.11453560566949	2.4293931051412776	3.5520329541591096	3.1258846903218442	0.04925421108889233
2.0	10.0	10.0	0.7	2.11453560566949	2.4293931051412776	3.5520329541591096	3.1258846903218442	0.04925421108889233
2.0	10.0	10.0	0.7	2.114535605669468	2.429393105141207	3.552032954159106	3.1258846903218442	0.04925421108935779
2.0	10.0	10.0	0.7	2.114535605669468	2.429393105141207	3.552032954159106	3.1258846903218442	0.04925421108935779
2.0	10.0	10.0	0.7	2.114535605669479	2.429393105141242	3.552032954159108	3.1258846903218442	0.04925421108912506
2.0	10.0	10.0	0.7	2.114535605669479	2.429393105141242	3.552032954159108	3.1258846903218442	0.04925421108912506
2.0	10.0	10.0	0.7	2.1145356056694737	2.4293931051412248	3.552032954159107	3.1258846903218442	0.049254211089241426
2.0	10.0	10.0	0.7	2.1145356056694737	2.4293931051412248	3.552032954159107	3.1258846903218442	0.049254211089241426
2.0	10.0	10.0	0.7	2.114535605669471	2.429393105141216	3.5520329541591065	3.1258846903218442	0.04925421108929961
2.0	10.0	10.0	0.7	2.114535605669471	2.429393105141216	3.5520329541591065	3.1258846903218442	0.04925421108929961
2.0	10.0	10.0	0.7	2.1145356056694724	2.4293931051412203	3.552032954159107	3.1258846903218442	0.04925421108927052
2.0	10.0	10.0	0.7	2.1145356056694724	2.4293931051412203	3.552032954159107	3.1258846903218442	0.04925421108927052
2.0	10.0	10.0	0.7	2.114535605669473	2.4293931051412225	3.552032954159107	3.1258846903218442	0.04925421108925597
2.0	10.0	10.0	0.7	2.114535605669473	2.4293931051412225	3.552032954159107	3.1258846903218442	0.04925421108925597
2.0	10.0	10.0	0.7	2.1145356056694733	2.4293931051412234	3.552032954159107	3.1258846903218442	0.0492542110892487
2.0	10.0	10.0	0.7	2.1145356056694733	2.4293931051412234	3.552032954159107	3.1258846903218442	0.0492542110892487
2.0	10.0	10.0	0.7	2.1145356056694733	2.4293931051412243	3.552032954159107	3.1258846903218442	0.04925421108924506
2.0	10.0	10.0	0.7	2.1145356056694733	2.4293931051412243	3.552032954159107	3.1258846903218442	0.04925421108924506
2.0	10.0	10.0	0.7	2.1145356056694733	2.429393105141224	3.552032954159107	3.1258846903218442	0.04925421108924688
2.0	10.0	10.0	0.7	2.1145356056694733	2.429393105141224	3.552032954159107	3.1258846903218442	0.04925421108924688
2.0	10.0	10.0	0.7	2.1145356056694733	2.429393105141224	3.552032954159107	3.1258846903218442	0.04925421108924779
2.0	10.0	10.0	0.7	2.1145356056694733	2.429393105141224	3.552032954159107	3.1258846903218442	0.04925421108924779
2.0	10.0	10.0	0.7	2.1145356056694733	2.429393105141224	3.552032954159107	3.1258846903218442	0.04925421108924825
2.0	10.0	10.0	0.7	2.1145356056694733	2.429393105141224	3.552032954159107	3.1258846903218442	0.04925421108924825
2.0	10.0	10.0	0.7	2.1145356056694733	2.4293931051412234	3.552032954159107	3.1258846903218442	0.04925421108924847
2.0	10.0	10.0	0.7	2.1145356056694733	2.4293931051412234	3.552032954159107	3.1258846903218442	0.04925421108924847
2.0	10.0	10.0	0.7	2.1145356056694733	2.4293931051412234	3.552032954159107	3.1258846903218442	0.04925421108924859
2.0	10.0	10.0	0.7	2.1145356056694733	2.4293931051412234	3.552032954159107	3.1258846903218442	0.04925421108924859
2.0	10.0	10.0	0.7	2.1145356056694733	2.4293931051412234	3.552032954159107	3.1258846903218442	0.04925421108924864
2.0	10.0	10.0	0.7	2.1145356056694733	2.4293931051412234	3.552032954159107	3.1258846903218442	0.04925421108924864
2.0	10.0	10.0	0.7	2.1145356056694733	2.4293931051412234	3.552032954159107	3.1258846903218442	0.04925421108924867
2.0	10.0	10.0	0.7	2.1145356056694733	2.4293931051412234	3.552032954159107	3.1258846903218442	0.04925421108924867
2.0	10.0	10.0	0.7	2.1145356056694733	2.4293931051412234	3.552032954159107	3.1258846903218442	0.049254211089248684
2.0	10.0	10.0	0.7	2.1145356056694733	2.4293931051412234	3.552032954159107	3.1258846903218442	0.049254211089248684
2.0	10.0	10.0	0.7	2.1145356056694733	2.4293931051412234	3.552032954159107	3.1258846903218442	0.04925421108924868
2.0	10.0	10.0	0.7	2.1145356056694733	2.4293931051412234	3.552032954159107	3.1258846903218442	0.04925421108924868
2.0	10.0	10.0	0.7	2.1145356056694733	2.4293931051412234	3.552032954159107	3.1258846903218442	0.04925421108924867
2.0	10.0	10.0	0.7	2.1145356056694733	2.4293931051412234	3.552032954159107	3.1258846903218442	0.04925421108924867
2.0	10.0	10.0	0.7	2.1145356056694733	2.4293931051412234	3.552032954159107	3.1258846903218442	0.04925421108924868
2.0	10.0	10.0	0.7	2.1145356056694733	2.4293931051412234	3.552032954159107	3.1258846903218442	0.04925421108924868
2.0	10.0	10.0	0.7	2.1145356056694733	2.4293931051412234	3.552032954159107	3.1258846903218442	0.04925421108924867
2.0	10.0	10.0	0.7	2.1145356056694733	2.4293931051412234	3.552032954159107	3.1258846903218442	0.04925421108924867
2.0	10.0	10.0	0.7	2.1145356056694733	2.4293931051412234	3.552032954159107	3.1258846903218442	0.04925421108924868
2.0	10.0	10.0	0.7	2.1145356056694733	2.4293931051412234	3.552032954159107	3.1258846903218442	0.04925421108924868
2.0	10.0	10.0	0.7	2.1145356056694733	2.4293931051412234	3.552032954159107	3.1258846903218442	0.04925421108924867
2.0	10.0	10.0	0.7	2.1145356056694733	2.4293931051412234	3.552032954159107	3.1258846903218442	0.04925421108924867
2.0	10.0	10.0	0.7	2.1145356056694733	2.4293931051412234	3.552032954159107	3.1258846903218442	0.04925421108924868
2.0	10.0	10.0	0.7	2.1145356056694733	2.4293931051412234	3.552032954159107	3.1258846903218442	0.04925421108924868
2.0	10.0	10.0	0.7	2.1145356056694733	2.4293931051412234	3.552032954159107	3.1258846903218442	0.04925421108924867
2.0	10.0	10.0	0.7	2.1145356056694733	2.4293931051412234	3.552032954159107	3.1258846903218442	0.04925421108924867
2.0	10.0	10.0	0.7	2.1145356056694733	2.4293931051412234	3.552032954159107	3.1258846903218442	0.04925421108924868
2.0	10.0	10.0	0.7	2.1145356056694733	2.4293931051412234	3.552032954159107	3.1258846903218442	0.04925421108924868
2.0	10.0	10.0	0.7	2.1145356056694733	2.4293931051412234	3.552032954159107	3.1258846903218442	0.04925421108924867
2.0	10.0	10.0	0.7	2.1145356056694733	2.4293931051412234	3.552032954159107	3.1258846903218442	0.04925421108924867
2.0	10.0	10.0	0.7	2.1145356056694733	2.4293931051412234	3.552032954159107	3.1258846903218442	0.04925421108924868
2.0	10.0	10.0	0.7	2.1145356056694733	2.4293931051412234	3.552032954159107	3.1258846903218442	0.04925421108924868
