0.3856849734636111
0.38026099832351995
0.3840910487141782
0.37379116440534754
0.37929650856716235
0.2109251840948328
0.37924719631399123
0.37885865821445996
0.37899036125327973
0.2504752283465028
0.3174182045007366
0.28611659668068556
0.3139311321295776
0.3357572088467331
0.00931760027755924
0.00931888345405244
0.015556688767609397
0.016817844264451577
0.015744230519823488
0.016473147674983844
0.016524179335295302
0.017593788869170228
0.0205517962263043
0.02076129492730491
0.016527414681317378
0.018069979278431302
0.016803750365191508
0.011113259050103928
0.01095502677108271
0.010924510893050294
0.010852703760717515
0.010734748076441484
0.010403949762442397
0.010050820123329397
0.00986737376147952
0.00771121038319923
0.007706382333605554
0.002715416786578069
0.0025424071307265797
0.002513858501542172
0.0019984027251743306
0.001961076980079103
0.001886047971413326
0.0017228364198945668
0.21644714782232818
0.0530932425567058
0.0011310744369387859
0.001125018057313306
0.0004892568349501101
