0.4165760058060664
0.9434073610986078
0.8376563808853406
0.6440945315617654
0.42283533206445756
0.9807276615769392
0.9970297970278025
0.992682294074367
0.9709845214816677
0.9011244843907099
0.5549946207980478
0.3827058437320029
0.40720832260481477
0.6734165623606152
0.3970607615677573
0.35591341573858903
0.366445157080159
0.3768929210252676
0.3574152872737037
0.34523115020854134
0.34722784888344316
0.3544916859611906
0.35522803262975966
0.5388288046650854
0.3626157125348979
0.33621707352184416
0.33592100512488265
0.3422529081675226
0.3383299078761135
0.3369524359050326
0.3375956811298676
0.3372629755234356
0.33742650634704713
0.33734404756664677
0.3373851093992341
0.337364533886618
0.3373748060498071
0.33737996062668835
0.3373773674855075
0.33737609029426324
0.33737544776026546
0.33737512696842764
0.3373749664624485
0.33737504673331214
0.3373750066197948
0.3373749865672895
0.33737497649107656
0.3373749815272312
0.33737497900364594
0.33737497783626663
0.337374977148009
0.3373749768390515
0.3373749766832322
0.33737497660724997
0.33737497655208976
0.33737497652894416
0.33737497652186066
0.3373749765130622
0.3373749764560361
0.3373749765372672
0.3373749765078435
0.33737497652524795
0.33737497654086646
0.33737497653550963
0.3373749765166004
0.33737497645718356
0.33737497648252307
0.3373749764592485
0.33737497645319503
0.337374976454564
0.3373749764504813
0.33737497648355547
0.3373749764562832
0.33737497647239034
0.33737497647239034
0.3373749764521814
0.33737497647239034
0.3373749764521814
0.3373749764521814
0.33737497647239034
0.3373749764521814
0.3235612906901776
0.3713994981928963
0.3206278177467607
0.3381821138757981
0.32657737884219423
0.32165275868240123
0.8877815890602034
0.5342075308578593
0.3258849625119976
0.3223056170127305
0.32167911791916726
0.32158216760404335
0.3215956183398852
0.3216180188671572
0.3160404649309192
0.3176163001974231
0.31931820909699293
0.31839193975868546
0.31798520469299885
0.3177960260858821
0.3178894173185204
0.31784242348714126
0.3178191454106749
0.31780753767099346
0.3178017757712051
0.3177989223666567
0.3178003388883466
0.31780104756162203
0.3178014327252602
0.3178016172919177
0.31780167168421913
0.3178017409825971
0.3178017689303833
0.3178017750909565
0.3178017858447454
0.3178017976146065
0.3178017924852994
0.3178017877581239
0.3178017989950263
0.3178017744585493
0.3178017888146502
0.3178017878567664
0.31780178001399595
0.3178017990588474
0.3178018039960985
0.3178017886034865
0.3178017933251151
0.317801799677077
0.31780179430595745
0.31780178825816724
0.3178017804621919
0.3178017811869357
0.3178017950424788
0.3178017539523062
0.3178017902145731
0.3178017959922635
0.3178017880118542
0.31780179526748875
0.31780178993806435
0.31780179314865736
0.3178017902474085
0.31780179004785103
0.31780179481797266
0.3178017928267728
0.3178017539523062
0.3178017928267728
0.3178017928267728
0.3178017539523062
0.3101179738678996
0.3100052180934399
0.30616470647450955
0.30019855419353325
0.30088880676890806
0.2906440881240061
0.2918807919001898
0.2928863799720879
0.2929093502667839
0.292921016874769
0.29622887226920214
0.298389306329154
0.29959661915121033
0.30023209242567134
0.3005577966817495
0.3003942848459521
0.30031302913861324
0.3002725007468805
0.3002523101865863
0.30024220146636516
0.30024725957709425
0.30024472319354834
0.3002459936712488
0.30024536089341436
0.3002450327952881
0.30024520508210595
0.3002451122638333
0.3002451549893702
0.30024519044663245
0.30024517857959765
0.3002451586552472
0.3002451548221423
0.30024516208362073
0.300245162617483
0.30024516457877326
0.30024516309429683
0.30024516234815124
0.30024516422109676
0.3002451634720864
0.3002451644464494
0.30024516436781845
0.30024515713238276
0.30024516257394973
0.30024516188771655
0.30024516418498237
0.30024516264636747
0.3002451636250178
0.30024516212472063
0.3002451642987501
0.3002451634998127
0.30024516399277923
0.30024516353829583
0.3002451804810544
0.3002451631106343
0.30024516476769114
0.3002451639077402
0.30024517584257815
0.3002451642487223
0.3002451806138859
0.3002451642487223
0.3002451570811166
0.3002451752831228
0.3002451570811166
0.3002451752831228
0.3002451570811166
0.3002451752831228
0.5314277384144899
0.4165472767012182
0.29174800888598623
0.2879191506604604
0.2928845219584713
0.2962622219208496
0.2944981028283883
0.29367254272774534
0.293273849483383
0.29307801391729044
0.2929809772699334
0.29302941407384997
0.29300516512296015
0.2929930287163555
0.2929990767656637
0.2930021441797263
0.2930006335945998
0.29299987986248244
0.2929994937005953
0.292999293460123
0.2929992206375847
0.2929991691435808
0.292999146384189
0.29299913368755837
0.29299908335345626
0.2929990865454831
0.2929990879042048
0.2929991332760953
0.29299908838261957
0.29299908815889947
0.29299908819176024
0.2929991324848257
0.2929990882542485
0.29299908869411706
0.292999088621512
0.2929990886960976
0.292999088602725
0.2929990884559762
0.292999088532783
0.29299908863125157
0.2929990886917377
0.29299908846468414
0.2929990886872508
0.2929990882408326
0.292999088398717
0.29299908861431967
0.29299913258182064
0.2929991326119733
0.29299908862982493
0.2929990886392423
0.29299908862342705
0.29299913418218626
0.2929990886255793
0.292999088626427
0.2929991325899865
0.292999088626427
0.2929991325899865
0.27625753366214845
0.2733114625907409
0.26493291322781176
0.22003992494225943
0.24857752385548715
0.2319645522009493
0.2369610966872212
0.24475000231006672
0.23865980063684855
0.3235558135921528
0.27624617970666754
0.24565377806513256
0.24005457735034264
0.2427049956678834
0.24063313376177098
0.2416466936884013
0.24188735707498488
0.24229288513183972
0.24198072865702647
0.24213632412269576
0.24217255379356717
0.24223265437478525
0.2422466215420782
0.24226974575140925
0.24225199450755097
0.2422608698969786
0.24225405730857086
0.24225746069251697
0.24225824893607828
0.2422595595389005
0.24225855674857888
0.24225905974337159
0.2422586740962096
0.23743653105092322
0.23801692720723283
0.24013378574471322
0.24031907288610116
0.24128844915017533
0.24135919969482733
0.2418088876476372
0.24183878120748914
0.24204870053755845
0.24206205141539872
0.2421603513151772
0.24216642573249925
0.2422125653291266
0.24221540751824222
0.24223704496207704
0.24223836961544054
0.24224852589385837
0.24224913725308173
0.24225390465650315
0.24225419247013957
0.2422564348980228
0.2422565703388443
0.24225762137294693
0.24225768590963148
0.2422581787489575
0.24225820302664958
0.24225844017139891
0.24225832704225508
0.24225833448544698
0.23932470609044432
0.23300263149472922
0.23519032766699732
0.23040990702023045
0.2325407729527802
0.23380087830317198
0.23315474211715037
0.23284373104395584
0.23269122381159352
0.23276723823101253
0.2327291804667838
0.23271018774513585
0.23271970071206627
0.23271494301526896
0.23271731264886586
0.23271611384580687
0.23271553770310105
0.23271582778649125
0.23271598092990564
0.23271605666361378
0.23271608190653736
0.2327160989083119
0.23271609041040453
0.23271608582157044
0.2327160837476051
0.2327160828466781
0.23271608337508587
0.23271608345582145
0.23271608300352153
0.23271608345630407
0.232716083274506
0.23271608332726185
0.23271608357711626
0.2327160832468157
0.23271608343943712
0.23271608341786137
0.2327160832417005
0.23271608336850014
0.2327160834712575
0.23271608340576144
0.2327160834893538
0.2327160834581341
0.23271608352118206
0.2327160835808868
0.23271608347487843
0.23271608349096073
0.23271608349234918
0.23271608348790707
0.23271608346929845
0.23271608346066325
0.2327160834637267
0.23271608347812317
0.232716083483283
0.2327160834637267
0.2327160834745549
0.2327160834637267
0.22793425549110707
0.2285732150939016
0.22783934136944228
0.22809985644113706
0.2283095462557745
0.22843458871666233
0.2285022046229535
0.22853728271668594
0.2285196327226891
0.22852841935435275
0.22852403397193322
0.22852182720642072
0.228520688704951
0.2285201785432625
0.2285204550498382
0.22852058398307962
0.22852050331353657
0.2285204993170009
0.22852050860613876
0.22852050110172478
0.22852050912501698
0.22852051703328208
0.22852049996060014
0.2285205010171485
0.22852051865833256
0.2285205004921389
0.22852050037331362
0.22852050017459946
0.22852049895819598
0.22852051425475983
0.22852051860009825
0.22852051608628599
0.22852050036696403
0.22852049929496376
0.2285205001052092
0.22852049623244547
0.22852050093278664
0.2285205003550812
0.2285205145837531
0.22852050009591318
0.228520516128851
0.22852050066047558
0.22852051671932538
0.22852051787467054
0.22852050063242657
0.2285205189518127
0.22852050063435325
0.22852051902147869
0.2285205006295758
0.2285205175481161
0.22852050061878726
0.2285205006874531
0.2285205175481161
0.2285205175481161
0.2285205006874531
0.9021071564710937
0.23179389698530156
0.22837782525034428
0.2279638928232171
0.22811579231765355
0.22800888142092007
0.22797873184131823
0.22796942520530428
0.2279736016193562
0.22797140102610136
0.22797247464452325
0.2279730312688537
0.22797275031741715
0.22797289019696687
0.22797296313300475
0.2279729998837965
0.2279730147489351
0.22797302448992118
0.2279730217546614
0.22797301948163295
0.22797301958226868
0.2279730191521233
0.22797300660472453
0.22797302479976167
0.2279730208199191
0.22797301629652472
0.22797300839302936
0.22797302040539558
0.22797301342607001
0.22797301092422817
0.2279730081238398
0.22797300324926495
0.22797302634661287
0.2279730248706609
0.22797300720146135
0.2279730262129766
0.22797301560769873
0.22797300414415544
0.2279730044160279
0.22797300292983153
0.2279730127601609
0.2279730179653604
0.22797301305851997
0.22797301042873847
0.22797302489297833
0.22797302055124397
0.22797301038211976
0.22797302480354953
0.22797302618536724
0.22797301038210116
0.22797302600563307
0.22797301043236567
0.22797301035568213
0.22797301039759504
0.22797302600563307
0.22797301039759504
0.9006563929214427
0.2792168530911577
0.22873387246317212
0.2281184436628666
0.2279850179764124
0.22796359281223522
0.22796442715761173
0.2279677364108884
0.22797015167926993
0.22797152754446381
0.2279722588875689
0.22797263811302138
0.22797282695827936
0.22797292577155814
0.2279729765859828
0.22797300002254905
0.22797300599000853
0.22797301675996295
0.2279730217977458
0.22797302313033335
0.22797302313985002
0.22797301957489519
0.22797301544014287
0.22797302648151185
0.22797300493578893
0.22797301016629845
0.22797302779909367
0.22797302361152633
0.22797301351108012
0.2279730123344031
0.2279730247498709
0.22797301712545492
0.22797300888146543
0.22797302463793123
0.2279730246409039
0.22797301543758663
0.22797301181412422
0.2279730075008034
0.22797302056865515
0.22797301743454135
0.22797301364584643
0.22797301704324485
0.22797302385200935
0.2279730200018174
0.22797302503465428
0.2279730253320606
0.22797300748082872
0.2279730246452108
0.22797300748229
0.2279730248480334
0.22797300748023125
0.2279730248480334
0.22797300748023125
0.22797302534243147
0.22797300748023125
0.22797302534243147
0.22797300748023125
0.22797302534243147
0.22797300748023125
0.22797302534243147
0.22797300748023125
0.9006757779372858
0.27952957205803486
0.2287321343989303
0.2281180367438828
0.2279849548786574
0.22796359031506952
0.2279644335197476
0.22796774166333483
0.2279701432673203
0.22797152533588588
0.2279722606931862
0.227972638021941
0.22797282467098973
0.2279729159097192
0.22797297063741007
0.22797300630576928
0.22797300042502433
0.2279730196156714
0.2279730219512358
0.22797302317457369
0.22797302351701154
0.22797301539917159
0.2279730245455353
0.22797301685429228
0.22797301115799912
0.22797302413592357
0.22797302414601894
0.22797297647574
0.22797302462938307
0.22797300783648944
0.2279730132808252
0.22797301873833453
0.22797301127735664
0.22797301135064652
0.22797302164053618
0.2279730247229414
0.22797301589110114
0.2279730117229013
0.22797302183417933
0.22797300767377554
0.22797302496822652
0.22797301771004075
0.2279730185245663
0.2279730071369903
0.22797301043911095
0.22797300713572932
0.22797301048124724
0.22797300714371577
0.22797301031905765
0.2279730071408142
0.22797300714205915
0.22797301034068002
0.22797300714205915
0.2279730103178721
0.22797300714205915
0.2279730103178721
0.22797300714205915
0.2279730103178721
0.22797300714205915
0.2279730103178721
0.22797300714205915
0.2279730103178721
0.22797300714205915
0.2279730103178721
0.22797300714205915
0.2279730103178721
0.22797300714205915
0.2279730103178721
0.22797300714205915
0.2279730103178721
0.22797300714205915
0.2279730103178721
0.22797300714205915
0.2279730103178721
0.22797300714205915
0.2271311907852832
0.22550318130388863
0.22614751529732857
0.22572421205725668
0.2263709283150101
0.22598657113725334
0.2258338130308054
0.22507942477425924
0.22543594700373393
0.2256298310381667
0.22573056152261706
0.22567989079263456
0.22570515396289903
0.22571783475650276
0.22571148976294952
0.22571466829685471
0.22571622776111677
0.2257154303757558
0.22571506523637463
0.2257152639434622
0.22571535859380165
0.22571529950048186
0.22571527350135023
0.22571527581570416
0.22571526114602342
0.225715251350126
0.22571526984486523
0.225715270164061
0.22571526177028145
0.22571527791665674
0.22571527648819406
0.22571527153295434
0.22571526204235043
0.22571527194509744
0.22571524818103672
0.22571527257769375
0.22571527729579155
0.22571526817106347
0.22571527022152704
0.22571527753165072
0.22571527645763195
0.22571524775402763
0.2257152781910392
0.2257152500432178
0.22571527707144512
0.2257152543304931
0.2257152714341964
0.22571527737103247
0.22571527623773086
0.2257152727662577
0.22571527142454761
0.22571525042656093
0.22571527914194744
0.2257152774493153
0.22571526941642195
0.22571527743986408
0.22571526941642195
0.22571527743986408
0.22571526941642195
0.22571527743986408
0.22571526941642195
0.22500198429724666
0.22390665509967544
0.29448563256066596
0.22438978736696497
0.24179508309690595
0.22548830346601156
0.2311269537638188
0.2265250487837649
0.22581221760128672
0.22560303247085295
0.22553068319468889
0.22550419602498117
0.22551414669177228
0.22550793647727402
0.22551028798358463
0.2255088432468096
0.2255082878832173
0.22469331143797866
0.22496994093027295
0.22517611975821683
0.22531152333453264
0.2253944983266432
0.22544335572067042
0.2254715626745965
0.22548758905636823
0.2254966482506079
0.22550172927405782
0.22550462469849797
0.22550624437187627
0.22550714140942119
0.22550765305092796
0.22550792796553865
0.22550807473033707
0.22550818022126862
0.22343906175151768
0.2242901562548097
0.22485287562349193
0.22516891154891472
0.22533560438565037
0.22542115526110762
0.22546449876697883
0.22548629263537162
0.22549720856098016
0.22550268438595772
0.22550543084497626
0.22550681162446728
0.22550746661108245
0.22550783227416626
0.22550799085893863
0.22550807836526282
0.22550815684497388
0.22550810521516917
0.22550812454166091
0.22550811202108073
0.22550810971228347
0.22550813108870504
0.22550812928110286
0.2255081015149919
0.22550813199953856
0.22550812671028675
0.22550813773718992
0.22550808326993643
0.22550814690819876
0.22550813417465887
0.22550812603627995
0.225508113232058
0.22550812267061487
0.2255081217571595
0.22550811631627316
0.22550814378734974
0.22550811908575907
0.22550813939953313
0.22550812995874886
0.22550813036618522
0.22550813727022267
0.22550812544784066
0.22550811999236492
0.2255081452119435
0.2255081194465569
0.22550814104793188
0.22550812073408888
0.22550811985233232
0.2255081201426325
0.22550814536008312
0.2255081201426325
0.22550814536008312
0.2255081201426325
0.22550814536008312
0.2255081201426325
0.22550814536008312
0.2255081201426325
0.22550814536008312
0.2255081201426325
0.22550814536008312
0.2255081201426325
0.22550814536008312
0.3260850859768437
0.22379559457189696
0.22291975784340612
0.22376063658787987
0.22451906578812258
0.22498456327628658
0.22523906107514335
0.22537176585549157
0.22543944152315465
0.2254737150613516
0.2254908358730523
0.2254994837861597
0.22550381730984737
0.22550597859138133
0.22550703763851004
0.22550757922536802
0.22550784853243644
0.2255079969556445
0.2255080715866124
0.2255081095506924
0.2255080830311208
0.22550807693630792
0.22550809715414843
0.22550810945647726
0.22550808206830397
0.22550808111855414
0.22550808999112842
0.2255080953935501
0.2255080976351505
0.22550809677224343
0.22550810202859944
0.22550808367185388
0.22550809444529585
0.22550810344128736
0.22550809013423556
0.22550808130568661
0.22550809648593856
0.2255080988455277
0.22550808430116143
0.22550809777129843
0.2255080414611632
0.225508085541544
0.22550810300786495
0.22550809938734107
0.225508108068741
0.22550810782771785
0.225508059831025
0.22550809754753265
0.22550810351169592
0.2255080726335938
0.22550807842269943
0.22550810653234382
0.22550810782771785
0.22550807733911782
0.22550810782771785
0.22550807733911782
0.22550810782771785
0.22550807733911782
0.22550810782771785
0.22550807733911782
0.22550810782771785
0.22550807733911782
0.22550810782771785
0.22550807733911782
0.22550810782771785
0.22550807733911782
0.22550810782771785
0.3260854885494474
0.22379555599396767
0.22291976261880853
0.22376062916288475
0.224519004351736
0.22498452739808428
0.2252390136816365
0.22537173978509012
0.22543940959650177
0.2254736161219858
0.22549085225362397
0.2254994586262346
0.2255037909009044
0.22550592414614623
0.22550701645587873
0.22550756284039525
0.22550729191701646
0.2255074242364321
0.22550746731530757
0.22550753083812103
0.22550755120716331
0.22550755113114468
0.2255075572314485
0.22550753542817326
0.2255075585828047
0.22550754952439273
0.2255075422786489
0.22550755403445327
0.22550755716993998
0.22550754558057023
0.2255075660254085
0.22550755009369022
0.22550753791298267
0.2255075612255475
0.22550756218878415
0.22550755490199015
0.22550756278318773
0.2255075449997736
0.22550755553533652
0.22550754804095285
0.22550756182652182
0.22550754337376877
0.22550756079213918
0.22550754254837613
0.22550757102380242
0.2255075563520022
0.22550755510943032
0.22550755519395554
0.2255076008542553
0.2255075403122616
0.2255075403122616
0.22550755125183092
0.2255076008542553
0.22550755125183092
0.2255076008542553
0.22550755125183092
0.2255076008542553
0.22550755125183092
0.2255076008542553
0.22550755125183092
0.2255076008542553
0.22550755125183092
0.2255076008542553
0.2255729389472264
0.2227413126529304
0.22338116250462425
0.22425472578437738
0.2248333395020099
0.22515843348260162
0.22532997555405104
0.2254180366520781
0.22546258019695903
0.2254850155148837
0.22549628495979918
0.22550191116014806
0.22550474013196364
0.22550613966781363
0.22550685035992368
0.2255071693605301
0.22550736614193256
0.22550746904895758
0.22550751582381523
0.22550753657960115
0.2255075413514594
0.22550755653829646
0.22550750958753485
0.2255075347093018
0.2255075416424454
0.22550755466550032
0.2255075665408628
0.22550754772386178
0.22550752131968343
0.22550756471906253
0.2255075458986388
0.2255075403081312
0.2255075132451887
0.22550753316275435
0.22550755710846598
0.2255075577658769
0.22550755882106643
0.22550754960880087
0.22550755933870892
0.22550752867587465
0.2255075421011964
0.22550754608257617
0.22550755851808274
0.2255075506172401
0.22550754869904055
0.22550755608096656
0.22550754595934752
0.2255075361360922
0.22550756032060515
0.22550755959086116
0.22550755959086116
0.2255076008542553
0.22550756497578917
0.2255076008542553
0.22550756497578917
0.2255076008542553
0.22550756497578917
0.2255076008542553
0.22550756497578917
0.2255076008542553
0.22550756497578917
0.2255076008542553
0.22550756497578917
0.2255076008542553
0.22550756497578917
0.2255076008542553
0.22550756497578917
0.2255076008542553
0.22550756497578917
0.2255076008542553
0.22550756497578917
0.2255076008542553
0.22550756497578917
0.2255076008542553
0.22550756497578917
0.2255076008542553
