0.008474017723286906
1.5347205811396187
1.8741640839721878
5.507720466500888
-20.291240492332392
-0.8509060057357118
-0.27418441822501155
-0.13278444346400428
-1.472893678018526
-0.993149662376875
-0.11723543139042499
0.04939643748187718
0.4754399730839848
-2.4939092791618482
3.9411740277691543
-26.453357373692302
-62.347894100208826
-57.64132056577339
-34.36745024626959
-19.003300961803767
-9.732363624668897
-4.883270918698578
-2.4378588984886247
-1.2142038207687684
-0.6026700455874442
-0.2970397079140391
-0.14426773842330035
-0.06789266595129467
-0.029708148981841615
-0.010616774125760158
-0.00107131495533371
0.008474043512230493
0.0037013888362592037
0.0013150425008932646
0.00012186756086139512
-0.0010713031058799647
-0.0004747149320317109
-0.000176422149915903
-2.7276713877545627e-5
0.0001218688101570155
4.729721077202268e-5
1.0010255477669565e-5
-2.7275565907396653e-5
-8.632176352693318e-6
6.892618729370338e-7
-3.972152592619829e-6
1.0010131251436368e-5
3.0193324236496874e-6
-3.9721355906905624e-6
-4.765584567712423e-7
3.0189960354096573e-6
1.2721087257597588e-6
3.9732254326577827e-7
-3.970052826372778e-8
1.789426339415077e-7
-4.764937596363966e-7
-1.4844912875669296e-7
1.5177534363468193e-8
-6.63726803181537e-8
1.7891246744405502e-7
5.650928926747119e-8
-5.38781672974004e-9
2.522437042275122e-8
-6.620747492995294e-8
-1.9694768102376985e-8
2.6101216356193745e-8
2.2240689474564256e-9
-2.1575635004072634e-8
-9.11334222601138e-9
-4.141675128297428e-9
-6.398659736606548e-10
3.0470579985785917e-9
6.917307588225995e-10
2.0870780581532532e-10
-1.2341583506597612e-9
-4.908857268171623e-10
7.583670606338786e-10
4.117401494482178e-10
-4.478542995351084e-10
-3.2959442354737945e-10
1.3559964715450737e-11
3.5052639173341397e-10
3.907835087974713e-10
2.0475290695631036e-10
-1.189820979397416e-10
-1.267408328776539e-9
5.855923422825617e-10
-5.840092919346058e-10
1.888918289415295e-10
-1.269763219676109e-12
3.907835087974713e-10
5.286665110751625e-10
9.171952485221515e-11
-6.0246373920685e-10
-9.872779478015745e-10
3.278777289065333e-10
-6.309137041580559e-10
-9.48956854246818e-11
-3.8380728545498893e-10
-8.867687665160809e-11
-2.50609016604183e-10
-4.0728280307146935e-10
-3.491195246213162e-10
-2.50609016604183e-10
-3.491195246213162e-10
-2.50609016604183e-10
-3.491195246213162e-10
-2.50609016604183e-10
-3.491195246213162e-10
-2.50609016604183e-10
-3.491195246213162e-10
-2.50609016604183e-10
-3.491195246213162e-10
-2.50609016604183e-10
-3.491195246213162e-10
-2.50609016604183e-10
-3.491195246213162e-10
-2.50609016604183e-10
-3.491195246213162e-10
-2.50609016604183e-10
-3.491195246213162e-10
-2.50609016604183e-10
