0.00846187045278037
1.5345625241526921
1.8740174592199943
5.50741568337018
-20.2887782406791
-0.8511085380175389
-0.27427055574631803
-0.1328786759011437
-1.473001923056243
-0.9932189679907834
-0.11715430784915085
0.04940562264941175
0.475367946915841
-2.493954749939051
3.9410662938694414
-26.453862857566055
-62.347837697738356
-57.64107201905855
-34.36719890979768
-19.0031337653062
-9.732279066447365
-4.883234070943358
-2.4378464929892347
-1.2142037020334902
-0.602676060059902
-0.297048790709466
-0.1442783808639644
-0.06790403812840519
-0.02971991356522781
-0.010628729393026698
-0.0010833664229494336
0.003689276679844953
0.0013029612231943595
0.00010980162634474643
-0.0004867799853648686
-0.00018848755008340728
-3.9342967495862766e-5
3.522983872921026e-5
-2.0562558517269967e-6
1.6586617817656677e-5
-1.1378153668850973e-5
2.6053723069318965e-6
-4.38666022500185e-6
6.100639548825382e-6
8.575327748361017e-7
-1.7646493279597545e-6
-4.5368314981152724e-7
2.0174961620035778e-7
-1.2601370700210387e-7
3.8336900769943184e-8
-2.08110647006882e-7
-8.574100751499857e-8
-2.3981951463355924e-8
7.64253828704518e-9
-8.694520790832366e-9
0.01154590406977627
0.011482624683514818
-0.0076200272748601725
0.011260158896157389
0.07031019455053814
0.01909174143365309
0.015490163195905859
0.026066692436854923
0.026065423819176158
-0.15704892918862146
-0.39667975718368315
-11.033161342054719
32.331955157711285
78.3116555126215
78.3464382159022
57.76456038217941
37.71870768248019
20.766333108761167
10.628464356793911
5.331769739858452
2.6642214745670336
1.3309260006591888
0.6650733084108943
0.33242691863724727
0.16618499583417665
0.08308531563064558
0.04154074805855448
0.02076982940243142
0.010384791557694267
0.005192409423573282
0.0025962042582492414
0.001298102089306771
0.0006490489033405487
0.0003245209857811895
0.00016225672054280042
8.112513522097466e-5
4.0558385131067635e-5
2.027479445288678e-5
1.0134091165785958e-5
5.062120339129913e-6
2.5272167748430686e-6
1.2596117328222252e-6
6.257305783096246e-7
3.0804913944795386e-7
1.509916211080765e-7
6.989555191756734e-8
3.092554042727965e-8
1.1996464057976698e-8
1.5937271652148913e-9
-4.175523228102417e-9
-1.929955725905937e-9
6.244902439049376e-10
-1.4023066253287388e-10
8.666063006921791e-10
-2.5308649687708136e-10
2.481643968752609e-10
3.397215417673393e-10
-7.552974455549778e-10
2.8187011041911727e-10
1.994595102903016e-10
-8.886803849378474e-10
5.486832119710304e-10
-1.7346860802478253e-10
-5.535877834531199e-10
-5.867786355654783e-10
-2.1309568460081463e-10
-2.6927304847905446e-10
-4.580672011438907e-10
-1.802390433948248e-10
-4.580672011438907e-10
-1.802390433948248e-10
-4.580672011438907e-10
-1.802390433948248e-10
-4.580672011438907e-10
-1.802390433948248e-10
-4.580672011438907e-10
-1.802390433948248e-10
-4.580672011438907e-10
-1.802390433948248e-10
-4.580672011438907e-10
-1.802390433948248e-10
-4.580672011438907e-10
-1.802390433948248e-10
-4.580672011438907e-10
-1.802390433948248e-10
-4.580672011438907e-10
-1.802390433948248e-10
-4.580672011438907e-10
-1.802390433948248e-10
-4.580672011438907e-10
-1.802390433948248e-10
-4.580672011438907e-10
-1.802390433948248e-10
