0.017884824123520937
0.9976646024236604
0.9993107199078161
0.9997622752475969
0.9627365471374426
0.9802236722063395
0.9327201836710706
0.6537563957357272
0.023808355725561448
0.00027617931191736833
0.9424267106727181
0.5007282349255648
0.16236023110636089
0.043681904497503976
0.01100321279969202
0.009700644868870234
0.0024327798669003253
0.0011432271718576636
0.00041723209633887093
0.00028744174443900983
0.0002579226780786148
0.0002577583918547677
9.86265136113662e-5
8.202854082806077e-5
0.0005287482402352439
0.0002226460474659131
0.00013157889813331103
0.00010160565181099868
9.051629192247113e-5
8.594696445179961e-5
8.390590822060506e-5
8.294679031989327e-5
8.24824371672972e-5
8.22538851025234e-5
8.214082816443424e-5
8.208446929192093e-5
8.205632944602304e-5
8.204226169317153e-5
8.203523150496217e-5
8.203213021867883e-5
8.203033224613021e-5
8.202943639307181e-5
8.202898828857386e-5
8.202876408791582e-5
8.202865329520748e-5
8.202859709516286e-5
8.202856945449533e-5
8.202858306172178e-5
8.202857572559008e-5
8.202857922684492e-5
8.202857711037126e-5
8.20285780215313e-5
8.202857932171348e-5
8.202857952854803e-5
8.202857846745237e-5
8.202857987454903e-5
8.202857849204381e-5
8.202857887334991e-5
8.2028579025617e-5
8.202857822858789e-5
8.202857826489218e-5
8.20285791411357e-5
8.202857919331619e-5
8.20285791645059e-5
8.202857908840011e-5
8.202857882655401e-5
8.202857884537229e-5
8.202857684047604e-5
8.202857885947212e-5
8.202857979644484e-5
8.202857982164691e-5
8.202857982320122e-5
8.202857981903788e-5
8.202857981687295e-5
8.202857981248757e-5
8.202857879247016e-5
8.202857880146297e-5
8.202857986072676e-5
8.202857883315984e-5
8.202857883315984e-5
8.202857986072676e-5
8.202857883315984e-5
8.202857986072676e-5
8.202857883315984e-5
8.202857986072676e-5
8.202857883315984e-5
8.202857986072676e-5
8.202857883315984e-5
8.202857986072676e-5
8.202857883315984e-5
8.202857986072676e-5
8.202857883315984e-5
8.202857986072676e-5
0.0005287501651094484
0.00022264667516480596
0.00013157906310734546
0.00010160576945633659
9.051636899393145e-5
8.59470176335364e-5
8.39059531893005e-5
8.294683152176852e-5
8.248247658410035e-5
8.225392211674842e-5
8.214086608349103e-5
8.208450750685214e-5
8.20563670359542e-5
8.204229914582362e-5
8.203526892602842e-5
8.203217043856181e-5
8.20303707018133e-5
8.202947430541174e-5
8.202902615772611e-5
8.202880254815081e-5
8.202869070500496e-5
8.202863517992043e-5
8.202860730466277e-5
8.202862067518968e-5
8.20286142093063e-5
8.202861726142041e-5
8.202861582362608e-5
8.202861434214448e-5
8.2028616883556e-5
8.202861769068814e-5
8.202861709016851e-5
8.202861648742843e-5
8.202861610928647e-5
8.202861727302224e-5
8.20286169039286e-5
8.202861733169753e-5
8.202861721690047e-5
8.202861759715185e-5
8.20286172061313e-5
8.202861723566324e-5
8.202861609196699e-5
8.202861723805022e-5
8.202861721418042e-5
8.20286172847906e-5
8.202861723233257e-5
8.202861678185958e-5
8.202861607331524e-5
8.20286167700357e-5
8.202861609762913e-5
8.20286167949047e-5
8.202861682798934e-5
8.202861676565032e-5
8.202861610079326e-5
8.202861612072176e-5
8.202861676565032e-5
8.202861612072176e-5
8.202861676565032e-5
8.202861612072176e-5
8.202861676565032e-5
8.202861612072176e-5
8.202861676565032e-5
8.202861612072176e-5
8.202861676565032e-5
8.202861612072176e-5
8.202861676565032e-5
