0.9920543828471414
0.981001290487431
0.9449579453817536
0.8151092019581989
0.7505527696088587
0.455259634048146
0.9997246057682321
0.9999393975402548
0.9011230831911948
0.9951426677307809
0.8437532643259372
0.9498085572536261
0.6826062289151554
0.5455509314867945
0.47852855671965266
0.4599511997879836
0.45615153957091337
0.4554272745783021
0.45529100241416753
0.45526547505028575
0.455260717333892
0.45525988411180135
0.4552597276838898
0.455259648868531
0.45525964321302753
0.45525959961704154
0.455259630878751
0.45525959961704154
0.45525960408286686
0.45525959961705104
0.45525963149219695
0.45525959961705104
0.4552596365934394
0.45525959961705104
0.45525962145206295
0.45525959961705104
0.45525962746232357
0.45525959961705104
0.45525959961677764
0.4552595996169825
0.45525959961677764
0.45525959961698204
0.45525959961677764
0.455259599612374
0.45525959961677764
0.45525959961664414
0.45525959961677764
0.45525959961664414
0.45525959961677764
0.45525959961664414
0.45525959961677764
0.45525959961664414
0.45525959961677764
0.45525959961664414
0.45525959961677764
0.45525959961664414
0.45525959961677764
0.45525959961664414
0.45525959961677764
0.45525959961664414
0.45525959961677764
0.9998152404393312
0.2799769594453378
0.530301186309296
0.27067492243528385
0.1854133630219037
0.21396771673282883
0.15747887711149666
0.06724780201477693
0.033789658985151516
0.03170033119491089
0.03144730707856164
0.03248439116795426
0.031549442124389704
0.03145895315268182
0.03144867851290001
0.0314474693107345
0.031447373733367256
0.031447305762097644
0.03144728397401636
0.031447282326112824
0.0314472824968694
0.03144728358210175
0.031447282326112824
0.031447284196079506
0.031447282326112824
0.03144728195014501
0.03144728267677799
0.03144728195014501
0.031447282185032455
0.03144728195014501
0.03144728219902404
0.03144728195014501
0.03144728217569315
0.03144728195014501
0.031850306094795944
0.03150698022560516
0.03146383708932504
0.03145023289327997
0.03144783523174072
0.0314473531029652
0.03144732980484444
0.03144727708294992
0.031447326186420654
0.03144736138483872
0.03144736582729529
0.031447351202046225
0.03144727708294992
0.0314473644108334
0.03144727708294992
0.03144728720934564
0.03144727708294992
0.03144727704954381
0.03144728718047868
0.03144727704954381
