0.00846187045278037
-2.5044412074235627
-2.521200934726528
-0.3365904048169012
-0.04186016391426947
-0.0012396049807261015
0.0036108110530771145
-8.768985343672219e-5
0.0023779765005875583
0.00028085420958720396
-3.998338097916849e-6
0.00018590373360045383
2.3694773258100905e-5
1.0867517454117786e-6
-1.4523440433365972e-6
7.958830063891309e-8
-9.420805033983424e-7
-8.406199743593091e-8
3.8438902051293385e-10
-5.6355054008382815e-8
-7.3984016419702395e-9
-1.1832008785635862e-9
-1.9872639423249702e-10
9.143161628516231e-11
-3.5600002744696043e-10
9.143161628516231e-11
-21.75752691587422
-0.7571042545736382
-57.16092744592906
-1.140106827571359
-0.1410210387521562
-0.019471997376665787
-0.0027272102645097447
-0.0003827232163411621
-5.372455717361036e-5
-7.540675240303231e-6
-1.058822805665033e-6
-1.478315833161841e-7
-2.1044415505262296e-8
-2.7936993711397174e-9
1.7174307456405523e-10
-8.48987233271463e-10
-8.208028700114886e-10
1.8842451318055613e-10
1.7174307456405523e-10
1.8842451318055613e-10
1.7174307456405523e-10
1.8842451318055613e-10
1.7174307456405523e-10
1.8842451318055613e-10
1.7174307456405523e-10
1.8842451318055613e-10
1.7174307456405523e-10
1.8842451318055613e-10
1.7174307456405523e-10
1.8842451318055613e-10
1.7174307456405523e-10
1.8842451318055613e-10
1.7174307456405523e-10
1.8842451318055613e-10
1.7174307456405523e-10
-21.757523955458417
-0.7571040949548086
-57.16091753733244
-1.1401066928007646
-0.1410210255822101
-0.01947199596678267
-0.00272721021770158
-0.0003827232128841671
-5.372452229505643e-5
-7.542041799343915e-6
-1.0577352703820302e-6
-1.487904553010033e-7
-2.1806625447946493e-8
-3.235508411016727e-9
-1.0948588907744792e-9
9.38864052571941e-11
2.097777651295831e-10
9.38864052571941e-11
7.5959478114545e-11
1.2388676434801938e-10
7.5959478114545e-11
4.479167530591198e-11
1.1955874279731795e-10
4.479167530591198e-11
4.479167530591198e-11
4.479167530591198e-11
1.1955874279731795e-10
4.479167530591198e-11
1.1955874279731795e-10
4.479167530591198e-11
1.1955874279731795e-10
4.479167530591198e-11
1.1955874279731795e-10
4.479167530591198e-11
1.1955874279731795e-10
4.479167530591198e-11
1.1955874279731795e-10
4.479167530591198e-11
-0.9181992441350547
