0.017884824123520937
0.9976646024236604
0.9993107199078161
0.9997622752475969
0.9627365471374426
0.9802236722063395
0.9327201836710706
0.6537563957357272
0.023808355725561448
0.00027617931191736833
0.0007283097834557273
0.0002571285772913212
0.00026327514804114216
0.0002716246731503391
0.00026637056289396943
0.00026456765569649043
0.0002627778917909662
0.0002635468992176482
0.00026399046571712326
0.000264242770035894
0.000264472761257295
0.000264345075269512
0.00026440200888189214
0.00026417781249077343
0.00026427631442677013
0.00026433160646877063
0.0002643815351301426
0.00026435391537243946
0.0002643224836606506
0.000264336331533499
0.00026434880750059175
0.0002643419109888412
0.0002643449955335164
0.0002643327871391654
0.00026433816733673066
0.0002643411767316861
0.00026434285984017203
0.00026434380104312094
0.00026434464861885276
0.0002643441801233326
0.00026434364600191884
0.0002643438813778598
0.00026434401307734445
0.0002643440866558766
0.0002643441280157366
0.00026434416503662295
0.000264344144554729
0.00026434415354825713
