0.9920543828471414
0.981001290487431
0.9449579453817536
0.8151092019581989
0.7505527696088587
0.455259634048146
0.9882897419341683
0.8932703769471592
0.43613047688939044
0.9348089739666083
0.9719159860386223
0.8000324933026445
0.5126209721437177
0.44761389017399933
0.43782262867700217
0.43638159106702806
0.4361686714106753
0.4361360826685711
0.4361312236955097
0.4361305753727908
0.43613047370417146
0.4361305812311621
0.43613047370417146
0.9337825918094045
0.22043685961419662
0.23876804666297824
0.1874422482928823
0.2106157800724045
0.19645819862721048
0.1967487898153255
0.19098927206270105
0.187426492849457
0.18546793387678262
0.18639936860194767
0.18561615300571827
0.18549556038205517
0.18547334022860296
0.18546897641718885
0.18546826820427992
0.18546778141765313
0.1854679991861775
0.18546784142776152
0.18546778234100758
0.18546789749353348
0.18546778141765313
0.17906655657740478
0.17394150333721492
0.16400791800383552
0.33502759605148347
0.16694966714488407
0.16406128864888725
0.16399822108172296
0.16400495485996702
0.16400728587908214
0.16400784272862645
0.16400786565361525
0.16400782396053226
0.16400783749489434
0.1640078683613556
0.16400782265630381
0.16400769295381207
0.16400786488982305
0.16400785542651286
0.16400787955495383
0.1640078653976898
0.16400769295381207
0.3718968037069421
0.20037300443717887
0.15335113651486404
0.14585538024547984
0.30347986149037565
0.14849220127381113
0.1460693642201938
0.14588912686044875
0.14586219729339422
0.14585675330236986
0.14585569940852544
0.1458554480050478
0.14585539520783303
0.14585538305238988
0.14585538094024642
0.14585537860725656
0.14585538054995034
0.14585538006727888
0.14585538380361407
0.14585537860725656
0.1402449590813135
0.13530075915730727
0.1423998644258856
0.13362826524264082
0.13284622222579262
0.13466008626216402
0.132744973219592
0.1328137275081563
0.13274750226968235
0.13274479909934517
0.13274470793831505
0.13274469896612995
0.13274500238828102
0.13274477140831392
0.13274471860064835
0.1327447049144478
0.1327447022612585
0.13274470314565923
0.1327447043612065
0.13274470076010947
0.13274469896612995
0.14738423029315295
0.1269860495570716
0.12157086244370297
0.2828127617548042
0.12363486254197098
0.12179977406330122
0.12161054099307805
0.1215783617548638
0.12157211147485991
0.12157097799128719
0.12157091385429553
0.12157076771137199
0.12157079291233908
0.12157078925884701
0.1215707737386797
0.12157087502308817
0.12157076771137199
0.11689935561022446
0.11262582558860135
0.18084456950994743
0.11301144941936492
0.11263477543187317
0.11262544410237563
0.11262570267115218
0.11262588484348796
0.11262589805631307
0.11262588604757423
0.11262588361921577
0.11262587293142723
0.11262587843726679
0.11262594024895334
0.11262582558860135
0.10882941311781125
0.10539749884331068
0.1286395623432724
0.10505769509857782
0.10508562724604331
0.10503974688285056
0.10505313091399932
0.10505663868032916
0.10505752336325724
0.10505758464464005
0.10505762110220856
0.10505762888940867
0.10505764329053896
0.10505764608627854
0.10505764338062978
0.10505758464464005
0.10217347599320559
0.1003344341223229
0.09876310181500858
0.09736527862128141
0.09219436156136557
0.07887286915123437
0.1625761949232989
0.07757074479305415
0.08194339420081509
0.0779848845227254
0.07763765485459095
0.07758316518737768
0.07757305788636004
0.07757115324031261
0.07757083945962973
0.07757076624618109
0.07757074890732052
0.0775707460321926
0.0775707450373051
0.07757074527103092
0.07757074479305415
0.265130791193836
0.07801449032224717
0.07734376323783965
0.07725834606702697
0.07731797018681891
0.07730048419643987
0.07728858291829399
0.07729804802221518
0.0773001449026971
0.07730040001675959
0.07730044387983248
0.07730043374390116
0.07730044130914737
0.07730044364622629
0.07730044426659466
0.0773004443564222
0.07730044446398354
0.07730044410056375
0.07730044415833581
0.07730044387983248
0.0772525512208122
0.0772879602129315
0.07729784223931535
0.07730004621425557
0.07730041177513258
0.07730043401391867
0.07730044163310135
0.07730044346802778
0.07730044388759727
0.07730044406644454
0.07730044370917144
0.07730044416592452
0.07730044392963054
0.0773004439670334
0.07730044348246912
0.0773004441251387
0.07730044402117875
0.07730044393706359
0.07730044382061252
0.07730044375471012
0.07730044348246912
0.07730044375471012
0.07730044348246912
0.07730044375471012
0.07730044348246912
0.07730044348246912
0.07730044375471012
0.07730044348246912
0.07730044375471012
0.07730044348246912
0.07730044375471012
0.07730044348246912
0.07730044369654043
0.07730044436719674
0.07730044435296662
0.07730044405873493
0.07730044437090394
0.07730044370882067
0.07730044348246912
0.07730044348246912
0.07730044379302914
0.07730044348246912
0.0773004437838648
0.07730044348246912
0.07730044385178891
0.07730044348246912
0.07730044385178891
0.07730044348246912
0.07730044348246912
0.07730044385178891
0.07730044348246912
0.07730044348246912
0.07730044348246912
0.07730044385178891
0.07730044348246912
0.07730044348246912
0.07730044385178891
0.07730044348246912
0.07730044385178891
0.07730044348246912
0.07730044385178891
0.07730044348246912
0.07730044385178891
0.07730044348246912
0.07730044385178891
0.07730044348246912
