2.9067421583317543e-5
0.9972154807446402
0.00032562816092784885
3.4463261609662954e-5
2.91678177939958e-5
2.9068527183429005e-5
2.9066878710903854e-5
2.906793866480628e-5
2.9067091452505966e-5
2.906777642208702e-5
2.906790078444077e-5
2.9067816998629148e-5
2.906788827167217e-5
2.9067898424384175e-5
2.9067899617651882e-5
2.9067898877188636e-5
2.9067899410817333e-5
2.9067898922319202e-5
2.9067898975498885e-5
2.9067898989931784e-5
2.906789895740225e-5
2.9067899009638243e-5
2.906789901524487e-5
2.906789899559392e-5
2.906789903939222e-5
2.906789899559392e-5
0.9123230776486657
0.9950973805248405
0.23562897416368628
8.983116906768895e-5
3.0051691797594593e-5
2.909419949226333e-5
2.906946930791854e-5
2.9068077826877037e-5
2.90679233027058e-5
2.9067902282742253e-5
2.9067899477874803e-5
2.9067898985046803e-5
2.906789902112905e-5
2.9067898997703345e-5
2.9067898940193793e-5
2.906789901957474e-5
2.9067899045998047e-5
2.9067898939749703e-5
2.9067898940193793e-5
2.9067898939749703e-5
2.9067898940193793e-5
2.9067898939749703e-5
2.9067898940193793e-5
2.9067898939749703e-5
2.9067898940193793e-5
2.9067898939749703e-5
2.9067898940193793e-5
2.9067898939749703e-5
2.9067898940193793e-5
2.9067898939749703e-5
2.9067898940193793e-5
2.9067898939749703e-5
2.9067898940193793e-5
2.9067898939749703e-5
2.9067898940193793e-5
0.9123231364955787
0.9950973778314745
0.23562879962698485
8.983115475968972e-5
3.005169165470889e-5
2.909419948698977e-5
2.906946929059906e-5
2.9068077784466517e-5
2.9067923249526118e-5
2.9067902377888366e-5
2.9067899330548208e-5
2.906789902690221e-5
2.906789906731433e-5
2.906789900658513e-5
2.9067899043944134e-5
2.9067898949353133e-5
2.906789893286632e-5
2.9067898949353133e-5
2.906789895162909e-5
2.9067898945744908e-5
2.906789895162909e-5
2.9067898954793225e-5
2.9067898945744908e-5
2.9067898954793225e-5
2.9067898954793225e-5
2.9067898954793225e-5
2.9067898945744908e-5
2.9067898954793225e-5
2.9067898945744908e-5
2.9067898954793225e-5
2.9067898945744908e-5
2.9067898954793225e-5
2.9067898945744908e-5
2.9067898954793225e-5
2.9067898945744908e-5
2.9067898954793225e-5
2.9067898945744908e-5
2.9067898954793225e-5
0.9974358509456152
