0.01727173983344693
0.9998811198050745
0.999881451212484
0.9969677865701311
0.9988885887002196
0.9993218813011465
0.9903879095042655
0.9921893327627365
0.99755224464729
0.9992688644759804
0.9977419588799565
0.9989289900636376
0.9983596032533159
0.9987208755036169
0.9990808385123211
0.998924452269606
0.998826944004268
0.9987738086710716
0.9987994355774222
0.9987574061959064
0.9987776717979904
0.9987670354396679
0.9987703355415484
0.9987686389111264
0.9987694738794102
0.9987544887134051
0.9987609714240294
0.9987646178249031
0.9987666890055265
0.9987678833126554
0.9987500080978621
0.9987589792878329
0.9987634388104109
0.998765664873493
0.9987667710473676
0.9987673293502726
0.9987676031217371
0.9987677431632701
0.9987676742456729
0.9987677080694738
0.9987677277442881
0.9987677113557726
0.9987677235874977
0.998767719951096
0.9987677159889677
0.9987677207359926
0.9987677196027548
0.9987677186465763
0.998767719747369
0.9987677187275052
0.9987677198600062
0.9987677116600447
0.9987677187037612
0.9987677131319005
0.9987677221503106
0.9987677142197628
0.9987677209357211
0.9987677204601183
0.9987677207064518
0.9987677187118292
0.9987677229635931
0.9987677189113217
0.9987677184455517
0.9987677167398816
0.998767714298167
0.9987677169492956
0.9987677168456671
0.9987677142378782
0.9987677190829651
0.9987677190645627
0.9987677190414762
0.9987677146486817
0.9987677145435799
0.9987677146486817
0.9987677145435799
0.9987677146486817
0.9987677145435799
0.9987677146486817
0.9987677145435799
0.9983328307434883
0.9986537245960672
0.9987112717301811
0.9987398286350175
0.9987538793044877
0.9987608248977327
0.998764281624472
0.9987660012280587
0.998766862467597
0.9987672844681498
0.9987675058754553
0.9987676101727561
0.998767552719452
0.9987675820967069
0.9987675691890557
0.9987675610177493
0.9987675567902724
0.9987675566228024
0.9987675590839914
0.9987675593142455
0.998767549201723
0.9987675623022509
0.9987675597983708
0.9987675613659976
0.9987675558865682
0.9987675615100622
0.9987675523344037
0.9987675600382345
0.9987675557823205
0.9987675583988658
0.9987675550892824
0.9987675572144921
0.9987675596000386
0.9987675559865685
0.9987675572447816
0.9987675542767543
0.9987675605954458
0.9987675586812086
0.9987675576990472
0.9987675567951358
0.9987675604683305
0.9987675589476105
0.9987675579541394
0.9987675582933341
0.9987675573861332
0.9987675582220085
0.9987675572447816
0.9987675582220085
0.9987675572447816
0.9987675582220085
0.9987675572447816
0.9987675582220085
0.9987675572447816
0.9987675582220085
0.9987675572447816
0.9987675582220085
0.9987675572447816
0.9987675582220085
0.9983327544059287
0.9986535275670713
0.9987110866668931
0.9987396580388387
0.9987537144265387
0.9987606583478523
0.9987641185861975
0.9987658376851931
0.9987667026826843
0.9987671270732623
0.9987673378317046
0.9987674501751708
0.998767399643597
0.9987673698544756
0.998767359578366
0.9987673494336747
0.998767358130018
0.9987673514505745
0.9987673530989728
0.9987673472755136
0.9987673526203906
0.9987673552403525
0.9987673552994536
0.998767352269448
0.998767351028181
0.9987673554695156
0.9987673500540613
0.9987673463971193
0.9987673545817106
0.9987673519107377
0.9987673516916665
0.9987673537078423
0.9987673522058554
0.9987673483290822
0.9987673474899527
0.9987673534993804
0.9987673553562789
0.9987673545060886
0.9987673532836545
0.9987673478509549
0.9987673523450823
0.9987673470811786
0.998767354752899
0.998767355053821
0.9987673551780211
0.9987673558544296
0.998767355053821
0.9987673558544296
0.998767355053821
0.9987673558544296
0.998767355053821
0.9987673558544296
0.998767355053821
0.9987673558544296
0.998767355053821
0.9987673558544296
0.998767355053821
0.9987673558544296
0.99833265715886
0.9986532592032533
0.9987108451570194
0.9987394319495869
0.9987534966573302
0.9987604479847869
0.9987639128928455
0.9987656327308644
0.9987664939216122
0.9987669246822769
0.9987671389335412
0.9987672465375097
0.9987671920705065
0.9987671695519358
0.9987671773376153
0.9987671758183687
0.9987671881359057
0.9987671886389845
0.9987671838611982
0.9987671887837963
0.9987671755992021
0.9987671815722641
0.9987671890733024
0.9987671868096109
0.9987671807452706
0.9987671867523432
0.9987671832842269
0.9987671849765705
0.9987671854535335
0.9987671847741801
0.9987671881988591
0.9987671861854841
0.9987671870749394
0.9987671874974616
0.9987671866771787
0.998767181697951
0.9987671826586713
0.9987671790398442
0.9987671848928433
0.9987671855603782
0.9987671865224713
0.9987671868779497
0.9987671826921547
0.9987671834666715
0.998767183580648
0.9987671835988472
0.998767181697951
0.9987671835988472
0.998767181697951
0.9987671835988472
0.998767181697951
0.9987671835988472
0.998767181697951
0.9914118056362222
0.9986943553978496
0.9987312617219319
0.9987494061335483
0.998758343901356
0.9987627769578467
0.9987649846149369
0.9987660858852178
0.9987666350469895
0.9987669131465672
0.9987670500016377
0.9987669799569235
0.998767012880253
0.9987669921006023
0.9987670104260147
0.9987669994490004
0.9987670055561947
0.9987669984243194
0.9987670043016839
0.9987670002213094
0.9987670020457646
0.9987670017349798
0.9987669983139004
0.9987670041035077
0.9987669981328096
0.9987670037190824
0.9987670075156783
0.998767001037936
0.9987670043681807
0.9987670016421392
0.9987670020908306
0.9987669980757274
0.998767000961878
0.998767002057787
0.9987670059795816
0.9987670040629683
0.9987670042519846
0.9987670011406947
0.99876700293857
0.9987670045847576
0.9987669954497788
0.9987670016097188
0.9987670022082811
0.998767005125582
0.9987670053177148
0.9987670049149692
0.9987670022082811
0.9987670018907282
0.9987670049149692
0.9987670018907282
0.9987670049149692
0.9987670018907282
0.9987670049149692
0.9987670018907282
0.9987670049149692
0.9914124058493761
0.9986942330022051
0.9987311098489057
0.9987492345918825
0.9987581680521119
0.9987626023702723
0.9987647964592867
0.9987659072737017
0.9987664556088838
0.998766732000434
0.9987668669252922
0.998766791148864
0.9987668270142537
0.9987668119156493
0.9987668235459605
0.9987668134407155
0.998766820608452
0.9987668226310296
0.9987668202284367
0.9987668126171205
0.9987668174972267
0.9987668211918367
0.9987668200472855
0.998766817689534
0.9987668191012983
0.9987668160152848
0.9987668158573921
0.9987668103779764
0.9987668205587223
0.9987668198423343
0.9987668207282344
0.9987668208744782
0.9987668198467607
0.9987668197409368
0.9987668224170613
0.9987668225479872
0.9987668222365891
0.9987668113475733
0.9987668206242586
0.9987668205729882
0.9987668191738165
0.9987668233075832
0.9987668243278947
0.9987668246766229
0.9987668247727918
0.9987668245639725
0.998766824679662
0.9987668233075832
0.998766824679662
0.9987668233075832
0.998766824679662
0.9987668233075832
0.998766824679662
0.9987668233075832
0.998766824679662
0.9987668233075832
0.998766824679662
0.9914130821409258
0.998694120868999
0.998730957681877
0.9987490639271491
0.9987579904490118
0.9987624182209918
0.998764614554297
0.9987657238061808
0.9987662657874662
0.9987665364687446
0.998766682149384
0.998766611755195
0.9987666486448643
0.9987666681196322
0.9987666736826792
0.9987666696855534
0.9987666779665032
0.998766681809302
0.9987666746504098
0.9987666780961859
0.9987666811739109
0.9987666813022832
0.998766674776353
0.9987666785842356
0.9987666776794512
0.9987666797532815
0.9987666750298317
0.9987666752120989
0.998766680778218
0.9987666809096463
0.9987666739627448
0.9987666789229528
0.9987666833608834
0.9987666761112506
0.9987666825067579
0.9987666801496902
0.9987666776909767
0.9987666808969025
0.9987666768510401
0.9987666730363056
0.9987666793789889
0.9987666793488322
0.9987666721829781
0.9987666723262516
0.9987666727681213
0.9987666800483537
0.9987666727681213
0.9987666719527719
0.9987666800483537
0.9987666719527719
0.9987666800483537
0.9987666719527719
0.9987666800483537
0.9996459873306842
0.9893067677653008
0.9979243277937779
0.9986947345279229
0.998731188759082
0.998749112259676
0.9987579401640202
0.9987623224307666
0.9987644985191209
0.9987655934462403
0.9987661327098039
0.9987664076924453
0.9987665412890274
0.9987664707933996
0.9987665099459604
0.9987664904463266
0.9987665035580959
0.9987664944594485
0.9987664967447301
0.998766495508305
0.9987664951618385
0.9987664933016611
0.9987664981955782
0.9987664961460996
0.9987664902185414
0.9987664893518876
0.9987664957905539
0.9987664968427927
0.9987664926963107
0.998766497209343
0.9987664948960259
0.998766496935172
0.9987664934705239
0.998766497956061
0.9987665000725244
0.9987664919017529
0.9987664980326015
0.998766498823214
0.9987664962610636
0.998766500364246
0.9987664916270501
0.9987664942686847
0.9987664915393697
0.9987664969180616
0.9987664981644458
0.9987664979394745
0.9987664985123932
0.9987664904571041
0.9987664985123932
0.9987664904571041
0.9987664985123932
0.9987664904571041
0.9987664985123932
0.9987664904571041
0.9987664985123932
0.9987664904571041
0.9987664985123932
0.9996475898300672
0.9997537140239842
0.9982483618572964
0.9986372690197729
0.9986509773006376
0.998709305708332
0.9987382585880863
0.9987524913201848
0.998759530899599
0.9987630204661274
0.9987647625403159
0.9987656258072707
0.9987660638562822
0.9987662818405963
0.9987663895738148
0.9987663294502918
0.998766360608061
0.9987663485154247
0.9987663384043542
0.9987663445364093
0.9987663428146552
0.9987663423621562
0.9987663350792799
0.9987663385289276
0.9987663368157463
0.9987663397921374
0.9987663386171208
0.9987663434786175
0.99876634414295
0.9987663374492726
0.9987663419812686
0.998766342850678
0.9987663412925575
0.9987663426460133
0.9987663423032201
0.9987663349321386
0.9987663380950695
0.9987663425360598
0.9987663438745252
0.9987663418626009
0.998766334138892
0.9987663425972503
0.9987663360040208
0.998766338155137
0.9987663371190325
0.9987663374866357
0.9987663376913161
0.9987663357551054
0.998766337523621
0.9987663371190325
0.998766337523621
0.9987663371190325
0.998766337523621
0.9987663371190325
0.998766337523621
0.9987663371190325
0.998766337523621
0.9987663371190325
0.998766337523621
0.9987663371190325
0.998766337523621
0.9987663371190325
0.998766337523621
0.9996476049082902
0.9997457270031977
0.9982484087759306
0.9986371043570238
0.998651162250729
0.998709310480722
0.9987381906389389
0.9987523774863509
0.998759393648875
0.9987628740907455
0.9987646109119802
0.9987654765651512
0.9987659118066912
0.998766122162569
0.998766235373503
0.9987661745037549
0.9987661489437212
0.9987661380775164
0.9987661434723303
0.9987661432525043
0.9987661531254692
0.9987661494418065
0.9987661492192961
0.9987661489115284
0.9987661486355818
0.9987661506624628
0.9987661432848903
0.9987661506280627
0.9987661488251797
0.9987661496373816
0.9987661527701927
0.9987661509791218
0.9987661493929723
0.9987661480287112
0.9987661436126746
0.9987661513471902
0.9987661499629396
0.9987661507587897
0.9987661485006191
0.998766146710314
0.9987661496004545
0.9987661529519359
0.9987661475336657
0.9987661517790755
0.9987661497852843
0.9987661515953952
0.9987661499025531
0.9987661499896697
0.9987661507526233
0.9987661499896697
0.9987661507526233
0.9987661499896697
0.9987661507526233
0.9987661499896697
0.9987661507526233
0.9987661499896697
0.9987661507526233
0.9987661499896697
0.9987661507526233
0.9987661499896697
0.9987661507526233
0.9987661499896697
0.9987661507526233
0.9996501683586899
0.9001245161770427
0.9961062333672838
0.998719965884585
0.9987433201337347
0.9987548089158581
0.9987604978054497
0.9987633228552807
0.9987647390139123
0.9987654460981965
0.9987657911171025
0.9987659724537756
0.9987658841092817
0.9987659295575054
0.9987659534475976
0.9987659648143997
0.9987659551445321
0.9987659581707455
0.9987659589384077
0.9987659574074659
0.9987659512847515
0.998765963017849
0.9987659596552192
0.9987659623289195
0.9987659604599641
0.9987659554814855
0.9987659546010781
0.9987659593628169
0.9987659627635159
0.9987659608076379
0.9987659586642981
0.9987659618038431
0.9987659632625434
0.9987659608558657
0.9987659609726466
0.9987659595059609
0.9987659618281737
0.9987659626563633
0.9987659578714233
0.9987659564308686
0.9987659613671324
0.9987659586871108
0.998765959645151
0.9987659625259929
0.9987659618678291
0.9987659612586292
0.9987659614925259
0.9987659617950585
0.9987659613671324
0.9987659617950585
0.9987659613671324
0.9987659617950585
0.9987659613671324
0.9987659617950585
0.9987659613671324
0.9996519260670448
0.9989971444597745
0.9957560168229772
0.9978335390291777
0.9987081528487277
0.9987374200489643
0.9987518044517597
0.9987589163695126
0.998762446585635
0.9987642059185401
0.998765083894986
0.9987655178023795
0.9987657434574048
0.998765850884072
0.9987657950224034
0.998765816434201
0.9987658097869764
0.9987658150618666
0.998765820573228
0.9987658180591724
0.9987658186566281
0.9987658132875815
0.9987658218238658
0.9987658166533225
0.9987658193960943
0.9987658167354923
0.9987658166272736
0.9987658182941617
0.9987658145951148
0.9987658108761183
0.9987658128364411
0.9987658193914178
0.9987658146179479
0.9987658161220636
0.998765821692402
0.9987658153706424
0.9987658173067734
0.9987658225425166
0.9987658157428915
0.9987658139739539
0.9987658244340306
0.9987658201965703
0.9987658167995237
0.9987658136681573
0.9987658199038505
0.9987658131751378
0.9987658134839303
0.9987658202234642
0.998765819658921
0.9987658134413968
0.998765819658921
0.9987658134413968
0.998765819658921
0.9987658134413968
0.998765819658921
0.9987658134413968
0.998765819658921
0.9987658134413968
0.998765819658921
0.9987658134413968
0.998765819658921
0.9996522853332469
0.9898222108841527
0.9897030717339604
0.998698460425893
0.9987325808054651
0.9987493496434693
0.9987576252823723
0.998761734185503
0.99876377570001
0.9987648020837537
0.9987653088351085
0.9987655667329266
0.998765688296656
0.9987656261638217
0.9987655998252424
0.9987656155299091
0.9987656046464344
0.9987656102249619
0.9987656073900988
0.99876560682164
0.9987656091996086
0.9987656089269871
0.9987656139672266
0.998765612822728
0.9987656080165507
0.9987656037750156
0.9987656130574506
0.9987656111000113
0.9987656074448147
0.99876561363104
0.9987656117130218
0.9987656115822594
0.9987656154112511
0.9987656077727202
0.9987656152405547
0.9987656112490375
0.9987656132900107
0.9987656093909749
0.9987656127388722
0.9987656125813961
0.998765612330395
0.9987656141565286
0.9987656137720312
0.9987656061977259
0.9987656052319973
0.9987656066711561
0.9987656057332942
0.9987656068461178
0.9987656062654422
0.9987656125813961
0.9987656062654422
0.9987656125813961
0.9987656062654422
0.9987656125813961
0.9987656062654422
0.9987656125813961
0.9987656062654422
0.9987656125813961
0.9987656062654422
0.9987656125813961
0.9996538865472873
0.9021506424494375
0.9944668396380282
0.9986917689026538
0.9987291720908709
0.9987475666841705
0.9987566451590139
0.9987611387532189
0.998763375952134
0.9987644922904205
0.9987650510443298
0.9987653284201216
0.9987654719598476
0.9987654001348321
0.9987654367825375
0.9987654166445954
0.9987654322267765
0.998765425912696
0.9987654288217703
0.998765423091577
0.9987654218913605
0.99876541804006
0.9987654233531991
0.9987654211087057
0.998765431123928
0.9987654200319395
0.9987654213367096
0.9987654288433059
0.9987654279801237
0.9987654215760944
0.9987654292771995
0.9987654189136916
0.9987654279155618
0.9987654269677078
0.9987654297178654
0.9987654256739993
0.9987654288250991
0.9987654247459274
0.9987654260432253
0.9987654268643104
0.9987654288877645
0.9987654263784473
0.9987654237752248
0.9987654204781726
0.9987654229302392
0.9987654217133964
0.9987654234671277
0.9987654231495102
0.9987654230452526
0.9987654234671277
0.9987654230452526
0.9987654234671277
0.9987654230452526
0.9987654234671277
0.9987654230452526
0.9996547158995587
0.9379298439809767
0.9942986139815664
0.997932568068475
0.998692723352946
0.9987295450714841
0.998747653440155
0.9987565907824622
0.998761018211823
0.9987632286903212
0.9987643212494621
0.9987648724799933
0.9987651460470164
0.9987652896849448
0.998765216629924
0.9987652562418003
0.9987652361585315
0.9987652510088639
0.9987652424013933
0.9987652363033855
0.9987652430754497
0.998765233519747
0.9987652421965383
0.9987652412149999
0.9987652402912129
0.9987652381913417
0.9987652334407431
0.9987652340490539
0.9987652332648741
0.9987652390057842
0.9987652327555424
0.9987652400510858
0.9987652411381734
0.9987652433160058
0.998765237790981
0.9987652367984268
0.9987652419971745
0.9987652362574087
0.9987652412937604
0.9987652441195353
0.9987652338046265
0.9987652430684553
0.9987652416735524
0.9987652385808423
0.9987652374476979
0.9987652363127307
0.9987652388070758
0.998765238971426
0.9987652380707013
0.998765238971426
0.9987652380707013
0.998765238971426
0.9987652380707013
0.998765238971426
0.9987652380707013
0.998765238971426
0.9987652380707013
0.998765238971426
0.9987652380707013
0.998765238971426
0.9996564051816008
0.7723526039084737
0.9983631958122534
0.9986680100812972
0.9987172013153895
0.9987414941081341
0.998753453515215
0.9987593687111571
0.9987623126039139
0.9987637795986715
0.9987645071232887
0.9987648764886106
0.9987650518238324
0.9987651400575384
0.99876509980519
0.9987650786768332
0.9987650694389977
0.9987650651619672
0.9987650615540222
0.9987650533337592
0.9987650585001451
0.99876506178538
0.9987650590119563
0.9987650505764241
0.9987650629578576
0.998765060588601
0.9987650617118858
0.9987650550102878
0.998765058554433
0.998765055196629
0.9987650589649975
0.9987650616411196
0.9987650562488014
0.9987650608649021
0.998765062489282
0.9987650554771009
0.9987650577124177
0.9987650541794441
0.9987650558013306
0.9987650503434807
0.9987650528585482
0.9987650598475186
0.9987650619892803
0.9987650608390592
0.9987650605512487
0.9987650608749349
0.9987650601354677
0.9987650595002797
0.9987650601354677
0.9987650595002797
0.9987650601354677
0.9987650595002797
0.9987650601354677
0.9987650595002797
0.9987650601354677
0.9987650595002797
0.9987650601354677
0.9996583025050717
0.06906844156338493
0.9996482666754284
0.9996298046774352
0.9755850323010685
0.9926737516662145
0.4133087119260397
0.08515268631296785
0.9985710192195327
0.993260218809236
0.9975144611993986
0.9931135709865716
0.89325584838169
0.9445748095549883
0.9087989926033888
0.8688416673532015
0.32816224151311435
0.08077256710176095
0.9525700997634547
0.31635440114176483
0.02867540966466353
0.022078060533282484
0.016807443504852915
0.43767848068874593
0.1169323927819555
0.10983742962567222
0.025313517511405537
0.014019476091796435
0.01016733871630393
0.01150428550571625
0.006016849888051068
0.007563778268157462
0.006495250628858362
0.006955185824682575
0.0067066990451500885
0.0068262993575884945
0.00676533948764213
0.006735739712212696
0.006750461486922377
0.00674307839048377
0.00674676288580589
0.006748611068144061
0.0067476844948133885
0.006747228278798034
0.006746991134953917
0.006746892762485357
0.006746822169960698
0.006746789096778005
0.006746816297202751
0.00674681265057131
0.0067468211301286996
0.006746814368566556
0.006746817364960522
0.006746823356681753
0.006746827104861908
0.0067468197885245385
0.006746822921620876
0.006746816215082607
0.006746816083671003
0.006746825920871169
0.006746814198594242
0.006746821673356496
0.006746824438714938
0.006746814011548086
0.006746816583092452
0.006746821195435793
0.0067468179863616196
0.006746820414216981
0.006746821675226888
0.006746819579613872
0.006746822340537584
0.00674682483675515
0.006746827688268231
0.00674682580064101
0.006746822075378689
0.006746824857547851
0.0067468275854618565
0.0067468273021077385
0.006746823909041133
0.006746825151128899
0.006746822075378689
0.006746825151128899
0.04696245589884235
0.008681694172722798
0.006072404761724659
0.006581927205312255
0.00718134122972347
0.007678305651315442
0.008036183547600217
0.007771698211216371
0.007856464962705811
0.00735836222214048
0.007587219927637112
0.007716768832186083
0.007785354505255082
0.00782059199139895
0.007838449193980579
0.00784743770491736
0.007851953853279636
0.007854194377696744
0.00785532511527065
0.00785589894942007
0.00785619167010837
0.007856310041404246
0.007856401409316038
0.007856422509746552
0.00785641882342425
0.007856410034346728
0.009480358542381828
0.007856418413126565
0.007856435624431335
0.007856417407584249
0.007856418662644526
0.007856426883266154
0.007856418380521979
0.007856422790084139
0.007856416997627791
0.00785643378789097
0.00785641681507665
0.007856422299412302
0.007856424213996405
0.007856422355937198
0.007856425317834537
0.007856423421082115
0.007856435854324606
0.007856414688666158
0.007856430641673795
0.007856433283440545
0.007856430491270328
0.007856431012466858
0.00785643146131565
0.007856431074292014
0.007856430780232126
0.007856431932573127
0.0078564310918946
0.007856431847093337
0.007856430568971728
0.007856430228809774
0.007856431569811806
0.007856430228809774
0.007856430948330106
0.007856430228809774
0.007856430948330106
0.007856430228809774
0.007856430948330106
0.007856430228809774
0.007856430948330106
0.007856430228809774
0.007856430948330106
0.007856430228809774
0.006014413334524071
0.006228374093172451
0.006854702980474303
0.007307337239738421
0.0075696659207977746
0.007709966281375991
0.007782429686650549
0.007819234725006119
0.00783777780413597
0.00784709389456123
0.007851749769016259
0.007854088256858016
0.007855250737655473
0.007855832514367056
0.007856129047757565
0.007856275351580178
0.007856345600154468
0.007856399545037251
0.007856403295840031
0.007856391891658154
0.007856388593829422
0.007856400653081297
0.007856401198862717
0.007856398195936365
0.007856410595944774
0.007856399313243334
0.007856409240380335
0.007856412540510616
0.007856394265447597
0.007856409132858455
0.007856401669695479
0.007856395870525223
0.007856396564469237
0.007856401803044921
0.007856397824373529
0.007856394677327794
0.00785639673918942
0.00785640150549688
0.007856411742991676
0.007856394768473718
0.007856396570536273
0.007856398383145335
0.007856397763138845
0.007856396857928216
0.007856396972964808
0.007856396590703418
0.007856397453922859
0.007856396203640537
0.00785639831545526
0.007856397064282428
0.007856396564469237
0.007856396548568734
0.007856396564469237
0.007856396548568734
0.007856396564469237
0.007856396548568734
0.007856396564469237
0.007856396548568734
0.007856396564469237
0.007856396548568734
0.007856396564469237
0.007856396548568734
0.007856396564469237
0.005705719142326482
0.00568547291750876
0.006467594829481893
0.007082644737373189
0.007449255256141762
0.007647698804547742
0.007750776962167083
0.007803255727301617
0.007829742479262214
0.007843066131910936
0.007849725708682698
0.007853052746520761
0.007854725115023997
0.007855564467615872
0.007855998991339597
0.007856185412159822
0.007856295023129845
0.007856348546038228
0.007856381336663665
0.007856398460263314
0.007856386784107605
0.007856402562197218
0.007856393985023635
0.007856398592514857
0.007856405862064264
0.00785639141535055
0.007856403934424772
0.007856394309794068
0.007856405995095295
0.00785639600935828
0.007856393081109303
0.007856391531152751
0.007856408250975777
0.00785640145267169
0.00785640569519358
0.007856401183413797
0.007856396588963532
0.007856405287610724
0.007856394217534701
0.007856396657435816
0.007856391787801065
0.007856392264523337
0.007856390937633184
0.0078563914851989
0.007856391478410774
0.007856391000659935
0.007856391482733704
0.00785639129446103
0.007856392452553984
0.007856392313615679
0.00785639357756368
0.007856391482733704
0.00785639357756368
0.007856391482733704
0.00785639357756368
0.007856391482733704
0.00785639357756368
0.007856391482733704
0.00785639357756368
0.007856391482733704
0.00785639357756368
0.007856391482733704
0.00785639357756368
0.007856391482733704
0.02281830627638759
0.01230363558286185
0.008848843143046348
0.006167594879049887
0.004939913198547141
0.005760931427162386
0.006634834042750837
0.007200397459411756
0.007516874270725449
0.007683722445956609
0.007769326690598488
0.00781268028410631
0.007834499530877725
0.007845435327304917
0.007850906550385228
0.007853649126643436
0.007855025781604685
0.007855712403111337
0.007856063776975675
0.007856242978595385
0.0078563119900657
0.007856353264847793
0.007856383891652996
0.007856376263964626
0.007856391070970359
0.007856414468031314
0.007856398747909776
0.007856404657575422
0.00785639336708166
0.007856404846735665
0.007856413864418488
0.007856413080097768
0.00785641156922251
0.007856401825629855
0.007856395302594965
0.007856390407569747
0.007856393820956098
0.007856393707249887
0.007856397355128442
0.00785640379977226
0.007856412790300693
0.007856395411167338
0.007856395158167606
0.007856399460721586
0.007856399798291558
0.007856393034348153
0.007856393019567254
0.007856392044362392
0.007856392063909756
0.007856391532412799
0.007856391759090864
0.00785639351339118
0.007856391710673039
0.007856392883620889
0.007856393820956098
0.007856392883620889
0.007856393820956098
0.007856392883620889
0.007856393820956098
0.007856392883620889
0.007856393820956098
0.007856392883620889
0.007856393820956098
0.007856392883620889
0.007856393820956098
0.007856392883620889
0.007856393820956098
0.007856392883620889
0.007856393820956098
0.02509489670583076
0.008994143164596458
0.005389415311292833
0.0049047924592894865
0.004953191727053108
0.005156559522619619
0.005190706750044072
0.001966230118453538
0.0030675057132892314
0.004001566771640264
0.004564286439741161
0.004869537209027275
0.005028133502382903
0.005108924223672762
0.005149692682369755
0.00517017147045068
0.0051804354192809265
0.005185566899563954
0.005188140166714428
0.0051894263226357484
0.005190063394651556
0.005190388177230054
0.005190549856362692
0.0051904713972031336
0.0051905074515057326
0.005190487802406718
0.005190501558802518
0.005190508109686964
0.005190497173265973
0.005190500831208533
0.005190500275061516
0.005190503259038248
0.005190507502641495
0.005190506914159121
0.005190503292786586
0.005190501245825652
0.005190507035180036
0.00519050109616459
0.00519050151343603
0.005190504257405026
0.005190507045092441
0.005190505351281405
0.005190501468244013
0.0051905058589893915
0.00519050254971043
0.00519050633691287
0.005190505540709933
0.005190505093060849
0.005190506412213414
0.005190505198392148
0.0051905062865073015
0.005190505121696498
0.005190505183991501
0.00519050514225905
0.005190505430261838
0.0051905051841926175
0.0051905051841926175
0.005190505430261838
0.0051905051841926175
0.005190505430261838
0.0051905051841926175
0.005190505430261838
0.0051905051841926175
0.005190505430261838
0.0051905051841926175
0.005190505430261838
0.0051905051841926175
0.0058634438150690915
0.0036535757168062455
0.003646959539756134
0.0016296814517755553
0.0027041442355442147
0.003769992077913731
0.004435826276269872
0.004802045308640757
0.0049934989569696
0.005091306812235685
0.005140731099510076
0.005165571246682155
0.005178025743083237
0.005184264525390114
0.005187387236048446
0.0051889436374995546
0.0051897292119928995
0.005190112376798617
0.0051903078041378725
0.005190211291756119
0.005190257015549982
0.005190284886638641
0.005190293082344755
0.005190305318565458
0.005190302451397399
0.0051903029087737584
0.0051903006793889706
0.0051903010572507124
0.005190301684083298
0.00519030033747897
0.005190300705508966
0.005190300803451009
0.005190299442426105
0.0051903035549594745
0.005190303069162627
0.005190299393469933
0.005190299052506786
0.0051903015341164815
0.005190302106809763
0.005190299887999961
0.0051903011097793605
0.005190299991659875
0.005190303766517801
0.0051903040618470064
0.00519030367088924
0.005190305766967995
0.00519030526625075
0.005190304019916048
0.005190304098202092
0.0051903050236598025
0.005190305414872087
0.005190304518778666
0.0051903040621734675
0.005190305414872087
0.0051903040621734675
0.005190305414872087
0.0051903040621734675
0.005190305414872087
0.0051903040621734675
0.005190305414872087
0.0051903040621734675
0.005190305414872087
0.0051903040621734675
0.005190305414872087
0.00836303349553158
0.001614667719011531
0.0020803734606719138
0.0033017183355404933
0.004162277374912315
0.004655319935124136
0.0049175638541890665
0.005052620297025856
0.005121132933466721
0.005155632150785183
0.005172949926204928
0.005181624561528264
0.005185960684145452
0.005188131447947664
0.005189217153348857
0.005189757595422284
0.005190035205209664
0.005190168659411465
0.005190232059855027
0.005190266983584602
0.0051902815322519835
0.005190294089675529
0.00519029761000811
0.0051903030729893995
0.0051903011516644115
0.005190303632286841
0.005190301599972524
0.00519030205097637
0.005190301760340854
0.005190304163283588
0.005190300256683655
0.005190301177837253
0.005190304227903786
0.005190301935339536
0.005190300938288317
0.005190300846318441
0.00519030041749674
0.0051903034827007755
0.005190299769630313
0.00519030131022602
0.0051903014600832575
0.005190304485834463
0.00519030466601661
0.0051903039184678645
0.005190303899766935
0.005190304620852237
0.005190303893093884
0.005190305504595205
0.005190305779756044
0.00519030372841478
0.005190304882183194
0.005190305779756044
0.005190304882183194
0.005190305779756044
0.005190304882183194
0.005190305779756044
0.005190304882183194
0.005190305779756044
0.005190304882183194
0.005190305779756044
0.005190304882183194
0.005190305779756044
0.005190304882183194
0.005190305779756044
0.005190304882183194
0.005190305779756044
0.005190304882183194
0.005190305779756044
0.005190304882183194
0.005190305779756044
0.005190304882183194
0.005190305779756044
0.005190304882183194
0.005190305779756044
0.005190304882183194
0.005190305779756044
0.005190304882183194
0.005190305779756044
0.005190304882183194
0.005190305779756044
0.008363057510700489
0.0016146672997924827
0.0020803715254791855
0.0033017150452522848
0.004162274541878341
0.004655314439506508
0.004917559149560935
0.005052622559849396
0.005121132055470989
0.005155633070980881
0.005172946788252364
0.005181620196572145
0.005185959633047077
0.005188129520235729
0.005189218439442034
0.005189759697727836
0.005190033052965892
0.005190166946079655
0.005190235430000134
0.0051902663806699945
0.005190286719987058
0.005190293716161032
0.005190296988116128
0.00519030230542139
0.005190300261141534
0.005190303578784916
0.00519030299395512
0.005190302120056001
0.005190302624997256
0.005190304688719061
0.005190301335183611
0.0051903012134265625
0.005190302519915702
0.0051902995901212945
0.00519029805516974
0.005190303922925021
0.005190299371708285
0.005190299665025877
0.005190300884598931
0.00519029938638893
0.00519029983906083
0.005190299532928377
0.005190300531922931
0.005190300230300204
0.00519030050591357
0.00519030124147557
0.005190300176261764
0.005190300051218233
0.0051902993454011614
0.005190299578690272
0.005190301345611548
0.00519030124147557
0.005190301345611548
0.00519030124147557
0.005190301345611548
0.00519030124147557
0.005190301345611548
0.00519030124147557
0.005190301345611548
0.00519030124147557
0.005190301345611548
0.00519030124147557
0.005190301345611548
0.00519030124147557
0.005190301345611548
0.00519030124147557
0.005190301345611548
0.00519030124147557
0.008363136377569635
0.0016146673378147902
0.0020803649679630443
0.00330171101098109
0.004162271989204047
0.004655313936446026
0.004917562540073583
0.005052617806526383
0.005121131957565028
0.0051556367050010765
0.005172946691414215
0.005181623452920392
0.005185960818503421
0.005188128414217785
0.005189216745613123
0.005189761240469937
0.005190028665709168
0.005190166595120005
0.005190236408308846
0.0051902700368534616
0.005190283630485126
0.005190293602873819
0.005190295087908858
0.005190298180366593
0.005190299713954349
0.005190303937770979
0.005190299624607375
0.005190302248153755
0.005190302664134949
0.005190303339316027
0.005190300745104515
0.005190298964801832
0.005190301556365073
0.005190300963820782
0.005190302059931151
0.005190304284324543
0.005190299002489462
0.0051902993763943694
0.005190301032383382
0.005190304187304262
0.005190299793530029
0.005190301072023007
0.005190299548817334
0.005190301186650204
0.005190300064598363
0.005190299701681778
0.0051902999364416
0.00519030072317106
0.005190300367299006
0.005190299537816523
0.005190301345611548
0.00519030124147557
0.005190301345611548
0.00519030124147557
0.005190301345611548
0.00519030124147557
0.005190301345611548
0.00519030124147557
0.005190301345611548
0.00519030124147557
0.005190301345611548
0.00519030124147557
0.005190301345611548
0.00519030124147557
0.005190301345611548
0.00519030124147557
0.005190301345611548
0.00519030124147557
0.005190301345611548
0.00519030124147557
0.005190301345611548
0.00519030124147557
0.005190301345611548
0.00519030124147557
0.005190301345611548
0.00519030124147557
0.005190301345611548
0.00519030124147557
0.005190301345611548
0.00519030124147557
