-1.2523169204205318
-1.4505490043261915
-4.506595146937338
1.8936105766177227
-1.8404153670000172
-1.3475252103850983
-0.3356750785339227
5.743539556969266
-9.778968383158105
-0.2863791286384837
-3.0341680517778067
-6.895731367931502
-9.842025439930698
-9.811999657216422
-9.78438663946357
-9.77978160804033
-9.77909068688396
-9.778986292143102
-9.778970853036661
-9.778968729246541
-9.7789684037627
-9.778968697561123
-9.7789684037627
-111.56091721494505
12.330881737717851
-2.154481101996962
4.886101805406442
0.4707406120080288
2.3987514667119685
10.195932545855715
3.473866554542184
4.470518058598478
7.400332554571696
7.872147976968519
7.489492861565641
7.417556380461506
7.403665776391455
7.400979289583558
7.400444699530315
7.400375239356901
7.400373560848025
7.400371905615832
7.400375425303577
7.400363464710171
7.400375239356901
5.07254677798744
5.657995247558533
8.100223267592666
17.749924177193325
9.542814761721221
8.382551519541009
8.158970050495574
8.112600031116518
8.102830781415602
8.100763668234487
8.10034344047308
8.100439094674734
8.100506249720322
8.100445731758573
8.10044239707668
8.100467731483276
8.100439234888933
8.100439382809327
8.100434708974415
8.100437243912397
8.100467731483276
-12.90888210708563
-5.431818957011957
1.777997618216457
5.233874553255204
16.671306906618483
6.753146044251443
5.519968446695156
5.292642924808373
5.24613772698705
5.236452340933938
5.23441193416416
5.233987287030965
5.233898128956969
5.2338795454860865
5.233875588455453
5.233874996284569
5.23387534254444
5.233874934751213
5.233874361793481
5.233874996284569
2.6843242647501806
3.7463178636974783
8.228517589664879
4.366301343669712
4.954375480809749
6.577527194109958
5.254511890595226
5.506356604022657
5.306653237666425
5.265514653367689
5.256868580434194
5.255046518593122
5.255380059766914
5.255115401717143
5.255060307284626
5.255049118016319
5.255046716864245
5.255045965377601
5.255045631510044
5.255046218384141
5.255046518593122
-4.7403134334947925
0.2754112975850291
3.792377956434828
16.368932744079714
4.899951380626354
3.9837624447770232
3.8289697457806446
3.7995144911500374
3.7938071637585877
3.7926807333256205
3.7924346475249413
3.792405953097855
3.7924110606189716
3.7924040971053934
3.7924051684977025
3.792388741003283
3.792405953097855
0.23170918394255563
2.5299557623602626
11.857514732660663
3.2638915863532594
2.664459055581527
2.557197872476329
2.5355730118500093
2.5311055694091027
2.530183576742849
2.52999490664123
2.5299561184157717
2.5299495424421115
2.5299475950885997
2.5299377594870034
2.5299557623602626
0.03222350024875059
1.4438830864978183
7.459102241290853
1.9191120316214656
2.340677203274686
1.996912677753517
1.93503737678128
1.922449746325405
1.9198111052927127
1.919268314021183
1.9193662375637672
1.91927869726488
1.9192600956414527
1.9192576062978208
1.9192580172632958
1.919268314021183
-1.7425499733519356
2.268846700610772
-0.015322236729836654
-0.2177493934705609
-1.0019183022268752
-3.6767027405511463
-3.1727336198331173
-5.058283523266481
-5.788719126554428
-5.212905932676561
-5.088404435155228
-5.064102995246867
-5.059399004860049
-5.058490914387017
-5.058327397239464
-5.05829271017771
-5.058285279146937
-5.0582839618970326
-5.058283607640406
-5.058283639465891
-5.058283523266481
-20.734749323879118
-7.207070057276959
-5.452177025456767
-5.78494447821788
-5.520953998947341
-5.575785078273794
-5.61940867738875
-5.585023618599151
-5.577775618249908
-5.576202729618204
-5.575868113559637
-5.575938621404587
-5.575882917456684
-5.575871309247735
-5.575868885086909
-5.575868363706016
-5.575868272156906
-5.5758681681132405
-5.575868175767177
-5.575868113559637
-5.758243969010548
-5.614011729789309
-5.583941731376691
-5.577607233269692
-5.576247130755793
-5.575947516288944
-5.575884856847999
-5.5758716661425085
-5.575868884827649
-5.575868317058644
-5.575868108581532
-5.575868295962933
-5.575868176838006
-5.57586817081957
-5.57586806170456
-5.575868203813281
-5.575868180742594
-5.57586816018996
-5.575868134158918
-5.575868121246764
-5.57586806170456
-5.575868121246764
-5.57586806170456
-5.575868121246764
-5.57586806170456
-5.57586806170456
-5.575868121246764
-5.57586806170456
-5.575868121246764
-5.57586806170456
-5.575868121246764
-5.57586806170456
-5.575868144582915
-5.575868263568659
-5.575868254796265
-5.5758681882328505
-5.575868256435056
-5.575868111269136
-5.57586806170456
-5.57586806170456
-5.575868130480331
-5.57586806170456
-5.5758681274033
-5.57586806170456
-5.575868143439413
-5.57586806170456
-5.575868143394352
-5.57586806170456
-5.575868061697991
-5.575868143394352
-5.575868061697991
-5.575868061697991
-5.575868061697991
-5.575868143394352
-5.575868061697991
-5.575868061697991
-5.575868143394352
-5.575868061697991
-5.575868143394352
-5.575868061697991
-5.575868143394352
-5.575868061697991
-5.575868143394352
-5.575868061697991
-5.575868143394352
-5.575868061697991
