20.4593122248367
-0.4222279523902441
-0.12676323352567476
-0.044529303632776046
-3.744909376760154
4.920344349666215
8.030904682648465
-53.30832449526224
-21.728325538993982
-0.23786854023853457
3.6851226718785894
0.29544805780775935
0.03417068040362107
-0.17293014787404815
-0.05418900255214594
-0.005177382689914403
0.04369158777470447
0.021970467403194374
0.009958710544423526
0.003278647356559836
-0.0034651956049078524
0.00026167777974162807
-0.001404568167785884
0.004462050579793444
0.001874565115296258
0.00042899214785802433
-0.0010333798745544836
-0.0002251088404109675
0.0005947790216343547
0.00023336517958380722
-0.00013237979954538749
6.975714105276952e-5
-2.0661744370291155e-5
0.00029775388086567613
0.00015739665527381234
7.89108911376091e-5
3.502087747389663e-5
1.0476905713131856e-5
-1.4363439543197827e-5
-6.348359720787131e-7
1.3294797873574512e-5
7.154704703950349e-6
3.721282631107579e-6
1.8012233749536895e-6
7.278060254385232e-7
-3.5905265887601204e-7
2.4148376459694833e-7
-2.7560149139409078e-8
