2.3182925021808836
-13.596966791914632
-2.867273313724533
-3.2459538071961473
-1.213680407187888
0.13140305220794468
0.1098065529519638
0.09408434468914909
-0.37113280925513
2.4426370188949313
3.6104995803960342
1.3181608067417672
-1.0070774023040574
7.777091800632458
3.9901263499762916
1.161469433426219
0.11795619474222639
-1.3827703773674367
-1.0564525114982293
-0.4780934739955614
-0.31046597529700426
-0.0845694262031918
-0.06862996346603609
-2.817503560044645
-0.5097370717601127
-0.3765226346992375
-0.27770634281279066
-0.17740073719236735
-0.2307029060725969
-0.2551851809679776
-0.24316803533386797
-0.24924710384968007
-0.24620880935338316
-0.24773566957262305
-0.2469816819187632
-0.24735777566535555
-0.24716765049706169
-0.24707702554971528
-0.24710975115485537
-0.24714172612729265
-0.2471543521774479
-0.24716102071115048
-0.2471642885206301
-0.24716266309685636
-0.24716362791023733
-0.2471639234991038
-0.24716423617780997
-0.24716401575634855
-0.24716405577195855
-0.24716412263262727
-0.24716409258701294
-0.24716410423233245
-0.2471641059773465
-0.24716411005125571
-0.24716410925164023
-0.24716409996354913
-0.24716410611610728
-0.24716410391922197
-0.24716388822406343
-0.24716411433841554
-0.24716410066095756
-0.24716410969641772
-0.24716411663057394
-0.24716411493784182
-0.24716410620865123
-0.24716399603189765
-0.24716411185398146
-0.24716397468814452
-0.24716387819212052
-0.24716391748923822
-0.24716387070845935
-0.24716413611895507
-0.2471638746445455
-0.2471641746660728
-0.24716417527491133
-0.24716389264425842
-0.24716417527491133
-0.24716389264425842
-0.24716389264425842
-0.24716417527491133
-0.24716389264425842
-0.15690071238574263
0.8573582278353973
0.023022910509937176
0.01310133572851969
-0.01938848459345366
0.004938639486272757
3.8783834062025866
3.788933052543119
-0.03968431239763091
-0.07048098621704076
-0.04342861782947641
-0.020988610596435447
-0.008458191238690536
-0.001947526702904946
-0.07769723870748536
-0.042556679222360054
-0.02300765062587812
-0.03297774501033084
-0.03780448303171523
-0.04019653639738803
-0.038991259443318674
-0.03959301096533354
-0.039899368989055994
-0.04002669180465138
-0.04010892376706608
-0.040167056268756454
-0.04013283272432235
-0.04012767199935134
-0.04012662193384186
-0.0401266752372473
-0.040114776922186235
-0.04011817525386766
-0.040120550460071354
-0.04012219533107665
-0.04012303370100032
-0.04012517101898425
-0.04012297826435746
-0.040121806136605
-0.040125336253912715
-0.04010883023336631
-0.040122574474363217
-0.04012184413731284
-0.04012145857141679
-0.040126492081598276
-0.04012432758832167
-0.04012185566515519
-0.040121554531757475
-0.040126283223407694
-0.040123363162550385
-0.04011804274023151
-0.04011245076677251
-0.040125181952755086
-0.040122120025182145
-0.040107458598760096
-0.040122321618275475
-0.04012249425085909
-0.04011883827157624
-0.04012207312974237
-0.040119953579968476
-0.04012210608494866
-0.04012117847713559
-0.0401192098162488
-0.040121998939477856
-0.040122127289954304
-0.040107458598760096
-0.040122127289954304
-0.040122127330047365
-0.040107458598760096
-0.09975412189493188
-0.08762271262509885
-0.05618069211630866
-0.00565080756032882
-0.0009132520297675394
0.4301403686571872
0.19056884680032937
0.152326552904852
0.15156907394038732
0.15119292140509655
0.0703276041424467
0.03359703430761408
0.01608777195771214
0.007521492662765285
0.0032922116261039323
0.005408351596876894
0.006466344672912969
0.006993728024434278
0.007258063681350116
0.007390329506376968
0.0073251904846229334
0.0073633561888096005
0.0073409936816052485
0.007349307343186221
0.0073786317154881905
0.007349437774331781
0.007377178390420757
0.007374479260472675
0.007341012660909406
0.007342457234703854
0.007375236858742092
0.0073566762001755414
0.007375366386659233
0.007375412638161561
0.007374359404985685
0.007375386776965468
0.007375921994748671
0.0073746786059322045
0.007375242772487913
0.007374625352183089
0.007374677215983825
0.007356730487665588
0.0073758327401257226
0.007376273379648754
0.007374794015903761
0.0073757867956337425
0.007375157426043921
0.007376127077646347
0.007374713244745432
0.007375230065145178
0.007374907909152583
0.0073751973738938326
0.007341187470719706
0.007375479167170167
0.007374425406268629
0.007374964457013325
0.007344358700875019
0.007374748448869529
0.007341035192850666
0.007374748448869529
0.007356766141813503
0.007344694794233082
0.007356766141813503
0.007344694794233082
0.007356766141813503
0.007344694794233082
4.184895841864414
3.9291479021428715
0.8364258623358475
0.17367001203449278
0.08130298439050504
0.0423622573944233
0.06129462301457965
0.07115782690500344
0.0761927573778059
0.0787408866093698
0.08001678774291383
0.07937949611489475
0.07969634080458199
0.07988521622994699
0.07981113532604349
0.07974913131373042
0.07976364373098986
0.07977229873600176
0.07977473985185185
0.07978951672786098
0.07977962173654865
0.07978289528128224
0.07978282614295702
0.07978372797139846
0.07981075759976822
0.0798106679159109
0.07981081270086214
0.07978335066930024
0.07981067071780075
0.0798111147887425
0.07981117619571605
0.0797839858714029
0.07981080433510056
0.0798106358102264
0.07981062782998942
0.07981064755271196
0.07981063808546718
0.07981096107169702
0.0798108741335787
0.0798107617972287
0.07981067438440724
0.0798109518163802
0.07981067012293656
0.07981082231328576
0.07981101764806699
0.07981077690853833
0.07978392985040464
0.07978392077106723
0.0798107663357495
0.07981075830737118
0.07981077068058127
0.07978276310427143
0.07981076834382259
0.07981077028916593
0.07978393734050883
0.07981077028916593
0.07978393734050883
0.14586002761177447
0.4763169992959271
0.23158584159818002
-0.8695264415218831
0.06881198547768388
-0.28280796635993244
-0.14889218866626483
0.02737918613032873
-0.10560676232527737
0.9836736503139246
0.6122464421941483
0.08674355257637033
-0.06262042423722233
0.012015569553288733
-0.045614818297659704
-0.01681792588760442
-0.010149999564437108
0.0009311435950397382
-0.007583776037986507
-0.0033282559401636228
-0.0023206603498019227
-0.0007011714371455619
-0.00030529829051605416
0.0003025243133258997
-0.00017869158880474343
6.69520069572116e-5
-0.0001240260678213023
-2.9432327935557794e-5
-3.62751431236478e-6
2.8306257759371447e-5
-6.683734176061006e-7
1.1022220752736709e-5
6.028971567159644e-7
-0.08910232021737863
-0.07728038802361593
-0.03678321860832739
-0.03342720729126812
-0.01633996330645974
-0.015118011418579257
-0.007476693525488755
-0.006963679825428794
-0.003462924758332546
-0.0032484016481919738
-0.0016061516988876354
-0.0014842765869369943
-0.0007446564995318103
-0.0007019975643687303
-0.0003543545302633759
-0.0003334842609797712
-0.00017424789303787465
-0.00015334696355958572
-8.186899253427758e-5
-6.879593766557649e-5
-3.1168181845873534e-5
-3.088999897133332e-5
-1.3911800413715953e-5
-1.4215905858020199e-5
-4.335561261830457e-6
8.66398793678604e-6
6.805590244014136e-7
-3.379924653729612e-6
-3.908967615633016e-6
-0.001314804372356806
-0.12521959020906911
-0.028819716689823045
-0.09833976397195729
-0.05600893622733855
-0.040744657376998235
-0.0479392178913575
-0.05186197729889135
-0.05389215018901835
-0.052880504796626225
-0.05339819138400663
-0.05365430430490476
-0.053515691560772134
-0.05358622952803604
-0.05354738528150215
-0.05356204163052401
-0.05357470986930533
-0.05357414098792516
-0.05356878547422455
-0.05356997038298755
-0.05356496560176467
-0.05356256549171757
-0.053563782103156134
-0.05356392172283345
-0.053564305777060284
-0.05356464301613586
-0.053564613988392205
-0.05356426417552069
-0.05356381407442495
-0.0535646181703808
-0.053564222701345095
-0.05356435584915283
-0.0535647854710063
-0.05356425326544698
-0.05356454700797202
-0.05356447604067373
-0.05356435043724361
-0.053564460138635174
-0.05356461409078497
-0.0535644399506031
-0.05356454994038213
-0.05356452142232032
-0.05356459037504562
-0.05356468598234434
-0.053564509166657365
-0.053564687736227724
-0.053564689343050524
-0.05356451868600744
-0.05356456402283378
-0.05356450386621862
-0.05356451280628399
-0.053564622349527274
-0.053564652999164235
-0.05356451280628399
-0.053564577716719186
-0.05356451280628399
-0.1344974265146973
-0.0945928750950938
-0.11451118360564592
-0.10460652885828928
-0.09962000626916774
-0.09711302659743397
-0.09586094443168076
-0.09523103026585127
-0.09554466184943297
-0.09538311358929887
-0.09546326038451224
-0.0955056762861579
-0.09549367650694046
-0.09553584491289775
-0.09553372453057553
-0.09551753240641701
-0.09551515061888424
-0.09552732347800538
-0.0955309127264572
-0.09552089065644935
-0.09553094401265826
-0.09553129825747012
-0.09552312976259776
-0.09552205827110842
-0.0955312722686813
-0.09552047241486221
-0.09552290390438938
-0.09552360457082225
-0.09552005566955113
-0.09552993093074497
-0.09553103801248722
-0.09552848977724983
-0.09552310566356927
-0.09552109424960205
-0.09552418427030178
-0.09551947724417702
-0.09552157497202107
-0.0955231004972127
-0.09552836197789215
-0.0955245977916872
-0.09553202385691291
-0.09552141737236872
-0.09553232149524427
-0.09553109658493823
-0.09552139526704244
-0.09553090368768544
-0.09552139605108644
-0.09553054735872439
-0.09552139356639217
-0.09553090194868323
-0.09552138314239131
-0.09552142895866932
-0.09553090194868323
-0.09553090194868323
-0.09552142895866932
-0.29453006683960836
-0.0742696495613477
-0.09802026042448188
-0.10111391101373025
-0.0994327861287438
-0.10056477180986055
-0.10091736699723665
-0.10104516926492324
-0.10098803562928553
-0.1010251324601517
-0.1010094080931785
-0.10099155627150995
-0.10100709238248307
-0.10100090637001886
-0.10100184598377752
-0.10100298874508344
-0.10100145436269391
-0.10100042008766003
-0.10098627435003862
-0.10097631203735963
-0.10097432556090802
-0.10099921534981311
-0.10096963830838501
-0.10100280895059217
-0.10097835346565427
-0.10097153341419576
-0.10096138728685781
-0.1009778615454836
-0.10097331632327627
-0.10096606060671616
-0.1009668156306721
-0.10096366391013745
-0.1010005697635485
-0.10100295905184134
-0.10096167541161019
-0.10100301149698035
-0.10097158497449034
-0.10096459589436474
-0.1009876490582906
-0.10096125690031335
-0.10097259404067022
-0.10097441792486785
-0.10096932135868786
-0.10096601457570835
-0.10100231154585898
-0.10099916628941537
-0.10096585696647144
-0.10100293681468056
-0.10100268445026633
-0.10096575329965142
-0.10100228007944889
-0.10096613317149143
-0.10096600634184895
-0.10096599405475616
-0.10100228007944889
-0.10096599405475616
1.8194792125423112
-0.8023678433286492
-0.09449120654460642
-0.09988865577878357
-0.10100614104561748
-0.10115402943194622
-0.10111396395564777
-0.10104360646229485
-0.10103208279252655
-0.10102347646136617
-0.10101084789345634
-0.10100680072539277
-0.10099077312316024
-0.10100102677219318
-0.10100318727187423
-0.1010029075452938
-0.10097744726727369
-0.101000944702141
-0.10100240125914177
-0.10100327732297551
-0.10099872525203145
-0.10097327625170859
-0.10097160089033154
-0.10100353745067733
-0.10096280245983731
-0.10096950655389321
-0.1010047581363729
-0.10099692734122497
-0.10096940196048425
-0.10097384563816279
-0.10100268265867268
-0.10097490796103782
-0.10096547179482722
-0.10100354978006262
-0.10100309971414859
-0.10099813913932054
-0.10097246876194596
-0.10096134257535924
-0.1009782987515641
-0.10097344146098837
-0.10099636883350374
-0.10097258741522178
-0.10099756918902485
-0.10097313937250495
-0.10100183542872179
-0.1010022504699264
-0.10096124435743356
-0.10100102091909074
-0.10096121353521208
-0.10100113135163342
-0.10096125357915721
-0.10100113135163342
-0.10096125357915721
-0.10100226072477023
-0.10096125357915721
-0.10100226072477023
-0.10096125357915721
-0.10100226072477023
-0.10096125357915721
-0.10100226072477023
-0.10096125357915721
1.8193668787632251
-0.8100184903932426
-0.09450198136605321
-0.09988817389060972
-0.10102191460268418
-0.10115310041693377
-0.10111478489170372
-0.10104467651897127
-0.10102471233294064
-0.10102003535653234
-0.10101106335912408
-0.10100696216592962
-0.10098816923704484
-0.10099533485414418
-0.1009987304769443
-0.10100842468991673
-0.10097325648443746
-0.1010034696454533
-0.10100213919999647
-0.10100265117599982
-0.10099766445374658
-0.10097344733055753
-0.10100250968423129
-0.10097310211984169
-0.10096989438498694
-0.1009977568075365
-0.10099768695639359
-0.10096489791336663
-0.10100311514825244
-0.10096417573126817
-0.1009693391130811
-0.10097216591164519
-0.1009723201857277
-0.10096978004132728
-0.10098104495444798
-0.10100275023069788
-0.1009740535706732
-0.10097287229732843
-0.10097704461705354
-0.10096655157337625
-0.10100190758205227
-0.10097379468415973
-0.1009767354400431
-0.10096188601840428
-0.1009638015969115
-0.1009619811518777
-0.1009638281725684
-0.1009618332970947
-0.10096381963333398
-0.10096182029595811
-0.1009618497579463
-0.10096382988727814
-0.1009618497579463
-0.1009638322056432
-0.1009618497579463
-0.1009638322056432
-0.1009618497579463
-0.1009638322056432
-0.1009618497579463
-0.1009638322056432
-0.1009618497579463
-0.1009638322056432
-0.1009618497579463
-0.1009638322056432
-0.1009618497579463
-0.1009638322056432
-0.1009618497579463
-0.1009638322056432
-0.1009618497579463
-0.1009638322056432
-0.1009618497579463
-0.1009638322056432
-0.1009618497579463
-0.1009638322056432
-0.1009618497579463
-0.07747976890064771
0.1038569693469661
-0.025081646581003432
0.02239600977542688
-0.07114150408814188
-0.0318724484887564
-0.006759775657789089
-0.014655228192484743
-0.010796988029356894
-0.008816179909741238
-0.007784190559124612
-0.008313203303424709
-0.008053888636350096
-0.007914369185266374
-0.007987275768919076
-0.007956178880506204
-0.007918225556078426
-0.007923271925284105
-0.007950758285730464
-0.007947880153946582
-0.007945756637571591
-0.007937375536998656
-0.007937354552263527
-0.007949786225108071
-0.007933848860032466
-0.007929463699958424
-0.007946878191430454
-0.007947566254602027
-0.007936283116331391
-0.007949178135774003
-0.007949515027347288
-0.007943789841886036
-0.007936637716669687
-0.007948552622648125
-0.007927602836129817
-0.007948964162220708
-0.007952332442707122
-0.007942130772674893
-0.007944224412076992
-0.007950479437052526
-0.007949375300696665
-0.007931948490300735
-0.007948070372234644
-0.007929253119704726
-0.007948306810555897
-0.007931125594315974
-0.007943877447212644
-0.007949523251762363
-0.007949008328291724
-0.007943661665601464
-0.007943789421187307
-0.0079279567906931
-0.007952007545857724
-0.007949924214224203
-0.007942026351409934
-0.007947605362946798
-0.007942026351409934
-0.007947605362946798
-0.007942026351409934
-0.007947605362946798
-0.007942026351409934
-0.014215367037081901
-0.0231442659198986
1.305395401198118
-0.016052333018706597
0.2679212439503554
-0.00030554342703343734
0.08633456910934124
0.014916538925112278
0.004420722963297604
0.0013820781689309778
0.00031253936916635756
-6.430725234300645e-5
7.49197199741309e-5
-1.3317666161456065e-5
1.69592236024756e-5
3.910568138259915e-7
-7.838456869125331e-6
0.1292357207102591
0.07889336081825131
0.04655327033516783
0.02690478059955111
0.015329355584434311
0.008649589216697414
0.004906467276227423
0.00273709866337036
0.001531908593117627
0.000853294372066893
0.00047334474566844377
0.0002623682043488371
0.00014347898831677138
7.613087252461986e-5
3.835840171463645e-5
1.5907602156812374e-5
2.1965203274358685e-6
0.061680251526548296
0.031953332118282496
0.01625307403809677
0.008203558725015036
0.004126023272865838
0.002074608661941465
0.001028280574792347
0.0005211065360717391
0.0002614290621425922
0.00013603018191843383
6.307665336611822e-5
3.306173581449644e-5
2.2265986958214273e-5
1.450115887975546e-5
8.743749974642048e-6
8.52278366593196e-6
4.0283907022665306e-6
8.401102126990443e-6
6.44206749965921e-6
6.138831108490501e-6
7.745291031664435e-6
5.891141966447226e-6
6.0917089027774246e-6
7.429942181297986e-6
6.087607948005611e-6
9.576714790362954e-6
4.152104890249895e-6
2.6564149860528628e-5
4.394610798182564e-6
7.001838821913504e-6
7.455905163903633e-6
7.239090672321209e-6
1.0705559714108403e-5
1.1855489426461324e-5
6.927615813832069e-6
4.296788931477134e-6
7.735080035778697e-6
5.1645663040742825e-6
7.783568488016146e-6
-9.597251493451101e-6
9.653925771020427e-6
5.73778190354833e-6
1.2074338269796958e-5
4.4173197262905965e-6
1.2087322037169726e-5
4.815515204736499e-6
1.1867693845379325e-5
1.2286961940842625e-5
1.2073811789642267e-5
4.315807131521079e-6
1.2073811789642267e-5
4.315807131521079e-6
1.2073811789642267e-5
4.315807131521079e-6
1.2073811789642267e-5
4.315807131521079e-6
1.2073811789642267e-5
4.315807131521079e-6
1.2073811789642267e-5
4.315807131521079e-6
1.2073811789642267e-5
4.315807131521079e-6
-0.3156031343486659
0.16246600024562297
0.09428428226133889
0.05033745854903385
0.025981924613521005
0.013195816355937291
0.006636272288924214
0.0033331160155508385
0.001689708089311764
0.0008744899122816907
0.0004475230576628986
0.00020224852004548346
0.00011091177721497541
5.143167858806238e-5
2.978214459158675e-5
2.573940578973896e-5
1.2536113776796215e-5
1.0000849562628918e-5
9.362184613210903e-6
4.695567496020889e-6
7.303984297719991e-6
1.3574237938019662e-5
8.194710322778022e-6
6.790919345555552e-6
1.4927319017560527e-5
6.903520962617373e-6
6.995336906739138e-6
8.383991478868696e-6
7.770213456253031e-6
1.1123802141938098e-5
5.2943430809347515e-6
9.254711492814424e-6
8.959358996268819e-6
8.63471200614084e-6
1.1417769345560131e-5
8.502710020363585e-6
8.444279012849699e-6
-7.964847417567465e-6
9.25565524723233e-6
1.0471973379445971e-5
2.1716038512753235e-5
6.2621379389117724e-6
5.419195221089952e-7
8.44279844910136e-6
4.744250567454355e-6
5.225264935495358e-6
9.213449985660638e-6
7.78569166294543e-6
8.064263639448139e-6
8.66354950522368e-6
8.780882143275196e-6
7.98545969435567e-6
5.225264935495358e-6
8.787116911609631e-6
5.225264935495358e-6
8.787116911609631e-6
5.225264935495358e-6
8.787116911609631e-6
5.225264935495358e-6
8.787116911609631e-6
5.225264935495358e-6
8.787116911609631e-6
5.225264935495358e-6
8.787116911609631e-6
5.225264935495358e-6
8.787116911609631e-6
5.225264935495358e-6
-0.315619766170445
0.1624678059539888
0.09428314036916025
0.05033770714810219
0.02595689654975627
0.01319666150515607
0.0066404778536888415
0.003330904440112714
0.001689680730494528
0.0008552376843135621
0.00042507288718183854
0.00021993695075068993
0.0001092555112803144
6.105816799157268e-5
3.474601135856047e-5
6.757735605647316e-6
2.6481446193211396e-5
2.3502491424722187e-5
2.3312436763705918e-5
2.246469461738195e-5
1.826120635374659e-5
2.0808377204651392e-5
2.1169801151956977e-5
2.0297042639095453e-5
2.107050890891625e-5
1.6871794674611287e-5
2.6524026202951286e-5
2.17773668281269e-5
2.1388270322903838e-5
1.9889387532730965e-5
2.003655318409452e-5
2.015415279079672e-5
1.3987118518411316e-5
1.894622022419627e-5
1.3894891204615713e-5
2.1643316214848017e-5
2.1795850542549477e-5
1.8389891004271784e-5
2.1195069477733895e-5
2.0146476734528888e-5
1.9437918743000145e-5
2.114669566340733e-5
1.3316991493647368e-5
1.970548547873168e-5
1.7678982071035184e-5
1.7639401397603583e-5
2.4715848301563824e-5
2.2189427581030265e-5
6.458562478732509e-6
2.2363234949290355e-5
2.2363234949290355e-5
2.420574031874821e-5
6.458562478732509e-6
2.420574031874821e-5
6.45933156798709e-6
2.420574031874821e-5
6.45933156798709e-6
2.420574031874821e-5
6.45933156798709e-6
2.420574031874821e-5
6.45933156798709e-6
2.420574031874821e-5
6.45933156798709e-6
0.19025400603104559
0.11843227550007258
0.06517723527552585
0.03409959227198932
0.017411370740450648
0.008821679853583222
0.004438524014691344
0.002229807667726584
0.001126478688732391
0.0005781714153389966
0.00029846445809404194
0.00015867373232487285
8.892512200146188e-5
5.4590308230690175e-5
3.8147786043455124e-5
3.077973540352875e-5
2.4236093341824395e-5
1.7455996476426884e-5
1.946858782550998e-5
1.6747696757095936e-5
1.7073334235466887e-5
2.2242184261447532e-5
3.9277024604781086e-5
2.1648147812801377e-5
1.9729523665638078e-5
2.202862771492733e-5
1.8523971027685846e-5
2.201912018808855e-5
3.380404191484634e-5
2.090425913205477e-5
2.1994599686825425e-5
2.1667186644132662e-5
3.631237651417767e-5
2.055442017923364e-5
2.1575754131409286e-5
2.0857085785808037e-5
2.0101344675213056e-5
2.1261349370213104e-5
1.7679511699103013e-5
1.9878301998602082e-5
2.3473117869117184e-5
2.512010659396161e-5
2.0886017477478083e-5
1.7951653568249167e-5
1.8078125164893937e-5
1.7645067936690962e-5
2.2840501852837178e-5
2.2846695693253407e-5
1.944071291496887e-5
2.218105335678672e-5
2.218105335678672e-5
6.45933156798709e-6
2.1261814281973936e-5
6.45933156798709e-6
2.1261814281973936e-5
6.45933156798709e-6
2.1261814281973936e-5
6.45933156798709e-6
2.1261814281973936e-5
6.45933156798709e-6
2.1261814281973936e-5
6.45933156798709e-6
2.1261814281973936e-5
6.45933156798709e-6
2.1261814281973936e-5
6.45933156798709e-6
2.1261814281973936e-5
6.45933156798709e-6
2.1261814281973936e-5
6.45933156798709e-6
2.1261814281973936e-5
6.45933156798709e-6
2.1261814281973936e-5
6.45933156798709e-6
2.1261814281973936e-5
6.45933156798709e-6
