2.9067421583317543e-5
0.8139209257756798
0.8083320166235384
0.7926268921946606
0.8737196590724556
0.9985920262074423
0.9996393698020071
0.9966602891387681
0.9928185483230694
0.9951740237176774
0.9974041466748599
0.9987738284058043
0.9996524043858174
0.9905430912715671
0.9927326712143845
0.9202662570823215
0.35505715264229026
0.2429876721450323
0.06287808149233648
0.017677783636412592
0.004513164618956789
0.0011450720323297192
0.0003063101286097103
9.796091872915635e-5
4.616249770827974e-5
3.32882301059545e-5
3.0097744537771476e-5
2.9312683416493623e-5
2.912258312015581e-5
2.9078127817494526e-5
2.9068552835964656e-5
2.906692639348396e-5
2.906747635167406e-5
2.9067948842553815e-5
2.906823441328754e-5
2.906808748526224e-5
2.9068017213140784e-5
2.906798274937561e-5
2.9067999900211916e-5
2.9067991336062526e-5
2.906800425017675e-5
2.90679976640007e-5
2.906800098440021e-5
2.9067996087928094e-5
2.906799848462205e-5
2.906799974372598e-5
2.9067999128051802e-5
2.9067998822074337e-5
2.906799898039214e-5
2.9067998853771204e-5
2.9067999036236358e-5
2.9067999037957204e-5
2.9067998973453246e-5
2.9067998865484057e-5
2.906799897550716e-5
0.9988956930559617
0.9978680498115245
0.9967476689648858
0.996263712351438
0.9895955959492617
0.9999112727061811
0.999906625152205
0.9999416935815445
0.9999416923700105
0.9995114480001843
0.9931436019601877
0.9767721635078456
0.9443336383950686
0.5189657845416997
0.509483062937872
0.17012035179970625
0.06643259201618834
0.019684467399773697
0.005182107084866938
0.0013309712617895486
0.00035468203402877485
0.00011018662779715971
4.919257748781103e-5
3.4021657444593956e-5
3.0267870075539882e-5
2.9348717137334113e-5
2.9128593520055812e-5
2.907837481924691e-5
2.9068209703775327e-5
2.906685006293097e-5
2.9067112869318734e-5
2.9067477970601274e-5
2.906771902128069e-5
2.9067854183884023e-5
2.9067925376491388e-5
2.9067961793360908e-5
2.9067980306440866e-5
2.906798963897561e-5
2.9067994194831304e-5
2.9067996648701744e-5
2.9067997756426767e-5
2.9067998333132117e-5
2.906799862689713e-5
2.906799885016298e-5
2.9067998772169812e-5
2.906799901120083e-5
2.906799895963097e-5
2.9067998873699707e-5
2.906799892876677e-5
2.9067999024356972e-5
2.9067999044840587e-5
2.906799890656231e-5
2.906799891572165e-5
2.9067998905896175e-5
2.906799897894885e-5
2.9067998949638962e-5
2.90679989254361e-5
2.9067999042342585e-5
2.9067998927490013e-5
2.9067998932430505e-5
2.906799904700552e-5
2.9067998893295144e-5
2.9067998970844222e-5
2.9067999017695634e-5
2.9067999019638524e-5
2.906799897750556e-5
2.9067998985943255e-5
2.9067999002707623e-5
2.9067998971954445e-5
2.9067999002707623e-5
2.9067998971954445e-5
2.9067999002707623e-5
2.9067998971954445e-5
2.9067999002707623e-5
2.9067998971954445e-5
2.9067999002707623e-5
2.9067998971954445e-5
2.9067999002707623e-5
2.9067998971954445e-5
2.9067999002707623e-5
2.9067998971954445e-5
2.9067999002707623e-5
2.9067998971954445e-5
2.9067999002707623e-5
2.9067998971954445e-5
2.9067999002707623e-5
2.9067998971954445e-5
2.9067999002707623e-5
2.9067998971954445e-5
2.9067999002707623e-5
2.9067998971954445e-5
2.9067999002707623e-5
2.9067998971954445e-5
