20.4593122248367
-0.4222279523902441
-0.12676323352567476
-0.044529303632776046
-3.744909376760154
4.920344349666215
8.030904682648465
-53.30832449526224
-21.728325538993982
-0.23786854023853457
31.570999289493145
78.62187343560423
57.7928215119311
31.669439173619143
16.05495330448708
15.075643415704578
7.441001011960114
4.8979363545394685
2.328831766706048
1.264110110062104
0.6208489639731544
0.24655661904375234
0.44947369659267816
0.4143168908206175
2.132305150026357
1.2705524116362792
0.8417067096045244
0.6278253440048118
0.521023137911666
0.46765752150899287
0.4409847550542745
0.4276487933320476
0.4209816302742872
0.4176489749057514
0.415982882532147
0.4151488198765891
0.41473514842113185
0.4145268088765851
0.41442265722164734
0.41436865669787587
0.41434278742518327
0.4143298398966049
0.41432336669172554
0.4143201306102971
0.41431850747374466
0.41431769901008103
0.414317293011024
0.4143174968241791
0.4143173969921871
0.4143174475810069
0.41431742370146774
0.41431743621618916
0.41431743915182784
0.41431744237367185
0.4143174445045452
0.4143174400214812
0.4143174458784335
0.41431744417180116
0.4143174434647754
0.4143174464667068
0.4143174462982954
0.4143174429161895
0.41431744268484194
0.41431744281922156
0.4143174431304574
0.4143174441132989
0.4143174440512474
0.4143174518023944
0.414317443991003
0.41431744035277934
0.4143174402546193
0.41431744025229256
0.4143174402685221
0.41431744028683104
0.41431744028990064
0.4143174442674444
0.4143174442355086
0.41431744008160165
0.41431744410796756
0.41431744410796756
0.41431744008160165
0.41431744410796756
0.41431744008160165
0.41431744410796756
0.41431744008160165
0.41431744410796756
0.41431744008160165
0.41431744410796756
0.41431744008160165
0.41431744410796756
0.41431744008160165
0.41431744410796756
0.41431744008160165
2.132310613220423
1.2705554020073737
0.8417088461507167
0.6278265088356175
0.521023975481813
0.4676582297915859
0.4409853869079746
0.42764938656037477
0.42098220407513326
0.41764954688578276
0.41598344269308274
0.4151493795092707
0.41473570550367933
0.414527365012164
0.41442321295046497
0.4143692012254844
0.4143433389592789
0.41433039354601714
0.4143239205212437
0.4143206821043242
0.41431906303005334
0.4143182519796039
0.41431784687592565
0.41431805160772583
0.41431794838116576
0.41431800070804675
0.41431797417775407
0.4143179959963891
0.41431799414416426
0.4143179950277426
0.41431799536659397
0.41431799666936947
0.4143179986646268
0.4143179939131553
0.414317995451036
0.4143179938362317
0.4143179943317974
0.41431799286650267
0.41431799440354494
0.4143179942848953
0.4143179987382598
0.41431799426402033
0.41431799433720196
0.41431799409923853
0.4143179942881241
0.41431799604402153
0.41431799879879355
0.4143179960981475
0.4143179986893684
0.4143179960176606
0.4143179958822834
0.41431799613317744
0.41431799869165836
0.41431799860588386
0.41431799613317744
0.41431799860588386
0.41431799613317744
0.41431799860588386
0.41431799613317744
0.41431799860588386
0.41431799613317744
0.41431799860588386
0.41431799613317744
0.41431799860588386
0.41431799613317744
