20.11409924789379
-0.17488255772487715
-0.17475718652817987
-0.27857961624628125
-0.5588669365409692
-0.509574080881557
-2.985622345381177
-2.0229290719623725
-0.2582034436558587
0.0891856250941395
-0.24901208690827226
0.030448185997884722
-0.09232768977879613
-0.011599931048318796
0.059402342036542904
0.03015093725643271
0.010606658693439821
-0.00040227626471978366
0.0049364587116575665
-0.0036384598901341592
0.0005149060285187415
-0.0016612657760096453
0.0007644622965760677
-0.00047697811313295285
0.00013516192143599246
-0.0016681157647818684
-0.0008859184642240407
-0.00045094987538542216
-0.00020155118474076984
-5.5655736108624544e-5
-0.001156995006692892
-0.0006069862514084249
-0.00033077716771077054
-0.0001932002859266648
-0.0001269685885394845
-9.011688398908866e-5
-7.341401218872293e-5
-6.518920495847383e-5
-7.107856041362322e-5
-6.797754159270598e-5
-6.521769348071911e-5
-6.810604461875836e-5
-6.563699086581707e-5
-6.645408473606995e-5
-6.839443568038333e-5
-6.600957471283861e-5
-6.750357762101678e-5
-6.608927759756582e-5
-6.634627744859903e-5
-6.666010113261095e-5
-6.55912794383125e-5
-7.001770401103217e-5
-6.686133728140919e-5
-6.80987465711743e-5
-6.742009288999625e-5
-6.923766024054225e-5
-6.574568230535259e-5
-6.537450042341991e-5
-6.843668286247576e-5
-6.843763280688764e-5
-6.43631337382169e-5
-6.725990630461385e-5
-6.69740584278606e-5
-6.752433473753233e-5
-6.644092530815473e-5
-6.803160965964484e-5
-6.761930412410592e-5
-6.762940133323846e-5
-6.646684195838414e-5
-6.655411140450747e-5
-6.57611582958807e-5
-6.779346445900711e-5
-6.72367546748566e-5
-6.779346445900711e-5
-6.72367546748566e-5
-6.779346445900711e-5
-6.72367546748566e-5
-6.779346445900711e-5
-6.72367546748566e-5
-0.03957826014407678
-0.0069549200015717435
-0.0034695454149446386
-0.0017625849833510033
-0.0009151580237685291
-0.0004917601853381056
-0.000278510496746101
-0.00017090592586927698
-0.00011871784449575289
-9.513825389878203e-5
-7.991954735515039e-5
-7.366389125590843e-5
-7.973876372116056e-5
-7.808559826390579e-5
-7.69107227365808e-5
-7.702688390442707e-5
-7.514111364730013e-5
-7.651262517215653e-5
-7.734902196761389e-5
-7.757663607612843e-5
-7.996850120379314e-5
-7.608023768953479e-5
-7.716189041104796e-5
-7.53429786404411e-5
-7.657037720577425e-5
-7.475303229154209e-5
-7.815565333657995e-5
-7.787584271919462e-5
-7.812598917652219e-5
-7.615751254362536e-5
-7.666129615260162e-5
-7.759143585235316e-5
-7.62607666600084e-5
-7.846286021643306e-5
-7.916269399454374e-5
-7.782973927563022e-5
-7.563634842129761e-5
-7.780017126623375e-5
-7.77210344906451e-5
-7.802129190049957e-5
-7.533418744539278e-5
-7.757004798108784e-5
-7.720824037928622e-5
-7.615256516311689e-5
-7.717206041589252e-5
-7.730375376228836e-5
-7.916269399454374e-5
-7.730375376228836e-5
-7.916269399454374e-5
-7.730375376228836e-5
-7.916269399454374e-5
-7.730375376228836e-5
-7.916269399454374e-5
-7.730375376228836e-5
-7.916269399454374e-5
-7.730375376228836e-5
-7.916269399454374e-5
-7.730375376228836e-5
-0.03959426540331992
-0.006968624847567028
-0.0034815489825037326
-0.001772542075455452
-0.0009233362932456024
-0.0005018097746569912
-0.0002878741510329725
-0.00018403845924473981
-0.00012895567063148826
-0.00010398857405140004
-9.243979983447483e-5
-8.222158031726544e-5
-8.513390865942869e-5
-8.750724605027006e-5
-8.75505423064452e-5
-9.030206064701984e-5
-8.706067859913268e-5
-9.091614300424376e-5
-8.841918267548187e-5
-9.173792832198007e-5
-8.980728485706237e-5
-8.862799449193958e-5
-8.842070392652952e-5
-8.956792915874118e-5
-8.964700873251045e-5
-8.917193890831412e-5
-8.997425840672789e-5
-9.128297502536859e-5
-8.815956800787585e-5
-9.095712598578557e-5
-8.973662544907469e-5
-8.85054714847693e-5
-8.980741985427406e-5
-9.0281327104765e-5
-8.940368844875849e-5
-8.976112811566694e-5
-8.829406899160697e-5
-9.045189506235199e-5
-9.040518362641473e-5
-8.967002598213308e-5
-8.933317324060622e-5
-9.153203515945021e-5
-8.85510327173029e-5
-9.000539322671313e-5
-8.82932254495178e-5
-8.795354996203463e-5
-9.000539322671313e-5
-8.795354996203463e-5
-9.000539322671313e-5
-8.795354996203463e-5
-9.000539322671313e-5
-8.795354996203463e-5
-9.000539322671313e-5
-8.795354996203463e-5
-9.000539322671313e-5
-8.795354996203463e-5
-9.000539322671313e-5
-8.795354996203463e-5
-0.0396073168435556
-0.006983127393882373
-0.003493966806855201
-0.001784831430661283
-0.0009381981129979562
-0.0005161529299251333
-0.00030089936748609703
-0.00019683900196759254
-0.00014245293428908446
-0.00011411319166159813
-0.0001012069751459569
-9.583698682457665e-5
-9.829071120387574e-5
-9.999219225705568e-5
-0.0001015115540062559
-0.00010307561928930633
-9.905976429278942e-5
-9.86093834623576e-5
-0.00010054260380951487
-9.819161023122428e-5
-0.00010170176590722785
-0.00010088538707113082
-9.779079402004288e-5
-0.00010050279918140905
-0.00010245447282641347
-9.888172804018665e-5
-0.00010003971256401427
-9.854117287251305e-5
-0.0010621040467521448
-9.986750449573993e-5
-9.994318903342012e-5
-0.00010042979905597282
-9.778999249853366e-5
-9.943839082521956e-5
-0.00010070875673556673
-9.939348889675457e-5
-0.00010251714598632586
-0.0001015804208927044
-0.00010035527317332838
-9.997659827790826e-5
-0.00010205719045314496
-0.00010022127782682786
-9.980984780828466e-5
-9.996890137288341e-5
-0.0001007252690289576
-0.00010049400688268316
-9.939348889675457e-5
-0.00010049400688268316
-9.939348889675457e-5
-0.00010049400688268316
-9.939348889675457e-5
-0.00010049400688268316
-9.939348889675457e-5
-2.354725430165919
-0.0044606902889436926
-0.002267885564117279
-0.0011820622544194525
-0.0006424157210508702
-0.00037038327073497855
-0.00023527418554325182
-0.00016550786179782604
-0.00013376838409764202
-0.00011453253864732276
-0.00010831503269350972
-0.00011243081751188006
-0.00011083459367981222
-0.00011306322272687908
-0.00010964799579155328
-0.00011173596483868887
-0.00010979305201813406
-0.00011187535979862759
-0.00010973877951125322
-0.00011189106244361853
-0.00011181057359537614
-0.00011042436439318552
-0.00011111914318219054
-0.00011096200346224991
-0.0001122856973820037
-0.00011169715595674114
-0.00010993540439013943
-0.0001114181405671065
-0.00011140010057798732
-0.00011066655325772578
-0.00011059101438523598
-0.00011242215147562703
-0.00011264515528960769
-0.00011072333135471453
-0.00010996580071363874
-0.00011167529140922526
-0.00011251434865367817
-0.00011163516590665308
-0.00010888052198408737
-0.000109758117843101
-0.00011278663530151829
-0.0001113242926752663
-0.00011226844075144325
-0.00011017027318094158
-0.0001093086292975964
-0.00011066062312626757
-0.00011226844075144325
-0.000112190745837723
-0.00011066062312626757
-0.000112190745837723
-0.00011066062312626757
-0.000112190745837723
-0.00011066062312626757
-0.000112190745837723
-0.00011066062312626757
-2.354977071078442
-0.004463347772750942
-0.0022793068234704767
-0.0011915574287388634
-0.0006528695948594258
-0.00037966428273431913
-0.0002490188341113993
-0.00017778787510943446
-0.00014258673593660971
-0.00012749186374800972
-0.00011878198615678751
-0.00012487558021974702
-0.00012215946533468495
-0.00012281331315011697
-0.00012177451802714218
-0.00012320606735200733
-0.00012206424204324218
-0.00012136415434423868
-0.00012109648689809469
-0.00012450365455449381
-0.00012191179445792586
-0.00012253556504053908
-0.00012148849779234412
-0.00012141907616576258
-0.00012255615388636484
-0.0001250007169823405
-0.00012465983193064577
-0.00012531013659037698
-0.000122551530281873
-0.000123369057484849
-0.00012239154585864403
-0.00012105604099980936
-0.00012253167774513413
-0.00012177209249048954
-0.00012082629357138713
-0.00012111885818881872
-0.00012113393905559857
-0.00012475222707990745
-0.00012204370161869574
-0.00012114547313666565
-0.00012118022613326554
-0.00012328518666205525
-0.00012090414164740457
-0.00012038025482352491
-0.00012008953491293808
-0.00012117179797147088
-0.00011968875883182341
-0.00012328518666205525
-0.00011968875883182341
-0.00012328518666205525
-0.00011968875883182341
-0.00012328518666205525
-0.00011968875883182341
-0.00012328518666205525
-0.00011968875883182341
-0.00012328518666205525
-0.00011968875883182341
-2.3552695698378137
-0.004470899600427654
-0.002285356145654225
-0.001203129225786087
-0.0006624110044555633
-0.00039387279760793795
-0.00026196828859013986
-0.00019002493332903898
-0.000157839409750612
-0.00014285453557936703
-0.00013034345859416784
-0.00013617384153398351
-0.0001331109734697538
-0.00013153339298202952
-0.00013136433250283505
-0.0001343413641331625
-0.00012940545267445475
-0.0001290840021859913
-0.0001320177333229918
-0.00013010031475060857
-0.00013006618878231676
-0.00013079244778818874
-0.00013128173495928822
-0.00012990089232788117
-0.00013238596302402682
-0.00013114819840167683
-0.00013334849101696037
-0.00013320804771379068
-0.00013053865131350392
-0.00013013816777763298
-0.00013151378049156766
-0.00012958303117110846
-0.00012843244430032645
-0.00013141942279966604
-0.00012975283943989513
-0.0001284301996110321
-0.00013171523478069266
-0.00012982911880764602
-0.00013263681125189587
-0.00013272006224354904
-0.00013086944251424046
-0.00013099870354420982
-0.00013272082761579097
-0.00013168650163776938
-0.00013207570037140757
-0.0001307982750580583
-0.00013207570037140757
-0.00013379420860298418
-0.0001307982750580583
-0.00013379420860298418
-0.0001307982750580583
-0.00013379420860298418
-0.0001307982750580583
-0.0696988361689958
0.3463615823273424
-0.11056102056991235
-0.004436811953738919
-0.0022726028640996207
-0.001198759415105068
-0.0006671011652182381
-0.0003992195798758149
-0.0002655175416175807
-0.00020047433131262885
-0.00016562232721518876
-0.00014721814730920377
-0.00014133250438276297
-0.00014494603514960923
-0.00014117312820951071
-0.00014441940298129304
-0.00014133553544008715
-0.0001431832322734717
-0.00014152216640631453
-0.00014240243342666925
-0.00014155687015135474
-0.00014294897146787476
-0.0001413475751955547
-0.00014279645518826012
-0.0001459510754179285
-0.00014377203609881214
-0.0001417569707221131
-0.0001412429665170946
-0.00014209877094922588
-0.00014294213505279023
-0.00014333336656470905
-0.00014183942696466604
-0.00014320611430263823
-0.00014063612104305202
-0.00014166335882824903
-0.00014258943622365845
-0.00014263145737299692
-0.0001413849084616057
-0.00014217232550904645
-0.00014069362599330537
-0.00014263425736951648
-0.00014421887654732717
-0.00014287232450773093
-0.00014184619486248612
-0.0001408850369417516
-0.0001417178684766001
-0.00014100962107248984
-0.00014455532458668963
-0.00014100962107248984
-0.00014455532458668963
-0.00014100962107248984
-0.00014455532458668963
-0.00014100962107248984
-0.00014455532458668963
-0.00014100962107248984
-0.00014455532458668963
-0.00014100962107248984
-0.06888891186141156
-0.04818561498882629
-0.055610021585142985
-0.007965204478112293
-0.007095942071252917
-0.0035684425492840937
-0.001852179124034444
-0.0009972269845709729
-0.0005679961019663427
-0.000357169666589754
-0.00024896353364297225
-0.00019597873573498574
-0.0001677296982582533
-0.00015546323673448805
-0.00014883311930794562
-0.00015297697354585922
-0.00014950088845539086
-0.00015059907262933995
-0.00015495643168714714
-0.00015167493649966473
-0.00015098565743990196
-0.00015181715468496392
-0.00015269240264847398
-0.0001532536246259608
-0.00015185566447706094
-0.0001525942964671542
-0.00015286535571270446
-0.0001508650775004839
-0.00015058139327192
-0.00015445224375490826
-0.0001521438959939099
-0.0001521276388118496
-0.0001518484629496214
-0.0001513509001547025
-0.00015285876575100478
-0.00015371786254913573
-0.00015173408687128056
-0.00015118162951782463
-0.00014915455102125616
-0.00015100757075807477
-0.00015274500650605508
-0.00015171817492965977
-0.00015399659764118022
-0.00015210405675959222
-0.00015328227398421102
-0.00015239318914318144
-0.00015253312677316098
-0.0001506512810435502
-0.0001522757024417144
-0.00015328227398421102
-0.0001522757024417144
-0.00015328227398421102
-0.0001522757024417144
-0.00015328227398421102
-0.0001522757024417144
-0.00015328227398421102
-0.0001522757024417144
-0.00015328227398421102
-0.0001522757024417144
-0.00015328227398421102
-0.0001522757024417144
-0.00015328227398421102
-0.0001522757024417144
-0.06888073703734902
-0.01454212238992475
-0.05560101059725693
-0.007971779364577974
-0.00708318930068618
-0.00357404524126631
-0.0018549260262007558
-0.0010035807220396989
-0.0005773189529305498
-0.0003660511834598621
-0.0002587214832071459
-0.00020535741293789154
-0.00017915961365513002
-0.0001660409400211098
-0.00015704242467942659
-0.00016147200819493937
-0.00016310477280982342
-0.0001651353835623566
-0.0001651552524020293
-0.00016800032073145975
-0.00016244616039647603
-0.00016295941583262518
-0.00016314894114513899
-0.00016387141351392485
-0.00016229502214458647
-0.00016408229872833644
-0.00016446961762134923
-0.0001621739481826696
-0.00016313125155208914
-0.0001612639250060637
-0.00016095601835514948
-0.00016333638529490607
-0.0001637013012911584
-0.00016326967797922968
-0.00016500765566074757
-0.00016264003313452385
-0.00016351554913825083
-0.00016366362733582314
-0.00016376351704940973
-0.00016368469727126244
-0.00016530172164940142
-0.000162287546787455
-0.00016432006085819557
-0.00013695685427042375
-0.00016470325052330423
-0.00016197013546798394
-0.0001634510638664101
-0.0001648739401150995
-0.000162799394127561
-0.0001648739401150995
-0.000162799394127561
-0.0001648739401150995
-0.000162799394127561
-0.0001648739401150995
-0.000162799394127561
-0.0001648739401150995
-0.000162799394127561
-0.0001648739401150995
-0.000162799394127561
-0.0001648739401150995
-0.000162799394127561
-0.0001648739401150995
-0.000162799394127561
-0.06770665703242296
-1.1347606253139202
-0.6390175667694047
-0.0029401026222841686
-0.001547930868880797
-0.0008576059683509577
-0.0005120360248271772
-0.00033944120741051574
-0.0022818519458688746
-0.000207471290011731
-0.0001889075276763981
-0.00017406454058570826
-0.0001807205278757656
-0.00017765030368574645
-0.00017566416997345926
-0.00017438993400307575
-0.00017547969417091214
-0.00017612694556492736
-0.00017465747217287084
-0.00017541092045855042
-0.000180146500945204
-0.00017423589941806787
-0.00017473099587968918
-0.0001736908616714055
-0.00017420321118489571
-0.00017597888613841506
-0.00017620012088190935
-0.00017536258350189717
-0.0001748525429733931
-0.00017556695921637188
-0.00017619721040373746
-0.00017362876792270183
-0.00017392409039304057
-0.00017504007027920222
-0.00017480258539851295
-0.00017576923971154002
-0.0001759725196536023
-0.00017487328785126727
-0.0001753184745502345
-0.00017659787506082774
-0.0001733377636318965
-0.0001775035595003731
-0.00017746197354036019
-0.00017495119447016663
-0.00017528490703128965
-0.00017674630917553284
-0.00017627375900025342
-0.00017526599232603696
-0.0001733377636318965
-0.00017526599232603696
-0.0001733377636318965
-0.00017526599232603696
-0.0001733377636318965
-0.00017526599232603696
-0.0001733377636318965
-0.06697233474323792
-0.15807009087460985
-1.2039577188589377
-0.216478260964589
-0.0036377513051249854
-0.0019014138255793699
-0.001037440568187379
-0.0006057142283327324
-0.00038916514624152146
-0.0002826068097207275
-0.00022997586284039664
-0.00020350805563138224
-0.00018716440145499436
-0.00018093596861335352
-0.0001851547177928856
-0.0001846474371923325
-0.0001850007473512145
-0.00018535996307196358
-0.00018355363113909081
-0.00018556068138548363
-0.00018356823394261108
-0.00018525989526827998
-0.00018245068446762805
-0.0001856519824857206
-0.00018317789061392665
-0.00018512492196248888
-0.00018594260896897426
-0.00018381929197351223
-0.00018543329457176519
-0.0001859126203089635
-0.0001852950114960007
-0.00018382626129879038
-0.00018470517407907848
-0.00018553064467860542
-0.00018163063328719987
-0.00018465040506422483
-0.00018428422915505946
-0.00018098937739539217
-0.0001841537697139212
-0.000185020875061874
-0.000182434313127036
-0.00018266668376983766
-0.00018481805210810427
-0.00018641768714247102
-0.00018258162168492478
-0.00018685523515408903
-0.00018577871547155624
-0.00018358578684660916
-0.0001842493004379126
-0.00018576069315059696
-0.0001842493004379126
-0.00018576069315059696
-0.0001842493004379126
-0.00018576069315059696
-0.0001842493004379126
-0.00018576069315059696
-0.0001842493004379126
-0.00018576069315059696
-0.0001842493004379126
-0.00018576069315059696
-0.0001842493004379126
-0.06682911706882044
-0.7994322858933192
-3.3707533385298167
-0.004212629772404383
-0.0021877738317178557
-0.0011869767435347396
-0.0006857174560688762
-0.00043398560989886905
-0.0003097722456506688
-0.0002465928420677651
-0.00021574154781526524
-0.00019907194038081233
-0.00019172004093826953
-0.00019547137381773597
-0.00019665071980586922
-0.00019500820040850927
-0.0001975617232798011
-0.00019851395278122077
-0.00019740188158884968
-0.00019863913116344197
-0.00019684415020964618
-0.0001991136069578277
-0.00019450673464647364
-0.00019706725248952908
-0.00019818470968111814
-0.00019876859072736721
-0.00019837162525828566
-0.0001958406346545759
-0.0001985040168729396
-0.00019663317238129455
-0.0001966053581589001
-0.00019702227899277453
-0.0001953313454246534
-0.00019816782300673342
-0.00019550206270412565
-0.0001974667580999878
-0.00019645447819553047
-0.00019876668213612036
-0.00019731587517392608
-0.0001960901210198593
-0.00019638687109120432
-0.00019640420544303388
-0.00019727869048752784
-0.0001986262648910173
-0.00019853765876221873
-0.00019816752840571633
-0.00019913558840249605
-0.00019737538456360482
-0.00019845500213633418
-0.0001960901210198593
-0.00019845500213633418
-0.0001960901210198593
-0.00019845500213633418
-0.0001960901210198593
-0.00019845500213633418
-0.0001960901210198593
-0.00019845500213633418
-0.0001960901210198593
-0.00019845500213633418
-0.0001960901210198593
-0.06621245146864858
2.7061692169581804
-1.1392025795612892
-0.0046145588537003426
-0.0023930820759268156
-0.0012929305771442591
-0.0007440042987534606
-0.000470601730235417
-0.0003343430960282922
-0.00026689023693212647
-0.00023192631503109412
-0.00021561088885411656
-0.00020496478946945986
-0.00021153172082260944
-0.00020766878528809808
-0.00021161870502644915
-0.00020613461048489098
-0.00020820774888723854
-0.00020785630230465591
-0.000207489394035456
-0.00020867105129956316
-0.00021028923290811028
-0.00020852143301450243
-0.00020861475281808118
-0.00020681674002072796
-0.00021084467974499848
-0.00020775995640567337
-0.00020699953254751209
-0.00020900778189064632
-0.00020876825194071934
-0.00020675663411287242
-0.00021001780531460556
-0.0002086057256332768
-0.00020693473012850822
-0.00020748177763085278
-0.00020807385097042179
-0.00020684865969735814
-0.00020929148082572682
-0.00020856093898239541
-0.00020716140782996758
-0.000207565564808944
-0.00021002142194697003
-0.00021012521619240813
-0.00020643582488465641
-0.00020969038138105063
-0.00020986738698784908
-0.0002079945127273157
-0.00020772438957849664
-0.00020783584608594297
-0.0002079945127273157
-0.00020783584608594297
-0.0002079945127273157
-0.00020783584608594297
-0.0002079945127273157
-0.00020783584608594297
-0.06590721652015999
1.0528979632556854
-1.3661757212213066
-0.10863673882715422
-0.004556993999835125
-0.0023707886973396704
-0.0012911965184028162
-0.0007482198810819265
-0.00047893976706433734
-0.0003426874222703808
-0.0002767186719181469
-0.0002419530997401585
-0.00022563653252812734
-0.00021756181673804288
-0.0002216326189981677
-0.0002173090222754809
-0.00022184088403756955
-0.00021775543289972063
-0.0002192193840433188
-0.00022011069138994996
-0.00021813793366194694
-0.00022120224818794195
-0.0002185984024677285
-0.00021873906052451237
-0.00021951073643898184
-0.0002209868097973603
-0.0002221719311026751
-0.00022241296852143022
-0.00022121076474212383
-0.0002193606265727369
-0.00022126691608432468
-0.0002192702578688537
-0.00021984466306142913
-0.00021768835605050015
-0.00022043499782751312
-0.00021966516757328873
-0.0002193250070026212
-0.00021889105178079965
-0.00021857075485725043
-0.00021911377302138117
-0.0002208095543301542
-0.0002181753494274053
-0.00022027205986998986
-0.00021962239325810833
-0.00022125932968584383
-0.00022230478305985485
-0.0002187078009129321
-0.0002194964266419371
-0.00021989692287716073
-0.0002194964266419371
-0.00021989692287716073
-0.0002194964266419371
-0.00021989692287716073
-0.0002194964266419371
-0.00021989692287716073
-0.0002194964266419371
-0.00021989692287716073
-0.0002194964266419371
-0.00021989692287716073
-0.0002194964266419371
-0.06531506751671352
-8.888160148698796
-0.03589323852609605
-0.00604668841907031
-0.003101473482369799
-0.0016563860635299508
-0.0009379131103918512
-0.0005768497915213855
-0.000398667875528236
-0.00030828915688304166
-0.0002653366612180905
-0.0002421870557439734
-0.0002335490631946643
-0.00022828802116302204
-0.00022951106547565805
-0.0002304102446048854
-0.00022987160027666543
-0.00022968239935586236
-0.00023068571773744178
-0.00023148409624556304
-0.00023077766512224088
-0.00022963665830610827
-0.00022985563187963642
-0.00023297607675415997
-0.00022902453927248017
-0.0002300436358842013
-0.0002305752585292019
-0.00023144611937974828
-0.00023035998857993584
-0.00023190840006163374
-0.0002312958904744628
-0.00022975698256718196
-0.00023049564074090792
-0.00023057581153711505
-0.00022858219472146724
-0.00023213159672671058
-0.00023119445346650013
-0.00023131072612082436
-0.0002330234771252579
-0.00023395056246981044
-0.00023142970624496587
-0.00023155200986803688
-0.00023029721965245028
-0.00022822448850182267
-0.000230127922616308
-0.0002293982611588455
-0.00023041621254681294
-0.00023187701522294502
-0.00023041621254681294
-0.00023187701522294502
-0.00023041621254681294
-0.00023187701522294502
-0.00023041621254681294
-0.00023187701522294502
-0.00023041621254681294
-0.00023187701522294502
-0.00023041621254681294
-0.06469085890897884
0.47228673891391065
-0.06854554176384486
-0.08664798514605386
-0.8034105220416953
-1.1914747743023564
-7.945661742863009
-2.1386149630459954
-0.012438158796580947
-1.364742617343586
-0.5323807689632251
-0.5813242619093715
2.8184527605521144
0.6451110398184206
0.1586512761409873
1.0969459832962734
4.184861138509964
0.9152816873448291
2.177839054501383
2.2807139115493706
0.8761229839732604
-0.024502273427507798
0.25303103198611426
-5.7267276711022514
-2.9498609953306856
-2.859034098538424
-1.3244908222677638
-0.8537824506282297
-0.2999937597974059
-0.08312117229263696
-0.14912202463345936
-0.11946832707835624
-0.13509958130731178
-0.12749030008518544
-0.13134830688964327
-0.12943182582196203
-0.13040817353376805
-0.1308796913045865
-0.1306234570065596
-0.13075441852275746
-0.13070525252363213
-0.13066351137717855
-0.1306771537679205
-0.13068943222417978
-0.13068540465462158
-0.1306773434134851
-0.1306748702734609
-0.13070312949708285
-0.13069606608231332
-0.13070031126848808
-0.1306920604906916
-0.13069735265570945
-0.13069581602894614
-0.1306806464696893
-0.13068520114203375
-0.13067420277389574
-0.1306990438179486
-0.13068772816847235
-0.13069871042905512
-0.13069108081853917
-0.1306892059759797
-0.1306942834861148
-0.13069253477875184
-0.13069784289511657
-0.13069308374948108
-0.13068412492134715
-0.13070206437149062
-0.13070114969099617
-0.13069863746800994
-0.1306937896559896
-0.1306870463606432
-0.13068866301897422
-0.13066954594625152
-0.13067889648833597
-0.13069633124445032
-0.13068673807675243
-0.13066579897459762
-0.13066789010048846
-0.13068475094806542
-0.13068369747273276
-0.13069633124445032
-0.13068369747273276
0.5877370095874641
0.009259281107357917
-0.10062246451201688
-0.06597214883956223
-0.03999710050525813
-0.022077682567295077
-0.010317451970776418
0.02479037101220432
0.011772062131431824
0.03195221318470228
0.02192349930931109
0.01686897052772891
0.014321907465839917
0.013048812517566295
0.012410279101642947
0.012091765775641224
0.011934007138804591
0.011851924314594017
0.01181334755720541
0.011790575702962401
0.011786626710662025
0.011774408436808834
0.01177576006328577
0.01177145275342388
0.01177915954485964
0.011773411361694925
-0.442669487768971
0.011773904385901434
0.011773185058713357
0.011772534211554015
0.011774180031631469
0.01177337016320642
0.011771461827831751
0.011771020863290817
0.011772652842655038
0.011774668306115661
0.011772245747178707
0.011771376842231103
0.011774843879663877
0.011772412471420763
0.011772994794636886
0.01177225946647958
0.011773271930564249
0.011776031929646612
0.01177562013221733
0.011777182123547909
0.011772377091331923
0.011771763010443853
0.011773509793350751
0.011773669942480155
0.011771218747703696
0.011774690040508184
0.011773144740472826
0.011773812787806153
0.011770977214304857
0.011771550518660313
0.011773202509283279
0.011771550518660313
0.011774150697062058
0.011771550518660313
0.011774150697062058
0.011771550518660313
0.011774150697062058
0.011771550518660313
0.011774150697062058
0.011771550518660313
0.011774150697062058
0.011771550518660313
0.09509144920119178
0.05639114089437328
0.03488594031806614
0.023532602763705706
0.017705128826941197
0.014753210067340705
0.013264025749913323
0.012520212151153037
0.012149025379355239
0.011960181763784302
0.01186410014990744
0.011818612301824412
0.011795467648720939
0.01178464954047372
0.011776226872721722
0.011774215421859533
0.011773865431434032
0.011775990277751695
0.011770833631609459
0.011772406383355662
0.011770797076780267
0.011778166442647307
0.011774680545970213
0.011775121862614308
0.011773512907266798
0.011774050001874327
0.011772138781722447
0.01177434434505655
0.011773811030375928
0.011773686227945621
0.01177303658185863
0.011771732065850929
0.011771822071634887
0.011773255364968661
0.011774215951590521
0.011773868946826147
0.01177320911630452
0.011774120438606197
0.011772657019288878
0.011773180842032863
0.011772503517869383
0.011776747183067031
0.011773530928547805
0.011772534295345163
0.011772929820872524
0.011772425072326443
0.011773214171402547
0.011772890001622596
0.011775841539657057
0.011772845215078095
0.011771822071634887
0.011772331401868846
0.011771822071634887
0.011772331401868846
0.011771822071634887
0.011772331401868846
0.011771822071634887
0.011772331401868846
0.011771822071634887
0.011772331401868846
0.011771822071634887
0.011772331401868846
0.011771822071634887
0.08698981278621701
0.05551540890533271
0.03532791539111691
0.02399835688339247
0.017998500999873518
0.014911592116103763
0.013350329289185331
0.012564514784428172
0.012166210941427705
0.011970767324061207
0.011875073870280951
0.011822331277414092
0.011796726526733884
0.011783423566609918
0.01177952598701176
0.01177802141226055
0.011776060584165207
0.011773664628634281
0.011773463977358472
0.011775312241805606
0.011772939305180303
0.011774569028113043
0.011773818987525702
0.011771855798602718
0.011777546156257146
0.011771492811930647
0.01177373348947053
0.011772416570744522
0.011772696921422387
0.011776341027765475
0.011774888371030147
0.011773937911743353
0.011774670748388687
0.011773491154834937
0.011773245817495283
0.01177210063730945
0.0117721686488172
0.011774488063377796
0.011777305711942108
0.011773516837626688
0.011774396195430352
0.011773278079461304
0.011771796943083664
0.011771742339365947
0.011772240861020116
0.01177242269764959
0.011767299182828294
0.01177197926068212
0.01177381903409357
0.01177370060412712
0.011777249734518585
0.011767299182828294
0.011777249734518585
0.011767299182828294
0.011777249734518585
0.011767299182828294
0.011777249734518585
0.011767299182828294
0.011777249734518585
0.011767299182828294
0.011777249734518585
0.011767299182828294
0.011777249734518585
0.011767299182828294
-0.06111298145196829
0.08270656533713033
0.08700341906614895
0.08151831645111488
0.05847723772951602
0.03856636212624034
0.026099955256221066
0.01918072296542852
0.015538108308426923
0.01367001886099287
0.012729923098969736
0.012251011640229105
0.012014057863423785
0.011894335182047244
0.011835083061513204
0.011806108046929085
0.01178626448696889
0.011778840859803021
0.011777772695824532
0.011778253560166428
0.011772604526738064
0.01177146064418052
0.01177590974294373
0.01177057277033737
0.011773818137732098
0.011775793562064492
0.01177620344582223
0.011776346307201487
0.0117745805414991
0.011776140883824423
0.011774994262354765
0.011776950715860542
0.01177556112956601
0.01177516945797448
0.011772923274006225
0.011770808508884706
0.01167572422985748
0.011773602812263717
0.01177152060987628
0.011774936083030662
0.011773662283745046
0.011773952626345176
0.01177516842195858
0.011772548963003782
0.011773620541436982
0.011772984765943786
0.011774690075654995
0.011773053840004101
0.011772136973257396
0.011769085683046316
0.011771081619154392
0.011775166993259336
0.011771901076795205
0.011774630882300604
0.01167572422985748
0.011774630882300604
0.01167572422985748
0.011774630882300604
0.01167572422985748
0.011774630882300604
0.01167572422985748
0.011774630882300604
0.01167572422985748
0.011774630882300604
0.01167572422985748
0.011774630882300604
0.01167572422985748
0.011774630882300604
0.01167572422985748
-0.37465664828495826
-0.056629515330455515
0.010670261147265889
-0.02615709311648728
-0.021868000458125043
-0.005609459280620473
-0.003094522297911787
-0.13673022980479077
-0.07175181461009371
-0.03787243891787321
-0.02058399502753772
-0.011870915256629765
-0.007486418269917539
-0.0052839785228269
-0.004184824032061469
-0.0036510794553535684
-0.0033638690626377936
-0.0032293688617563814
-0.003159089220876874
-0.003124108932022992
-0.003117019008427336
-0.0030997699310349918
-0.003088793211912593
-0.0031035967436197974
-0.0030896118353548603
-0.003102950250813375
-0.003103159843426915
-0.0030951849307886536
-0.0031050348961081864
-0.0031073565351171784
-0.003102686535720601
-0.003096553184392396
-0.0030908315699521337
-0.0030947117205599476
-0.0030949740130778052
-0.003103151636829794
-0.0030839523414176936
-0.003099421567931822
-0.0030996502527954797
-0.0031015786240167465
-0.0030964969221273612
-0.0030878013450821693
-0.003107905910446304
-0.0030973651396225517
-0.0030930163880981856
-0.0030924827201393858
-0.003092612285908304
-0.0031025274147375693
-0.003091527081425307
-0.00310170204150779
-0.003086345387575792
-0.0030981769779005485
-0.0031017585004356743
-0.0031016422517548456
-0.0030993989836674524
-0.0030932927392992465
-0.0030932927392992465
-0.0030993989836674524
-0.0030932927392992465
-0.0030993989836674524
-0.0030932927392992465
-0.0030993989836674524
-0.0030932927392992465
-0.0030993989836674524
-0.0030932927392992465
-0.0030993989836674524
-0.0030932927392992465
-0.2928921427901332
-0.25925566385293886
-0.25911905709045885
-0.14817770710939893
-0.07996274620866793
-0.04261912352269809
-0.023121154628297776
-0.013186357312909366
-0.008139483247041791
-0.005634199064178433
-0.004362599725801196
-0.003734100602847557
-0.0034216384655201765
-0.0032554531041648917
-0.0031726177880554204
-0.0031393317929579055
-0.003111943816335446
-0.0031078271878688065
-0.0030943712951523386
-0.0031059241983193856
-0.003106204882260721
-0.003100298046235499
-0.003104518864013766
-0.0030935056682504024
-0.0030955007717357124
-0.003105520225646619
-0.0031007356351777675
-0.003098803957454418
-0.003099825858273911
-0.003104477246377338
-0.003103399879497736
-0.0031109591004697843
-0.0031014101879244813
-0.003102629877615541
-0.0031052210134969553
-0.0031045227618402057
-0.0031066842352101905
-0.0031061334176526382
-0.0031070221645367116
-0.0031063296102982795
-0.003110306254548354
-0.0031028508104393223
-0.0031033022923863647
-0.0031073198744724995
-0.0031053589280768705
-0.003083851566212344
-0.003094155566217456
-0.00310372426089174
-0.0031057751874139406
-0.003097435603451303
-0.0030935035835594417
-0.003096499694715373
-0.0031076587722373684
-0.0030935035835594417
-0.0031076587722373684
-0.0030935035835594417
-0.0031076587722373684
-0.0030935035835594417
-0.0031076587722373684
-0.0030935035835594417
-0.0031076587722373684
-0.0030935035835594417
-0.0031076587722373684
-0.0030935035835594417
-0.274532345937275
-0.17938193107220277
-0.10200589174721446
-0.05530883576958679
-0.029889844495766187
0.4242571843129409
-0.009934995688588195
-0.006530776602496712
-0.004802349763772226
-0.003963910379088554
-0.0035344953782760107
-0.003310936429035798
-0.003204869405208068
-0.0031592831878212773
-0.0031368700425919343
-0.003112353073534426
-0.0030985668078744063
-0.003095136825176574
-0.003111152635216097
-0.003098070620403744
-0.0031015128168348496
-0.0031052842177933778
-0.0031028312019863954
-0.0031036402420182236
-0.8499822030390453
-0.003100114333307047
-0.0031129852310684725
-0.0030945408775168107
-0.0031030355179953078
-0.003106900357598915
-0.00310308757342615
-0.003105903118782
-0.0030996820542229853
-0.0030996536636995952
-0.0031016022190512166
-0.003100046067411197
-0.0031093403355477657
-0.003098904260744467
-0.0030997888222517
-0.0031062896467792234
-0.003099814596290089
-0.0031005897132964583
-0.00310378262552058
-0.003107786998620571
-0.0031074060119281456
-0.0030951818018783344
-0.0031072802363653887
-0.003087290020861102
-0.0030905875353584122
-0.003102471395989673
-0.0030996312074154154
-0.0030905875353584122
-0.0030996312074154154
-0.0030905875353584122
-0.0030996312074154154
-0.0030905875353584122
-0.0030996312074154154
-0.0030905875353584122
-0.0030996312074154154
-0.0030905875353584122
-0.0030996312074154154
-0.0030905875353584122
-0.0030996312074154154
-0.0030905875353584122
-0.0030996312074154154
-0.0030905875353584122
-0.0030996312074154154
-0.0030905875353584122
-0.0030996312074154154
-0.0030905875353584122
-0.0030996312074154154
-0.0030905875353584122
-0.0030996312074154154
-0.0030905875353584122
-0.0030996312074154154
-0.0030905875353584122
-0.0030996312074154154
-0.0030905875353584122
-0.0030996312074154154
-0.0030905875353584122
-0.2745414916103271
-0.17938008408343464
-0.1020077137627141
-0.05530338815580286
-0.029888930291688803
-0.016672898910229123
-0.009927485667031064
-0.006528585079062412
-0.004825094551574069
-0.003963128386806036
-0.0035256562812966746
-0.003315622425938208
-0.003204042784440077
-0.0031475091650599914
-0.0031172529274989297
-0.00312408467481099
-0.003115613964953634
-0.003106869426955469
-0.00311160598534611
-0.003106830585811663
-0.0031057992052427666
-0.003107223825882749
-0.0031060524808873254
-0.0031089656651844305
-0.003094227368204394
-0.003106141054976168
-0.0031028987224305344
-0.0030998135960617975
-0.0030988085742365925
-0.0031038268166555727
-0.003087056834484059
-0.0030901613315308476
-0.0030984416907834803
-0.0031056171886252454
-0.003110845873715464
-0.0031032524806088937
-0.003106306859092998
-0.003105713193341636
-0.0031055926301690076
-0.003110564483583164
-0.0030981110977777115
-0.0031079203927315857
-0.0031018947715335684
-0.00309795027499084
-0.003101955404827232
-0.0030864312007079825
-0.003102720569088898
-0.0030977586328400698
-0.0031100143864405483
-0.0031076975359753583
-0.003092544821651525
-0.0030864312007079825
-0.003092544821651525
-0.0030864312007079825
-0.003092544821651525
-0.0030864312007079825
-0.003092544821651525
-0.0030864312007079825
-0.003092544821651525
-0.0030864312007079825
-0.003092544821651525
-0.0030864312007079825
-0.003092544821651525
-0.0030864312007079825
-0.003092544821651525
-0.0030864312007079825
-0.003092544821651525
-0.0030864312007079825
-0.2745345469982405
-0.17938198267380978
-0.10200705049661977
-0.0553074280937718
-0.02989995994812968
-0.016672421569806254
-0.009932601311638823
-0.006528938415055653
-0.004821491091125027
-0.003965883356689231
-0.0035282130456586605
-0.003318294893787946
-0.003213405404934301
-0.003155593498653382
-0.0031346754579860093
-0.003111102686700137
-0.0031094758911737446
-0.003110230721952542
-0.00310114710671023
-0.0031006677731989117
-0.0031006152534927217
-0.0030998184239569787
-0.0031104947243020637
-0.0031092665852675387
-0.0031016094897883214
-0.0030965815610316887
-0.003109418163395839
-0.003094469491116712
-0.0031087824353515665
-0.003103800476717183
-0.003113479928185135
-0.0031121764690982216
-0.0031090213034822463
-0.0031035173765554024
-0.00309480888381994
-0.0031002613062234446
-0.0031084933377492643
-0.0031099293487553987
-0.0031008840832273707
-0.0031033434583794812
-0.003107846779648312
-0.003093996685912146
-0.0031052117343814767
-0.003092183690496212
-0.0031022176710397632
-0.003105643979214434
-0.0031022647632293174
-0.0031022249620863067
-0.0030973885705884423
-0.0031105682199991658
-0.003092544821651525
-0.0030864312007079825
-0.003092544821651525
-0.0030864312007079825
-0.003092544821651525
-0.0030864312007079825
-0.003092544821651525
-0.0030864312007079825
-0.003092544821651525
-0.0030864312007079825
-0.003092544821651525
-0.0030864312007079825
-0.003092544821651525
-0.0030864312007079825
-0.003092544821651525
-0.0030864312007079825
-0.003092544821651525
-0.0030864312007079825
-0.003092544821651525
-0.0030864312007079825
-0.003092544821651525
-0.0030864312007079825
-0.003092544821651525
-0.0030864312007079825
-0.003092544821651525
-0.0030864312007079825
-0.003092544821651525
-0.0030864312007079825
-0.003092544821651525
-0.0030864312007079825
