2.9067429276774526e-5
0.8139205571411496
0.8083318699553081
0.7926439424352514
0.8737042787704068
0.9985924562392045
0.9996394948069259
0.9966608560943285
0.9928188585443716
0.9951741540476188
0.9974036136077677
0.9987737052555222
0.9996523300382332
0.9905434970552454
0.9927324099196665
0.9202689591440487
0.35505967565388286
0.2429914906203841
0.06287911366223864
0.017678105902822983
0.004513243448684534
0.0011450888877110321
0.00030631293497274115
9.796092534286593e-5
4.6162158090168326e-5
3.328797763224589e-5
3.0097596846134778e-5
2.931261133809482e-5
2.9122548876214793e-5
2.9078114233860308e-5
2.9068549790456366e-5
2.9067428654827587e-5
2.9066928524335012e-5
2.9067475940669496e-5
2.9067947157845886e-5
2.9068549725175252e-5
2.9068231981344006e-5
2.9068085441563696e-5
2.9068015278133075e-5
2.9067947159178154e-5
2.9067980874319943e-5
2.9067998026044428e-5
2.9068015193423058e-5
2.9068006553889525e-5
2.9068002269594384e-5
2.9068004489596344e-5
2.9067998057796807e-5
2.9068001234922036e-5
2.906800449276048e-5
2.9068002881105226e-5
2.9068001270948773e-5
2.9068001979881686e-5
2.906800248259067e-5
2.9068002690646466e-5
2.9068002571630558e-5
2.9068002873278154e-5
2.9068002691090555e-5
2.906800263580145e-5
2.906800263446918e-5
2.906800257218567e-5
2.906800257751474e-5
2.9068002653565017e-5
2.9068002653787062e-5
2.9068002615040278e-5
2.906800254515174e-5
2.906800256019526e-5
2.9068002658338976e-5
2.906800275392918e-5
2.9068002641352564e-5
2.906800272794996e-5
2.906800265750631e-5
2.9068002570076246e-5
2.9068002667997916e-5
2.906800264168563e-5
2.906800272128862e-5
2.9068002676213567e-5
2.906800256696762e-5
2.9068002613930055e-5
2.9068002698251494e-5
2.906800269220078e-5
2.9068002658894088e-5
2.9068002613485966e-5
2.9068002612042676e-5
2.9068002621979172e-5
2.906800260693565e-5
2.906800275731536e-5
2.9068002567245177e-5
2.906800268742682e-5
2.9068002612320232e-5
2.906800262525433e-5
2.9068002612042676e-5
2.9068002584120567e-5
2.9068002624921263e-5
2.906800269375509e-5
2.9068002734500276e-5
2.9068002591225994e-5
2.9068002697751893e-5
2.906800263824394e-5
2.9068002672216764e-5
2.9068002636689627e-5
2.9068002650123326e-5
2.9068002669330184e-5
2.9068002664611736e-5
2.9068002650123326e-5
2.9068002664611736e-5
2.9068002650123326e-5
2.9068002664611736e-5
2.9068002650123326e-5
2.9068002664611736e-5
2.9068002650123326e-5
2.9068002664611736e-5
2.9068002650123326e-5
2.9068002664611736e-5
2.9068002650123326e-5
2.9068002664611736e-5
2.9068002650123326e-5
2.9068002664611736e-5
2.9068002650123326e-5
2.9068002664611736e-5
2.9068002650123326e-5
2.9068002664611736e-5
2.9068002650123326e-5
