-1.2523169204205318
-1.4505490043261915
-4.506595146937338
1.8936105766177227
-1.8404153670000172
-1.3475252103850983
0.1669497619356419
-0.08175768621137444
0.26850905665529684
-0.0819905889077863
0.7241526162002067
0.4030369194434649
1.125264235659024
-0.1655564226771314
-1.0240295551690382
-1.2813913106015078
-1.3348786671959312
-1.34513769379703
-1.3470271826421736
-1.347411313455399
-1.3474921894599732
-1.3475497780862649
-1.347561219137583
-1.3475331001365352
-1.3475349042334839
-1.3475085414526569
-1.3475261239834222
-1.3475085414526569
-1.3475079411613597
-1.3475058229919576
-1.3475233885835205
-1.3475058229919576
-1.347529546355426
-1.3475058229919576
-1.3475181789276207
-1.3475058229919576
-1.3475243231558254
-1.3475058229919576
-1.3475047729935314
-1.347507205760875
-1.3475047729935314
-1.3475069553371912
-1.3475047729935314
-1.3475068853562806
-1.3475047729935314
-1.3475065609905688
-1.3475047729935314
-1.3475065609905688
-1.3475047729935314
-1.3475065609905688
-1.3475047729935314
-1.3475065609905688
-1.3475047729935314
-1.3475065609905688
-1.3475047729935314
-1.3475065609905688
-1.3475047729935314
-1.3475065609905688
-1.3475047729935314
-1.3475065609905688
-1.3475047729935314
-0.07632029226964082
-2.6874843714228125
0.1677368710136658
-1.9401386935814329
-1.6277726640327317
4.659859654165253
0.7494541269297949
-0.24390247143104896
1.0457349026942118
0.47686678459355214
0.6336035178739666
0.7957747264845829
0.6491571976538367
0.6353517509008935
0.6337989820508731
0.6336223279605618
0.6335856916315603
0.6336054306565319
0.6336199055404693
0.6336215240253675
0.6336215925270552
0.6336211153821905
0.6336215240253675
0.6336208291633244
0.6336215240253675
0.6336206933322533
0.6336214827589504
0.6336206933322533
0.6336203766218212
0.6336206933322533
0.633621354064266
0.6336206933322533
0.6336213548474431
0.6336206933322533
1.4649037972150767
0.7224602776347072
0.6470060404971879
0.6357512742371222
0.6339424694102792
0.6336812907631907
0.6336172219537864
0.633624971092079
0.6336149998902155
0.6335902743411325
0.6335874845386796
0.6335933665735687
0.633624971092079
0.6335884806156439
0.633624971092079
0.6336199270538054
0.633624971092079
0.6336240664268895
0.6336208342994997
0.6336240664268895
