0.992054379299719
0.9810796974896567
0.9693544743630728
0.8140794392004321
0.7118052601170631
0.3593865593683613
0.8400481698204808
0.5200121545865017
0.9147956882021769
0.8250069648502635
0.9672020835995886
0.9297706697804667
0.5319924881645792
0.30461031654759896
0.28012188317196074
0.5265246810543596
0.27617627114880006
0.2960498957452916
0.27835837741522884
0.2765476959674269
0.2762477937411082
0.27619041211254647
0.276179093238472
0.27617684638622186
0.2761763766483589
0.2761762912145569
0.27617627499660635
0.2761762712497293
0.27617627073108525
0.2761762714611201
0.27617627121544236
0.27617627073108525
0.2784830136054576
0.27297571416148597
0.2745436274707913
0.27104717928264227
0.5393850919063948
0.29776865602662994
0.2736211882696437
0.2714670813840448
0.2711295798607753
0.27106404539933227
0.27105065699241293
0.27104788321307327
0.27104733478341125
0.27104722157854866
0.27104716238646953
0.271047186984843
0.2710471754334741
0.27104717541996726
0.2710471872506406
0.27104717260088806
0.27104716238646953
0.2702608669039436
0.26679226031250003
0.5547630840327613
0.2968522023806965
0.2697261961646946
0.2672740276764211
0.266886697635613
0.2668115537408505
0.2667962385732898
0.2667930737227129
0.2667924299498208
0.26679229518163894
0.26679226750570006
0.2667922618136429
0.26679226063454126
0.2667922603921319
0.26679226031250003
0.26621523140716674
0.2624265467523377
0.5845252243159246
0.29805714852529996
0.26584524232616646
0.26298294050831084
0.2625350511507188
0.26244861667164615
0.2624311051650887
0.26242749463584536
0.26242676173945556
0.26242661510004683
0.26242655078376165
0.26242656982305
0.26242656902704425
0.2624265222542888
0.26242654998638787
0.2624265222542888
0.26202500178554844
0.2579495015915302
0.6069043883589883
0.2977464051582589
0.2617093701455388
0.2585571290436021
0.2580674383049702
0.2579733430294771
0.2579543764901687
0.25795046919821263
0.25794971494870295
0.2579495838555417
0.2579495147489529
0.2579495036213117
0.2579495015638963
0.257949503139972
0.25794950128939703
0.25794950161883473
0.2579495015262576
0.25794950128939703
0.2576780672814066
0.25336863316588476
0.6232287106437286
0.29596821124206857
0.25734071190851526
0.25400743253348995
0.253492199158929
0.2533935622609839
0.25337371628197725
0.2533696662324408
0.25336884549126193
0.253368675479577
0.2533686551714131
0.2533686451310127
0.2533686435710364
0.2533686320428324
0.25336863314391694
0.2533686320428324
0.2531945382461071
0.24868796368887425
0.6358819156001589
0.2931698914685789
0.25278555418297954
0.24934467067644384
0.2488146319027732
0.24871345600982642
0.2486931522597935
0.24868903756137073
0.24868821450387602
0.2486880051541714
0.2486879730825256
0.2486879655745472
0.24868796276545774
0.248687965094275
0.24868796343498162
0.2486879633457874
0.24868796276545774
0.24858836775914955
0.24390230199789303
0.6466095856035667
0.28954652194360614
0.24805993104683283
0.24456706128856315
0.24403015042013837
0.24392794549364416
0.24390749102785125
0.24390334916036005
0.24390251089929627
0.24390234634711228
0.24390232568570097
0.2439022991061981
0.2439023291049059
0.24390231863369055
0.24390228775751194
0.24390231806215895
0.24390228775751194
0.24386059227461498
0.2389968481922894
0.656459617055938
0.2853133788810828
0.24316934010238284
0.23966276635235184
0.23912456413419708
0.23902239502227024
0.2390019896024274
0.23899783735605562
0.23899705428915247
0.23899685643548074
0.23899682745658674
0.2389968421724321
0.23899677918991336
0.23899680320108385
0.23899682718967358
0.23899677918991336
0.2389983929663841
0.23394840222389246
0.6658941802336685
0.2804990959442282
0.2380958397762743
0.23460947735987425
0.23407481379497685
0.23397356246083123
0.23395343626388437
0.23394942213612346
0.2339485733540897
0.23394844583049762
0.2339484104625475
0.23394840376225012
0.2339484132347312
0.23394840323920763
0.23394840222389246
0.23397738066997398
0.22872862993971088
0.6750636447863717
0.2750672187821975
0.23281226245055986
0.22937896741817976
0.2288526191659912
0.228753243375314
0.22873355157443087
0.22872957701715546
0.22872880996930578
0.22872867080600567
0.2287286379733212
0.22872863286729733
0.22872863066570043
0.22872864314493357
0.22872862993971088
0.2287678445015704
0.2233022529648449
0.6839967425065839
0.26894442503038335
0.22728191476100013
0.223935688423628
0.2234225885469986
0.22332601932772878
0.223306972437118
0.22330319023556622
0.22330245120847836
0.22330225639280066
0.2233022734594346
0.22330225603855464
0.22330225741361143
0.22330224101992885
0.22330224909539875
0.22330224101992885
0.22333025224688785
0.21762929330413916
0.6926082634098887
0.26204094285089796
0.22146335493267721
0.21823948202023596
0.21774483310081272
0.2176519914357979
0.21763380909412766
0.21763022775851498
0.2176294894752912
0.21762932577119398
0.2176293004579649
0.21762929407384402
0.2176292928011596
0.21762929457322377
0.21762929379542456
0.2176292928011596
0.21762239256209887
0.21166447739089234
0.700963928622436
0.25427696554815393
0.2153111926179897
0.21224483090975055
0.2117738035190495
0.21168583052339263
0.211668665789085
0.21166529926311933
0.21166460222561934
0.21166451407402592
0.211664484096722
0.21166447918730497
0.2116644770324746
0.21166447798129873
0.21166447788642123
0.2116644770324746
0.21159729431490687
0.20536108473845238
0.7094025147713701
0.2455058955508716
0.20877567816648296
0.20590452977910695
0.2054628416018386
0.2053808024488879
0.20536491871376505
0.20536182822620824
0.20536122526543393
0.2053611127844145
0.20536109024441312
0.20536108535463893
0.2053610849899738
0.2053610842436272
0.2052128319545014
0.1986734330807159
0.7189067301741736
0.23585429668565427
0.20182320095043338
0.19917414597415617
0.19876637456191365
0.19869122724851673
0.1986768295806544
0.1986741025108159
0.1986735648594674
0.19867341608858702
0.19867347520705492
0.19867345820156473
0.19867345890519594
0.19867345574590772
0.19867341608858702
0.1984353550110341
0.19156852717112294
0.731441040308543
0.2251385937378656
0.19441143765332736
0.19201859328770043
0.19165078525248758
0.19158401194176944
0.1915714582062148
0.19156906937447804
0.19156863999318513
0.19156855286892166
0.19156853320067674
0.1915685392163553
0.1915685120834414
0.1915685449092963
0.1915685120834414
0.19126434796856545
0.1840438418450711
0.7508048583021821
0.21297412805163907
0.1865053380140333
0.1844283792452862
0.1841121103319705
0.18405623183703212
0.18404607634277548
0.18404427662077527
0.1840438848974632
0.18404382518135665
0.18404387662183525
0.18404385116803568
0.1840438196736638
0.1840438204275393
0.18404383726026308
0.1840438196736638
0.1837633511040525
0.17616289039710387
0.7833030505936602
0.19797848142553032
0.17803761280801406
0.1764427904502328
0.17620911390160954
0.17617064658633202
0.17616417507454585
0.1761631018887223
0.17616292197164107
0.17616290074391738
0.17616289708480065
0.17616289049692346
0.17616289039710387
0.17613018907694217
0.168117940110453
0.8379236441606411
0.17654683041224606
0.16878362714875095
0.16819202615461992
0.16812652125763267
0.1681189637944775
0.16811806972872445
0.16811798422079727
0.1681179241318176
0.16811796710815996
0.16811796256906986
0.1681179241318176
0.16881770437576005
0.16323956796973804
0.15644316052658835
0.1535913522145712
0.15390575765770498
0.15231690517168495
0.15158844862844312
0.15149294371917277
0.15138250304268575
0.1512802409875179
0.1512416118681178
0.15123981920068097
0.15123907763344407
0.1512409708949377
0.15124147165431445
0.15124158258006692
0.1512415959369685
0.15124158148573863
0.15124159079534727
0.15124160089224792
0.15124160678469178
0.15124160700480305
0.15124157545867478
0.15124157368199898
0.15124161122085833
0.15124157579423814
0.15124157368199898
0.14824241682129302
0.14438658677215777
0.5921128517541178
0.1579469496730178
0.14573109682641394
0.1446007548672723
0.14442376473438817
0.1443931542404161
0.14438772336410222
0.14438680128845682
0.1443866327056521
0.1443865901990764
0.1443865845183343
0.1443865966029329
0.144386599788199
0.14438658150580796
0.14438659842600488
0.14438658150580796
0.14949008882144693
0.13639332822661032
0.13394536308372246
0.12523371008534306
0.10848053167651306
0.2196461320264712
0.11250732113410222
0.1084055535013067
0.10865296884871078
0.1084340477852056
0.1084105422060958
0.10840654909435793
0.10840575086063786
0.10840558300320313
0.10840555352718934
0.10840554869621305
0.10840554799464674
0.10840554441507505
0.1084055420964114
0.10840555537610191
0.10840555041763372
0.10840553566682848
0.10840554874915048
0.10840554209101827
0.10840553566682848
0.9988545130833479
0.737630463646487
0.09264939438424147
0.08032498729223647
0.0814002956049531
0.07904511944207249
0.08109573444987678
0.07813508395584878
0.07771273937688378
0.07811542499005159
0.07760285268360095
0.07757060476271677
0.07769670312743093
0.0775721239670108
0.07757013141907321
0.07757047810187506
0.07757057757804897
0.0775705991415076
0.07757060362040269
0.07757060453625725
0.07757060468919963
0.07757060475442706
0.07757060476035316
0.07757060475914318
0.0775706047573857
0.07757060475914318
0.07489968800276486
0.07141327650631779
0.12584996293695627
0.07154149213766975
0.07139676078049645
0.07140831724273283
0.0714049730680244
0.07140267820528817
0.07140446632298098
0.0714048684933799
0.07140495530520663
0.07140497174425392
0.07140497679565772
0.07140497291295683
0.07140497280374053
0.07140497357665421
0.07140497358110887
0.07140497293531772
0.07140497348962771
0.07140497280374053
0.06896539847330752
0.0657262742587737
0.06354516835243018
0.06147271272071553
0.059954659987493275
0.05809714728902643
0.05724097509730114
0.05629615521436482
0.05418909292228441
0.07543229740483515
0.05412302208392894
0.05414102463078502
0.054114565919365976
0.054101384319851786
0.05409611223735117
0.05409989706295676
0.05410105369634838
0.05410131400172419
0.0541013761573752
0.054101382582953494
0.05410138740418702
0.05410138561458183
0.054101383689596605
0.054101387357385844
0.054101390482388656
0.05410139139336123
0.054101383689596605
0.059467943516087196
0.052403555688214254
0.05050972579001167
0.05069181765790115
0.04999675514500518
0.04784461102790061
0.04971230397000259
0.047166121466418076
0.0467408501007362
0.04698715871138287
0.04660684698836387
0.0465522040082455
0.04662966579875283
0.04654541357426678
0.04654989087048367
0.04655167286935896
0.04655209136817734
0.04655217988242738
0.04655219785122405
0.0465521942974822
0.04655219710801667
0.046552197770378057
0.04655219760334739
0.04655219765901275
0.046552197571351484
0.04655219777869307
0.046552197816952634
0.046552197571351484
0.1090216971738755
0.05695696063993888
0.044919804788361994
0.0429895721245625
0.042754110542103374
0.04215350142770319
0.04047421856684186
0.045865736100694776
0.04010877330315349
0.03997537339039903
0.04138283964976064
0.03999565969249963
0.03997364704775053
0.03997477727526144
0.03997523699903255
0.0399753460570208
0.03997536696024456
0.039975371527845915
0.03997537322233413
0.039975373276903314
0.03997537330410633
0.03997537336790424
0.03997537345562635
0.03997537335449436
0.039975373276903314
0.07234961663604661
0.04431449524301856
0.0384543906695205
0.037251334475594144
0.03740605830950655
0.037016117349463695
0.035581441552111126
0.031770100530348955
0.041082056982449044
0.03096283741050182
0.030781010843443646
0.03371923253820097
0.030917342004175064
0.03079549715614399
0.030783469171140054
0.03078149628202087
0.030781104946617843
0.030781030003825705
0.030781014148914265
0.030781009934186088
0.0307810120086921
0.030781011220956445
0.03078101021490187
0.030781010999824
0.03078101107661818
0.030781009934186088
0.987688164999467
0.06512820708511408
0.032281740951352056
0.026846770893633853
0.02658903978276317
0.02643507385390742
0.02584431450337943
0.023874112797631297
0.021763609801685235
0.11309627409245893
0.023093067623054964
0.021923937197187826
0.021792901346788796
0.021769472507120968
0.021764804170833596
0.021763854808209526
0.02176366149316883
0.02176362296174006
0.021763610571839176
0.021763610287129587
0.021763609801535078
0.021763609761036695
0.021763609824926422
0.02176360980769132
0.021763609761036695
0.9385426947273222
0.058942417091362276
0.029267254096614126
0.022614366462604063
0.021466779232271305
0.021374224689494903
0.02116577107313633
0.022807276201118776
0.021172132219004047
0.021156789016983313
0.021153435924893493
0.02115319247086911
0.021153205421791887
0.021153381729529186
0.02115342521268615
0.02115343254067048
0.021153435036971757
0.02115343492277577
0.021153434869177867
0.02115343525841551
0.021153434907073332
0.021153435346312977
0.021153435251176522
0.02115343491588173
0.021153434907073332
0.021132030175832817
0.023396634607001365
0.020963966858251304
0.020866885574855
0.021418902959649377
0.02085243087980343
0.020860981990453276
0.020857318863469976
0.02086013108139273
0.02086080364555154
0.02086094592249521
0.02086097458844427
0.020860982406043505
0.020860981975960924
0.020860977379204226
0.020860982097683833
0.020860981704071913
0.020860983924232357
0.020860977379204226
0.020822285487076653
0.02083921074685413
0.023107768695456332
0.020659471896725345
0.020558199029894975
0.021110374943388854
0.020544503289809557
0.020552366726597104
0.020548795121690777
0.02055154286227079
0.020552193390871443
0.02055232956840186
0.020552358726221354
0.020552365235584458
0.020552366393935984
0.020552366661724886
0.02055236668146715
0.020552366611847894
0.020552366645406828
0.02055236667554372
0.02055236666810978
0.020552366669862765
0.020552366611847894
0.02050851880018867
0.020484502177395614
0.02258826314002843
0.0203074063986306
0.020203532917994926
0.020696995159927623
0.020185508639648908
0.020196989093970164
0.02019278604577568
0.020190105142377013
0.020192167573678033
0.02019265068589149
0.0201927585102174
0.020192781102735424
0.02019278493736243
0.02019278578625605
0.02019278598489871
0.020192785950126524
0.020192785996584917
0.020192785976921923
0.02019278598177693
0.020192786003367047
0.020192786010387764
0.020192785976921923
0.02013368746553945
0.02005176551825749
0.01972505119848389
0.01855512114825303
0.030645036614506516
0.0189171773993565
0.018328480519903934
0.018435956156875433
0.01826903425562265
0.018307240474122577
0.01825478006471548
0.018270486335764446
0.018251994556615525
0.018259130722119765
0.018251823029759362
0.018255287140882537
0.018252091184791208
0.01825383610064557
0.018252326380110095
0.0182521382040029
0.018252101632409756
0.018252093366103117
0.018252091655422076
0.01825209128694466
0.01825209145801343
0.01825209139688655
0.01825209121979099
0.01825209063346711
0.018252091292460193
0.018252091172300422
0.01825209063346711
0.9499918897505427
0.01964372409074311
0.017356289419976245
0.01721154547006043
0.016896513622314036
0.020617480575158942
0.016925349340915552
0.016888412436480982
0.0168866908982806
0.016887700569897413
0.01688826123609588
0.016888384359103448
0.016888414762885162
0.016888427108597892
0.016888422219827393
0.016888419632714813
0.016888412932119345
0.01688842078133107
0.01688842637112653
0.016888412436480982
0.02330436007953207
0.017514012291725056
0.016598078245918857
0.016482428969668783
0.016075183071074473
0.015652398329333794
0.036258078735712795
0.0221871067242434
0.016881765111606162
0.015812030739700778
0.015679991724249775
0.01565788116781447
0.01565352725291036
0.015652633445177422
0.01565244784955816
0.015652408366079784
0.015652400382638265
0.0156523987303831
0.015652398456794225
0.015652398414315427
0.015652398381888533
0.015652398329333794
0.7523672477775207
0.0378898827723283
0.015620787187930418
0.01576286143704758
0.014181413838639134
0.014093463237950632
0.014011206159769585
0.013691205900069281
0.012561255697635665
0.011501487815251177
0.06384973428549734
0.0318146761741106
0.02118183756761388
0.015147843491757351
0.012415251710925945
0.9733290344341975
0.03746180590981785
0.010307744277113617
0.009927324123833736
0.01026173546921344
0.008447073933438798
0.008317750341283459
0.008225772094389683
0.00815576228546755
0.008099972101950292
0.008053479810661679
0.008013115047690478
0.007978882497788387
0.007858481407483242
0.007761696478456814
0.008542683389833938
0.0077561378058668695
0.007763017789186477
0.007756541109355253
0.007756185572972307
0.00775614494897503
0.007756136612119602
0.007756137877889757
0.0077561378629396605
0.007756137818182407
0.007756137807448049
0.007756137803990815
0.007756137803637209
0.0077561378052569685
0.007756137806517072
0.0077561378044578855
0.007756137805841556
0.0077561378044578855
0.010514061280155529
0.007678845207333085
0.007622075039556642
0.007583840699962874
0.007546383064477413
0.00762700792385812
0.007534802838992494
0.00753200804870352
0.0075561182227313894
0.007532776483906878
0.007532053243462455
0.007532012830051227
0.007532008433332349
0.007532008269994728
0.007532008160135384
0.007532008135762713
0.007532008132795476
0.007532008136768409
0.007532007781836048
0.007532008132544621
0.0075320081325400134
0.007532007781836048
0.007606424545747281
0.007487269092335325
0.007463981876275505
0.007391565138677447
0.007424456202559382
0.007364030532924393
0.0073491890057535425
0.007354697699229862
0.007345232955996039
0.007343706838839281
0.007344785475755844
0.00734448364082646
0.007344264621057195
0.007344434339222716
0.007344394626880024
0.007344370657830612
0.007344386148873783
0.0073443869636787285
0.007344385041478496
0.007344384995886799
0.007344385010427723
0.0073443849724174615
0.0073443857458814765
0.007344384727708875
0.007344386281164239
0.007344385362990036
0.007344384727708875
0.0207295705201741
0.007366736487056824
0.007380693766918578
0.007215054453404424
0.007199125314911292
0.007177848115973884
0.0077473503284615775
0.007192669492283976
0.007179347342335829
0.007178100504694751
0.007177896116231985
0.007177857216304262
0.007177849650077617
0.0071778484193756875
0.007177847490394573
0.007177847185723618
0.00717784814017236
0.00717784825640172
0.007177848207131299
0.007177848170320911
0.007177847185723618
0.007420681281313124
0.0071383890771780645
0.007118149113578109
0.007115787877527702
0.007108296752878662
0.007103385014847474
0.007101537898814181
0.007101484055376306
0.007101419240514051
0.007101504873334885
0.007101528308388783
0.007101533849391939
0.007101532046258852
0.007101534222249295
0.007101534451038449
0.00710153314848766
0.0071015344960163596
0.007101533155101758
0.007101534472204574
0.007101534394221676
0.00710153314848766
0.007170060356457841
0.00707579045245621
0.007063288576148019
0.007015007843635235
0.006849433896731039
0.0065838684906159295
0.008264452923243126
0.007100122057327352
0.006631304960857953
0.006586111816765328
0.006583991479717888
0.006583878488544137
0.006583872884175279
0.006583868761278033
0.006583868815772997
0.006583866312574127
0.006583867609540994
0.0065838686175284655
0.006583867838961255
0.006583868691584005
0.006583868506721491
0.006583866312574127
0.795615440496193
0.006462646146970841
0.006459320614731756
0.006459911208753111
0.006457662334324266
0.006456975351308403
0.006457469711346475
0.006457620183043966
0.006457654223804898
0.00645766041062068
0.006457661891061395
0.0064576614572498525
0.006457661225042988
0.006457661739838527
0.006457661510840096
0.006457661359711819
0.006457661423373506
0.006457661666005254
0.006457661520948732
0.00645766157414801
0.006457661359711819
0.0064567786963039
0.0064940836964192394
0.006459582370695605
0.006470241361486773
0.006453038976739989
0.006450635259018012
0.006450682016609199
0.006450497912380393
0.006450602255698157
0.00645062835982968
0.0064506337849010165
0.006450634263179877
0.006450634936193467
0.0064506352943144996
0.006450635321314457
0.006450635405059135
0.0064506357102163125
0.006450636343193428
0.006450634263179877
0.006449632682110795
0.0064566193995896914
0.006691825841095511
0.006441441868263009
0.006443789824964741
0.006440737878314562
0.0064412456734259105
0.0064413980771864665
0.0064414312633131465
0.0064414250877990464
0.006441430892878741
0.006441432009835768
0.006441432743416353
0.006441431587277169
0.006441432780222911
0.006441432388712698
0.0064414312633131465
0.0064401742643992455
0.006435196539551158
0.006416205210279635
0.006353297734762675
0.006214399346111343
0.008602011236913842
0.006078077437685403
0.9964668087936209
0.8596839732351766
0.020056995747902817
0.005764964588619859
0.005671435237384115
0.005622467001982878
0.0055821609695377306
0.008523724415296696
0.0054631798783371655
0.005447436990307697
0.005398679753109592
0.005439579799933536
0.08910068355876993
0.005525486333152196
0.005189103984269694
0.005177438950375701
0.005140080006838632
0.005139449221236381
0.005120639611652433
0.005112302588868078
0.005110023247822892
0.005110927061555248
0.005110012789844132
0.005110011634242795
0.005110020143398952
0.005110022378365331
0.005110021168699186
0.00511002058078458
0.005110021072424031
0.005110020709178209
0.00511002085563006
0.005110020707982388
0.00511002094391233
0.00511002058078458
0.011093117305247757
0.005053388434866357
0.005041997349452987
0.005032325674987237
0.005011288987273654
0.005385735393928948
0.0050010330546661486
0.004984003731605902
0.004974610549357217
0.0049590007219575405
0.004950301114079125
0.004935851112226497
0.004927761945811238
0.004914291844489105
0.0049067677706880475
0.004894145831321084
0.004887159312848277
0.004875282345233933
0.004868816528235009
0.004857601595642469
0.004851647850701912
0.004841025404780708
0.004835580626462166
0.004825492250339791
0.004820554375183084
0.004810950163885441
0.004806528510599595
0.004797364706240648
0.004793470460622451
0.00478471093886268
0.004781363026905905
0.004772974131351693
0.004770201828656395
0.00476215737535185
0.004759999186755737
0.004752283058220896
0.0047507891821532144
0.004744728778806051
0.004731102141405152
0.004729269117343338
0.004722357110884423
0.004712699219171168
0.004703009673683867
0.004699088107670002
0.004762940763187284
0.0046874038018613895
0.0046849920637340725
0.0046828618265813415
0.004681059974134649
0.00467912517554625
0.004677163753723179
0.004671171903205984
0.004669755646602658
0.0046681686183629445
0.0046666742304615205
0.004665073598628444
0.004663419552448311
0.004657800166524229
0.004656614869631426
0.004655262973887131
0.004654002408479352
0.0046526316239456356
0.0046475069970171035
0.004646486675135342
0.0046453208742099905
0.004644253262726716
0.00463973941704382
0.004642317397643314
0.004641951370688235
0.004641581563997688
0.004640306611834455
0.004633924369416453
0.004636305863050194
0.004635625788162234
0.004634935684223018
0.004634216782181122
0.004630714361302024
0.004630095649467869
0.004629486249085157
0.004628857871443681
0.0046255761144168295
0.004625012327010791
0.0046244663193366065
0.004623909392499015
0.004620750733475898
0.004620237708953756
0.004619749860206079
0.004619253141951385
0.0046161727421552
0.004615711044495707
0.004615276506781507
0.004614833435423127
0.004615127107706396
0.004614092750260701
0.004613959000846046
0.004613566662541424
0.004609494605691211
0.004608956924009755
0.004608047918465974
0.004604393942636897
0.004606535107225529
0.0046063261078942985
0.004606157960961976
0.004605982920768137
0.004606110297946664
0.0046057104901384704
0.004605665304888706
0.004605508360859767
0.00460365709837951
0.004603439847713164
0.0046032517432250675
0.004603051975059613
0.004603207639637397
0.0046032408371654565
0.004603247684490164
0.0046032062627788806
0.0046032014817997124
0.004603182750151147
0.004602981997933353
0.004602959152294583
0.004602876982694959
0.004601914247193861
0.0046018134065425875
0.004601633810117078
0.004601712502094957
0.0045997370772062895
0.004600990312193742
0.004600915410299389
0.0046007285749979365
0.004597653955216829
0.004597272059867374
0.0045968865874088105
0.004594102613309836
0.004595627679233716
0.004595514342443985
0.004595413588073749
0.004594231349313915
0.004594118178217865
0.004594019820349071
0.004593926959368333
0.004593999100590218
0.0045940163152131674
0.004593948529584502
0.004593944607662492
0.00459392120261376
0.0045935975815104
0.0045935696631056455
0.004593483920788233
0.004593538188914947
0.004592843185878326
0.004593312638740965
0.004593455604609886
0.004593451413578031
0.0045934231118770485
0.004593441709585977
0.004593262094974793
0.00459338241986007
0.004593379154686439
0.004593360152720161
0.004593069646972869
0.004593045053409295
0.0045929696360464956
0.004593018878313093
0.004592404657772664
0.004592820269350817
0.004592948328527191
0.004592941158761188
0.004592920265815925
0.004592935141847276
0.00459278208339059
0.004592884822637977
0.004592881127789605
0.004592864593263801
0.004592621350169024
0.004592602042771343
0.004592535754096128
0.004592580050168604
0.00459205937957563
0.004592409307040579
0.0045925175999212975
0.004592512006256877
0.004592492699318829
0.004592506429212606
0.004592373308068054
0.004592464671547947
0.0045924603767327765
0.004592445562194514
0.0045922350206782925
0.004592216273644034
0.004592158450885342
0.0045921974061694515
0.00459174650742622
0.004592053236470439
0.004592145188283769
0.00459213973772904
0.004592125201482999
0.004592135367736672
0.00459202682438975
0.004592101333625476
0.004592124482447557
0.004592123712004015
0.004592119082391655
0.004592121532848548
0.00459209753577805
0.0045921156380331896
0.0045921183483453865
0.004592118228144815
0.0045921187773722005
0.004592118061539252
