0.45378912589817355
0.5463419200914396
0.17084730793734038
0.2649620703304795
0.9426247986493563
0.23507113754279985
0.22114913037494982
0.20848603592464343
0.16670862611421156
0.1675662506076786
0.14629425427489506
0.1356272752923221
0.13207207958691053
0.13287812402482257
0.1319637144550137
0.13198139753599164
0.13195980260543078
0.13195960097089093
0.13195953724797937
0.1319594197328144
0.1319593833649761
0.1319594209605161
0.13195941752535711
0.13195942181901604
0.13195942274535
0.13195941971370861
0.13195941968115682
0.13195941963587365
0.13195941961593244
0.131959419682334
0.13195941963448338
0.13195941942192102
0.1319594196143823
0.13195941942192102
0.9832863834839136
0.6528973030462184
0.22327076762686254
0.08794802843243288
0.07444523493418159
0.077201108359304
0.07374913438719277
0.07273501406067368
0.2705671638528318
0.08195617692418461
0.07390142016056306
0.07295096827767006
0.07277868797329223
0.07274401651517892
0.07273687500318626
0.07273540659056676
0.07273509401639472
0.07273502939001686
0.07273501298441992
0.07273501718995568
0.07273501368335394
0.07273501356680001
0.07273501298441992
0.09091768031971492
0.06317002026193513
0.05840517627531522
0.09273797252249866
0.05798896175404644
0.05898851818283524
0.05807481991772678
0.05800236913053958
0.0579915826430924
0.05798951007413
0.05798907429462863
0.05798898542930503
0.057988966711893464
0.05798896276698229
0.0579889619275189
0.057988961753092816
0.05798896171690937
0.05798896170486767
0.05798896173088719
0.05798896170486767
0.05384569028808783
0.04994737321895648
0.2343627853981296
0.05528893812785446
0.050560965827608384
0.05005740387515084
0.049969231677185644
0.04995182488354721
0.04994829277837154
0.049947579409349796
0.049947414789073385
0.049947381226534526
0.04994737488573919
0.049947373656350935
0.04994737297656526
0.04994737356441947
0.049947373431534214
0.04994737297656526
0.04729180647707332
0.04462890547134324
0.36098692560956747
0.051972262659802204
0.04543826920769062
0.044755223971080726
0.04464980102120836
0.04463238006589548
0.04462948956992363
0.044629006361323775
0.044628921710477776
0.04462890819682058
0.04462890593416463
0.04462890553982124
0.04462890547134324
0.04368494125228867
0.04283615041079125
0.03814007556476162
0.0361197287444498
0.0367276788421243
0.035372353628322306
0.03490678977694334
0.03486289090083583
0.03505858957893404
0.03489696577160595
0.0348696304146191
0.03486427285065519
0.03486318606028299
0.03486295009775914
0.03486290244278095
0.034862895997052945
0.03486289147599653
0.03486289167362022
0.03486289128249853
0.03486289090083583
0.03254814751621443
0.030473574217881716
0.04924256716227848
0.030447576714868807
0.03112785802682083
0.030526077774757965
0.030461632490301482
0.03045043717801904
0.030448187171317864
0.030447707148301917
0.0304476125128334
0.030447592144774382
0.030447578476320403
0.030447575011437578
0.030447577356379263
0.03044757767505407
0.030447575075568833
0.030447575011437578
0.02998288504283869
0.03189923969432429
0.026719624954686383
0.02590540659932744
0.025396960090702192
0.06825447787461641
0.026922594501872565
0.02559315649946242
0.025433556185225026
0.025404435516826585
0.025398513994528082
0.02539728364261895
0.025397028774340746
0.025396975093697538
0.025396963356996594
0.025396963171126496
0.025396963498694247
0.025396960989361672
0.025396960090702192
0.0332005811332175
0.023429535821165193
0.02196931649269379
0.053863217400483276
0.022482659615239875
0.022012911285308745
0.021976260572770745
0.021970679069619248
0.02196959711741736
0.02196937577143926
0.0219693385690356
0.0219693196433971
0.02196931712473915
0.021969319803424592
0.02196931973810501
0.021969319567398504
0.02196931649269379
0.020961133301734658
0.020055122947672033
0.022260130330817918
0.0197907192985024
0.019728132775813367
0.020392358464460913
0.019761748257078215
0.019731586649828714
0.0197287107070504
0.019728244632288894
0.019728149625134472
0.019728132347688054
0.01972813280498842
0.01972813320012634
0.01972813099461662
0.019728128866224937
0.019728133172902174
0.019728129314736276
0.0197281318411916
0.019728129355209345
0.019728128866224937
0.021646754798734125
0.018646597276993415
0.017996928455586036
0.01909005957545734
0.017782306184923158
0.017703143428929757
0.01801992387102236
0.01770560492983253
0.01770144210660818
0.017700914463274653
0.01770127582805403
0.017701152666478592
0.01770107699279727
0.017701133696653937
0.01770112486005565
0.017701137501046904
0.01770113572613352
0.017701133490516996
0.0177011333060485
0.017701133146921788
0.01770113302500831
0.017701132948517995
0.017701132890450277
0.01770113279014207
0.017701132801379693
0.017701135828540382
0.01770113279848895
0.017701132885958315
0.01770113279014207
0.018016669437822208
0.016963232422296637
0.01660005002099485
0.01528470694420675
0.012226594597279594
0.03472938861401775
0.012219392995749034
0.013697483003994981
0.012411022439049568
0.012254784933554974
0.012226631043232739
0.012220913286731694
0.012219716771470712
0.01221946370581034
0.012219413813923108
0.012219397354761408
0.012219394389658078
0.012219394772164549
0.012219393771323583
0.0122193945695514
0.012219392995749034
0.8772292133391683
0.304385315539682
0.08599655026928538
0.024850395353692878
0.011075720440637538
0.010217366906475511
0.009353936974175636
0.009243101851805657
0.00924095919185225
0.009199508663918554
0.009172786453084059
0.009159771817631834
0.00916649490415855
0.009160828579632851
0.009159967255326196
0.009159807670431286
0.009159779444226523
0.009159773204834964
0.009159772046534065
0.009159771835749175
0.00915977177938887
0.009159771827092267
0.009159771790809734
0.009159771784139126
0.009159771780877679
0.00915977177938887
0.009312847003550229
0.00895838018402395
0.008804270738824671
0.009280970151813506
0.008772330342343482
0.008759298229164991
0.008881324156622072
0.008759997014096743
0.008758919294778567
0.008759193264971099
0.008759126733447198
0.008759179073431211
0.008759189288467917
0.008759185842765416
0.008759185317409435
0.008759186880698822
0.008759186014416553
0.008759187305046212
0.008759186682673947
0.008759187759125764
0.008759185842765416
0.008688155659547059
0.008918488708289374
0.008407761070946151
0.008449296224011416
0.008377352493864287
0.008241699470037889
0.010141925854138811
0.008252680970533388
0.00824132914717618
0.008241530257976193
0.008241657548678394
0.00824162827371433
0.00824165042662428
0.008241642815786099
0.008241643351934447
0.008241640419486607
0.008241641710061254
0.008241644585945895
0.008241647759707538
0.008241647094557769
0.008241642715154651
0.008241640419486607
0.008351837279676089
0.008074151062868573
0.007932040954185648
0.007800443688250058
0.007666028551442661
0.007555155412024062
0.013917135576352546
0.007685689730103473
0.007571846850861652
0.0075581976165775
0.007555753445636415
0.007555272336464802
0.007555178924449513
0.007555159301989911
0.0075551550324115535
0.00755515608426649
0.007555155225309862
0.007555155106099998
0.007555155144293002
0.007555155107705658
0.0075551550324115535
0.024669425553494162
0.010609101461470427
0.007542411222514311
0.007552565844535952
0.006956047571013146
0.006870642339265209
0.006792575465450368
0.006488178493242958
0.005413846173488002
0.0038840297286477643
0.010683053967124101
0.004549162374218763
0.003954590882536024
0.0038958362570822302
0.0038863741876163926
0.003884515440046976
0.003884130977690692
0.0038840509680768687
0.0038840340842223875
0.003884029914274889
0.0038840300049019505
0.0038840298835061127
0.003884028931268768
0.0038840287288320896
0.0038840299656493493
0.003884029277293033
0.0038840287288320896
0.9595893362774727
0.15058008526602779
0.03014325385830846
0.007565580595286003
0.0035110448366374447
0.003084416040742277
0.0030579306343656576
0.003136042796916483
0.0030520127014385112
0.003049977543224336
0.003069923281208753
0.0030499565623635094
0.0030499095251869113
0.003049961948843327
0.003049972484903851
0.003049976373662111
0.003049975788565251
0.0030499760101133644
0.003049975870392019
0.003049976752390715
0.0030499759652276026
0.0030499751558223376
0.003049974005693956
0.003049976419908451
0.0030499760110851426
0.003049974005693956
0.0030323904019752823
0.0030119504406791453
0.002971983485007712
0.003476307888118757
0.0029755890768138338
0.0029716619854428528
0.002971875408025737
0.0029718055007058597
0.0029718607214866966
0.0029718726186780953
0.0029718760241127518
0.0029718772742282074
0.002971876746044433
0.0029718754872396502
0.002971875533521573
0.002971875355116005
0.002971875350094355
0.0029718763729531528
0.0029718753042730084
0.002971876213071878
0.0029718753042730084
0.004663401159559766
0.0032623108873928164
0.002961188802159176
0.0029526026998977217
0.002902073291464302
0.002915577242731837
0.0029033174242741877
0.002885149850449742
0.0033012434209529484
0.0028905991129292152
0.002885669624812792
0.002885236690580606
0.002885167162088864
0.0028851533979349364
0.002885151761287008
0.0028851509475362747
0.002885149671384646
0.002885150644529544
0.0028851497829647244
0.0028851498342178372
0.002885149671384646
0.0028904685474195335
0.0028607994837161477
0.002845761957144144
0.002790014969543675
0.002639720177495586
0.003408346812889984
0.0026116902547762
0.002610367739975916
0.0026092034662215657
0.0026079667162090536
0.0026074953875062645
0.002607462729197152
0.002607461264929445
0.002607488332665331
0.0026074926826415434
0.002607493247633541
0.0026074935450509096
0.0026074948230819794
0.0026074940912498845
0.002607495570077778
0.002607494873846372
0.002607490583916461
0.0026074905602593845
0.0026074911499809894
0.002607493291445273
0.0026074905602593845
0.26708549404886117
0.04493931553301905
0.010147084094989545
0.0037030991797915025
0.002479515288830947
0.002397267654308366
0.0023414323008525417
0.0023221641567398033
0.0022907221778446507
0.0028855536399185477
0.0022960135179498353
0.0022911187771423314
0.0022907781622388823
0.002290732636344772
0.0022907234848195124
0.002290722466018802
0.0022907215074271514
0.002290722505026821
0.0022907204328045383
0.0022907209658622474
0.002290721309793853
0.0022907204462772057
0.002290720452073236
0.0022907204328045383
0.002426710692987888
0.0022567753917477895
0.0022216021876029224
0.002221458451542313
0.002207507365263872
0.0021638195813636907
0.0021825314406904717
0.0021499110527463117
0.0021403569163809255
0.002138853350071357
0.0021368226977281912
0.0021349061702075622
0.0021343117011964896
0.002134381121803197
0.0021341016907221455
0.002133973948331147
0.0021340694989745446
0.002134094866665437
0.0021340999291383222
0.002134101092963747
0.002134099620093033
0.0021341022362790785
0.0021341015259639384
0.0021341015673156383
0.0021340990796601123
0.002134102339621191
0.0021341026345108594
0.0021340990796601123
0.0038555694593457868
0.0023708502334340853
0.0020816855503769105
0.0020349480821124644
0.002037968692328085
0.00202193930820338
0.0019768530948907626
0.0021000170856058653
0.0019666519216088307
0.0019623211639124283
0.001994338933697215
0.0019625294794616277
0.0019622004363872847
0.0019622901547499683
0.001962314884999483
0.0019623215609574918
0.001962320635411352
0.0019623224912854176
0.0019623209528767394
0.001962320137122664
0.001962319707337845
0.0019623196743616678
0.001962321064381989
0.0019623195828649687
0.00196231970428723
0.0019623190232691545
0.00196231870740865
0.001962319241009036
0.0019623194844946013
0.0019623196133905507
0.00196231870740865
0.002520092855588796
0.001981892597551216
0.001900819213945415
0.001872168453536327
0.0017878088739893827
0.001953684533617439
0.0017658756661309005
0.0017537704495003692
0.0017911537591595028
0.0017515245536326995
0.0017524259663465602
0.0017514969892021282
0.0017515094852723068
0.0017515209079018712
0.001751526223659483
0.0017515268190016475
0.0017515243240040501
0.001751524167817875
0.0017515239922606396
0.001751527278660403
0.0017515273331784043
0.0017515240554354383
0.0017515240057004444
0.0017515240024486012
0.0017515239922606396
0.013567660556418337
0.0039223392550845615
0.0019821951151673955
0.0016351402988811214
0.0015885237173531852
0.0016003370895886215
0.0015848188231833982
0.0015288077351222062
0.0014063748237924112
0.0028845556031798503
0.0014065661031272825
0.0014039127142189134
0.0014027703144221526
0.0014024340354283904
0.0014026548197771382
0.0014025811224166462
0.0014025334238756404
0.0014025698089169536
0.0014025787379443044
0.0014025804093887317
0.0014025795510064776
0.0014025798884144125
0.001402579589287023
0.0014025795657873208
0.0014025795531908969
0.0014025795473014413
0.0014025795481761305
0.001402579550164318
0.001402579554572736
0.0014025795473014413
0.02910717204972868
0.006427263556659679
0.0021743978609681247
0.0013481104698271351
0.0013021512211375819
0.0012389030380791088
0.0012223702060994435
0.0011984799560134096
0.0017774196426036393
0.0012048682914700959
0.00119910889775382
0.0011985834087656078
0.0011984989457822781
0.0011984833799042471
0.0011984805733510906
0.0011984800424599262
0.0011984799828400616
0.0011984799581142846
0.0011984799574840665
0.0011984799531039592
0.0011984799544055291
0.0011984799554325964
0.0011984799531039592
0.0013175680603084716
0.0011725801720011697
0.0011484126122996985
0.00114591463067526
0.0011364214398438266
0.0011084997330467194
0.001159188198632033
0.001101074762557941
0.001097094258194098
0.0011086802530297368
0.0010963316127068912
0.0010965677071861912
0.0010963124801634527
0.00109632513117347
0.0010963302238808925
0.0010963312712514162
0.0010963315395084994
0.0010963315965138443
0.0010963316104767307
0.00109633161071776
0.0010963316133926204
0.0010963316119855793
0.0010963316132523993
0.0010963316089783737
0.0016695175799019135
0.001157074748199649
0.0010645445025372346
0.001046090408260425
0.0010312579972120428
0.0010163179772184061
0.0010022254460410607
0.0016901449628984877
0.0010148011249934696
0.0010038010592641755
0.0010025083998387863
0.0010022801949500226
0.0010022353749546409
0.0010022276398414798
0.0010022257766131304
0.0010022242852166796
0.0010022248049302296
0.0010022247786193872
0.0010022241957899913
0.00100222399572103
0.0010022248539752199
0.0010022244007992787
0.001002224361736026
0.00100222399572103
0.0023960776380993476
0.0012200670281214965
0.0009889449298138286
0.000977244356266227
0.0009563898606694821
0.0009509875517747512
0.000939296237656706
0.0010515801842505557
0.000938979535909934
0.0009390718166220058
0.0009389467469811397
0.0009390424593114788
0.0009390655558893513
0.0009390707674351573
0.0009390713091011471
0.0009390707503569851
0.0009390704346370349
0.0009390704291034058
0.0009390704165204711
0.0009390704425660812
0.0009390704617078804
0.0009390704776656711
0.000939070474641035
0.0009390704346370349
0.000967904777916806
0.000932449910725941
0.0009264700814519133
0.0009244942764439212
0.0009218152683712066
0.0009121499591970839
0.0008906307143184966
0.001096927457556185
0.0008899318991843486
0.0008901123631861463
0.0008898236207972032
0.0008896791575035423
0.0008896226274718866
0.0008896629847519599
0.0008896751145355264
0.0008896767353817059
0.0008896772453656498
0.0008896774103200888
0.0008896783079749837
0.0008896771052553931
0.0008896769506814284
0.0008896769287884965
0.0008896768718618109
0.0008896767353817059
0.0038113836332769324
0.0014124825225939608
0.0009665243614399022
0.0008817550818133735
0.0008765485324236932
0.0008718452475766636
0.0008704351150938816
0.000865971660599707
0.0008668454487704147
0.0008644914872826259
0.000863466268948121
0.0008629647748866764
0.0008630623789970815
0.0008628258639132858
0.0008626430591804346
0.000862751474451473
0.0008628074325754409
0.0008627955539078913
0.000862806426531415
0.0008628078802416783
0.0008628097339064555
0.0008628082833894712
0.0008628097191963335
0.0008628103584346625
0.0008628074325754409
0.001012355198963033
0.0008867128466361618
0.0008620414130521836
0.0008612747738853677
0.0008571437286835071
0.0008562185936655808
0.0008552794368549832
0.0008543248940309778
0.0008506649490915286
0.0008466302074042753
0.0008337116408304035
0.0008372377872945536
0.04120927085685866
0.0032834114451946728
0.0009982452205316017
0.00084306373287385
0.0008322499247485626
0.0008332626514501174
0.0008317292299416246
0.0008259098452066405
0.0008197363010514214
0.0008011084889136266
0.0008321679371918189
0.000804122601279933
0.00080071769045581
0.0008004835142610967
0.0008001067182705213
0.0007995459046708508
0.0007990992388769436
0.0007986128838085582
0.0007988286661583799
0.0007986683488740987
0.0007985180437095618
0.0007982668269971849
0.0007981120517077112
0.0007979658391623623
0.0007977267878832572
0.0007975763761656762
0.000797438067105749
0.0007972059728530989
0.0007970597664655465
0.0007969273319853865
0.0007967010545378295
0.0007965594526263553
0.0007964331611835518
0.000796211195192742
0.0007960759262587991
0.0007959538618768081
0.0007957363625517022
0.0007956039345291543
0.0007954855492733892
0.0007952739620059601
0.0007951455486935322
0.0007950318123123856
0.0007948242014280127
0.000794702282737203
0.0007945926241030854
0.0007943876655849835
0.000794269365202882
0.0007941027690540059
0.000793975719659612
0.0007938694255921752
0.0007936853538942912
0.0007935682046701364
0.0007934149229785192
0.0007932896104894116
0.0007931877647489038
0.0007930096393317654
0.0007929001422249393
0.0007927512646164203
0.000792630551889717
0.0007925346446529535
0.0007925974335865615
0.0007925418817951169
0.0007925053666452131
0.0007924558967055684
0.0007924177921745379
0.0007923050401161258
0.0007920421485721474
0.0007918572827257386
0.0007916463490711401
0.0007914482668348044
0.0007912524098863671
0.0007910533329866798
0.0007908645415625193
0.0007906704727084768
0.0007904836150610661
0.000790293721172397
0.0007901114819285349
0.0007899225113005004
0.0007897425365745447
0.0007895593985323135
0.0007893854828695535
0.0007892024240201967
0.0007890306495726973
0.000788853328961725
0.0007886854229263163
0.0007885068027453923
0.0007883409366990501
0.0007881702142593094
0.0007880050844140674
0.0007878350026404579
0.0007876731966732775
0.0007875045149731141
0.0007873459453117126
0.0007871779491785413
0.0007870240259462147
0.0007868601895977267
0.0007867035915366527
0.0007865428076013203
0.0007863880142724433
0.0007862303294400297
0.0007860777888659132
0.0007859206786687833
0.000785769863666852
0.0007856151480922224
0.0007854654457579158
0.0007853131930005697
0.0007851658602546219
0.000785011953232051
0.0007848683262596801
0.0007847173246710026
0.0007845728872488134
0.0007844244634179764
0.0007842793255440905
0.0007841336312796043
0.0007839919914079396
0.0007838436466262588
0.0007837032946876321
0.0007835601326216524
0.0007834186475368377
0.0007832738942940565
0.0007831383900578359
0.0007829943327710698
0.0007828581829066317
0.0007827157375234206
0.0007827732959566625
0.0007827246229689666
0.0007826505890325963
0.0007825985511384359
0.0007825284360137297
0.0007825723746391899
0.0007825568737512278
0.0007825309497631605
0.0007825480590256673
0.000782542882660997
0.0007825341410312991
0.0007825402348241028
0.0007825386914923627
0.0007825326723157611
0.0007825372209622206
0.0007825319481445381
0.0007825289120992895
0.0007825239084618962
0.0007825274841095631
0.0007825284157553791
0.000782528129923743
