0.45378912589817355
0.538104930992376
0.16483497359547583
0.25973242441195943
0.8644814264683449
0.22874000472431233
0.23845405821689736
0.22942225180875514
0.2216489623958262
0.5884413370106263
0.24769855866393647
0.22440479717599515
0.22213007264596885
0.2217454306903227
0.2216689042710286
0.22165312154070926
0.22164983250833403
0.2216491457893014
0.2216489948320628
0.22164897002420425
0.22164896770340625
0.22164895552662656
0.22164896578766624
0.22164895558009307
0.22164895552662656
0.24254376041702452
0.19683381865149535
0.18436571057703105
0.1987154290685068
0.17986415589818233
0.17773337801209532
0.18156482050565592
0.17743675718449614
0.17755417630505654
0.1774339871067574
0.17744193254201845
0.1774349205301307
0.17743414863371476
0.1774340241017518
0.1774339941107435
0.1774339907563941
0.1774339914945819
0.177433988889112
0.1774339906114869
0.17743398948926825
0.17743398918508302
0.1774339871067574
0.19393279328245117
0.16007707420946982
0.14865432108489174
0.18714687427248616
0.14578792874665036
0.14567971862058982
0.157648690539345
0.14656722021703456
0.145811352631453
0.1457051256617437
0.14568497400910174
0.14568082837907448
0.1456799571279649
0.1456797696844312
0.14567972936264229
0.14567972045896965
0.1456797189256726
0.14567971696952564
0.14567971731674745
0.14567971875846009
0.14567971696952564
0.1564300906747288
0.13060144916788452
0.12251796308434776
0.11982736598443039
0.5189012545539639
0.15109314704138016
0.12356836646906283
0.12050723724558182
0.11996546205651559
0.11985612365051723
0.11983339325991177
0.11982863496973511
0.11982764027881965
0.11982743276407198
0.11982737640581159
0.11982737048427472
0.11982736866741028
0.11982736870339106
0.11982736598443039
0.5415330743248319
0.20978111724518256
0.1013102695998857
0.08715338868190858
0.08996228250496074
0.08536643015268147
0.08503673319305505
0.35890739038833686
0.09813172997209357
0.08667445743036861
0.08533470453252234
0.08509556353755976
0.08504855327036936
0.08503911348159171
0.08503721339702747
0.08503683120500921
0.08503675314528081
0.0850367400959553
0.08503673687284158
0.0850367363369593
0.08503673319305505
0.0874576438154896
0.07396492860168363
0.07093746263173462
0.0596037871930401
0.049153381252914796
0.05089251562645636
0.044559112352733465
0.04210165349552858
0.04237147764240917
0.041500074543032506
0.041247124931167
0.04119915882224906
0.041262418680944324
0.041204906717274226
0.041200025545484964
0.041199317015962744
0.04119918861665378
0.04119916722642086
0.0411991604904442
0.041199159163413435
0.04119915873400293
0.04119915907186028
0.041199158798119306
0.04119915874679092
0.04119915873400293
0.7661008020432546
0.3016174214789746
0.09761626559695302
0.03734557934350924
0.032802335332843935
0.030601566539472935
0.028526818323332592
0.03153772314312242
0.027895364860740957
0.027568566170732167
0.028242121751676008
0.02749926887837595
0.02750202169431104
0.027495295680249332
0.027493820558547266
0.027493714624586996
0.027494298083219237
0.027493788779225037
0.02749372750852591
0.027493717208176838
0.027493715161578558
0.02749371472990786
0.027493714640718703
0.0274937146273993
0.027493714626776633
0.02749371462795991
0.027493714624586996
0.026402897627555544
0.025454567509990533
0.02211529549881297
0.01607829871910521
0.10160385637841302
0.01963022719633012
0.016205059693862045
0.016079210282540723
0.016077366086189093
0.01607703687770523
0.016077063469762454
0.016077034681864333
0.01607702900787311
0.01607702197590344
0.01607702204452649
0.016077021447469475
0.016077021160243454
0.016077021206897968
0.016077021171823858
0.016077021166744865
0.016077021159236426
0.01607702116528925
0.016077021164030425
0.016077021162291816
0.016077021158648508
0.016077021170970374
0.016077021158648508
0.7950485566140123
0.3231131928109475
0.1004079762782788
0.03105142140202166
0.014422717290801523
0.013282885486637308
0.012795404791435483
0.012456584793197223
0.01333215055983783
0.012373487172698983
0.012340825366229768
0.012568273882805125
0.012341428057929427
0.01233981647441007
0.01233943218750111
0.012339387892782883
0.01233952949812972
0.012339399317826294
0.012339390917813609
0.01233938818872271
0.012339388412432928
0.012339389636204012
0.012339388129643136
0.01233938797414652
0.012339387967104543
0.012339387896465437
0.012339387892782883
0.01217482716508056
0.012025639635395047
0.011465259835732156
0.009806659155981334
0.012620077221235482
0.009236907218855006
0.009050793841331783
0.009901844372920743
0.009071744042565
0.009049472131431813
0.009050546955942484
0.00904954157842991
0.0090494785520438
0.00904946923540162
0.009049474597456197
0.009049467891768526
0.009049470162705409
0.009049467718137305
0.009049468522153437
0.009049468330243893
0.009049467664157651
0.009049469343959116
0.009049467749831841
0.009049468073188127
0.009049467664157651
0.9076368741307067
0.20539277235796632
0.052832388989462076
0.015846996097771016
0.00815968963602659
0.007600471871770764
0.007274645879422059
0.007044850940647274
0.006874238335709437
0.006731728718158747
0.006756027807224563
0.006697680916756821
0.006478822775751014
0.005841965198147947
0.007297562955313586
0.005684377625018833
0.005607139336479217
0.005971141851333628
0.0055995187837359905
0.005614943265894845
0.005600996160151195
0.005599755773034842
0.005599565731255196
0.005599528506760709
0.0055995206285487376
0.005599518896029498
0.005599518563375594
0.0055995188063011625
0.005599518685282523
0.005599518502284462
0.0055995185741956055
0.005599518444616813
0.005599518681125959
0.005599518695851069
0.005599518444616813
0.5119180129667634
0.13946198744047877
0.03384753082247788
0.01027493448877742
0.005389018353988639
0.005178537102488612
0.0047022777317801134
0.00466903267124702
0.004639292985659238
0.004522877008214188
0.004388708514130202
0.00391129917896349
0.0038919683719538245
0.0038677659732641034
0.003826642154205584
0.003788674219267152
0.0038040986029749257
0.003785274514190584
0.0037667350990017723
0.003693818932592796
0.003421990932957364
0.00262345519306334
0.00229209656222934
0.03354343007172628
0.0030627828325095474
0.002416974911493841
0.0023159176636761702
0.002296823529402192
0.0022930453763571057
0.0022922852335058863
0.002292134278030822
0.002292101455540818
0.002292097232915069
0.0022920965997063614
0.002292096729768711
0.002292098292560385
0.00229209656222934
0.9821875150998344
0.5402848333034509
0.2665042567659661
0.041025097400771315
0.008109865036051156
0.0025928080544916354
0.0018273879046264985
0.0018115136816575506
0.0017778427390228724
0.0021187125959484243
0.0017796856807025252
0.0017770532182930232
0.0017768321002251675
0.0017769235978764564
0.00177683138805651
0.0017768311302886475
0.001776830618514913
0.0017768308737111105
0.0017768309112894953
0.0017768308293873991
0.0017768309397476756
0.001776830758475012
0.0017768309119406411
0.0017768309643134694
0.0017768308410809341
0.0017768309544335947
0.0017768309585091124
0.001776830758475012
0.002464303982601501
0.001846597055836341
0.0017394782752086502
0.0017260962478283237
0.0017722862707616471
0.0017229951871505778
0.0017228225752238813
0.0017368275361970276
0.0017237597967739715
0.0017229567888545905
0.001722844638128107
0.0017228286072011323
0.0017228244770587375
0.0017228229772098258
0.0017228233609662413
0.0017228226938187374
0.0017228223078432081
0.00172282284986075
0.0017228224205319553
0.0017228223078432081
0.0017204354629049567
0.0017518224325822063
0.001691032666564618
0.0016826672257078124
0.0016761508249930057
0.0016559095144009772
0.0016682143283803241
0.0016477191007150949
0.0016437808603785298
0.0016470158736435203
0.001643005239942208
0.0016428727262763343
0.0016431023808087808
0.0016429008497293451
0.0016428763685291115
0.0016428734871387074
0.0016428728852045382
0.0016428727596265458
0.001642872733263523
0.0016428727276843191
0.0016428727265436205
0.001642872726275224
0.0016428727263055887
0.0016428727261070253
0.0016428727262763343
0.005823844333115058
0.002283384139200706
0.0017187855474005143
0.001625367701124092
0.0016178795279441771
0.0016177109049564375
0.0016159024728964466
0.0016143072262530533
0.0016978608560233588
0.0016157831380899101
0.001614493342328882
0.001614338629889689
0.0016143130700084218
0.0016143083167377559
0.0016143074238774147
0.0016143072318753893
0.0016143072049671359
0.0016143072556829563
0.0016143072380692125
0.0016143072083296683
0.0016143072100895384
0.001614307129950976
0.0016143072344496079
0.001614307129950976
0.001626680722623619
0.0016101097957474941
0.0016068143034044802
0.0016072048075166379
0.00160599661627997
0.001601943006428741
0.0015978198251408449
0.0017756579690301755
0.0016015240510434126
0.0015982730147587332
0.0015979001698399053
0.0015978313628149388
0.0015978232091247713
0.0015978198452710202
0.0015978201927586144
0.0015978198439287605
0.0015978197636096203
0.0015978198190202408
0.001597819640459186
0.0015978197826740925
0.001597819640459186
0.004414786172025897
0.0019439439453715623
0.0016321886115910345
0.0015882626238408748
0.0015848325387257112
0.0015830340062140125
0.0015817160284666842
0.0015805450666361853
0.001579441255439018
0.001578355756542249
0.001574915720248704
0.0015755318951036212
0.0015736942277740362
0.0015728962367550503
0.0015725998047410594
0.001572861228802347
0.0015726427927855169
0.00157260618581484
0.0015726026090237544
0.0015726003618958817
0.0015726004315733122
0.0015726010412562275
0.0015726013120053728
0.0015725986876978792
0.005318179573227
0.002121982231960251
0.0016532638984661507
0.0015742194916062435
0.0015641137672117722
0.0015635661253836086
0.0015613848007533515
0.001558874782512043
0.001559489172157924
0.0015580754080337655
0.0015574967096188552
0.0015572344518707815
0.0015574545252129424
0.00155727336708128
0.001557243243256956
0.0015572364386655102
0.0015572344682534545
0.0015572344583044684
0.0015572344132123161
0.001557234413634645
0.0015572344657957538
0.001557234438233135
0.0015572351061438061
0.0015572344274225602
0.0015572344132123161
0.0030143061101899904
0.001792081860146455
0.0015899434166058435
0.0015543886607367052
0.0015521393542834439
0.0015505989524738362
0.0015498800367745313
0.0015499548146565845
0.0015495942738126267
0.0015494264465007457
0.0015493837559586998
0.0015494339839400295
0.0015493900995553478
0.0015493821744931857
0.0015493835295384284
0.0015493827446766417
0.001549382524823062
0.0015493832679443487
0.0015493825772678882
0.001549382609967176
0.0015493821744931857
0.0015487108275606953
0.0015488888680790236
0.0015467070502772073
0.001545821533690761
0.001545014372985154
0.0015421608997951974
0.0015364167298384523
0.0016056945176204374
0.0015367385651713361
0.0015363533592976375
0.0015363436536391384
0.0015363474114785114
0.0015363459809939473
0.0015363474688512846
0.0015363471934530248
0.0015363469898590498
0.001536346800431465
0.001536346793833132
0.0015363467588579427
0.001536347563789342
0.0015363467616397175
0.0015363467635997607
0.001536346768170771
0.0015363467615418513
0.0015363467618742521
0.0015363467588579427
0.008312962946874114
0.002549221706424021
0.0016988956619106155
0.0015507999253087101
0.0015274171285966642
0.0015257515489933149
0.0015426563740500998
0.0015257193986699114
0.0015258690736582592
0.0015257286564849815
0.001525717779424396
0.0015257205538147245
0.0015257182283031634
0.001525717860091813
0.0015257177954829393
0.001525717780173963
0.0015257177828458257
0.0015257177835756863
0.0015257177787162957
0.0015257177847324832
0.0015257177787162957
0.0015243883942178127
0.001523020984442236
0.0015265298959354912
0.0015226803202172956
0.0015225492367453297
0.0015234928757398847
0.0015225603838427415
0.0015225484864782035
0.001522544843927054
0.001522546863551577
0.00152255016298658
0.001522544818116145
0.0015225448363312966
0.0015225448335237646
0.00152254482665648
0.0015225448263535002
0.001522544832756878
0.0015225448207049075
0.0015225448294265975
0.001522544818116145
0.0015239364553528145
0.0015208889609273357
0.0015196509810440628
0.0015208028865537626
0.0015192531907339824
0.0015190196895958907
0.0015192319412756783
0.0015189586924468368
0.0015189380554979093
0.001519006181499527
0.0015189370092583698
0.0015189394742092799
0.0015189383967338377
0.001518937961842437
0.0015189381012736258
0.0015189380089703497
0.0015189380024890897
0.00151893790799551
0.0015189380025891208
0.0015189380028727828
0.001518937987676272
0.00151893790799551
0.0015220632821494329
0.0015171961301475023
0.0015156209274544419
0.0015302003207163795
0.0015155682340722287
0.0015158051224196667
0.0015155905281017401
0.0015155721948826861
0.0015155713519112712
0.0015155688657788047
0.001515568676013046
0.001515568208401319
0.0015155683317331081
0.0015155682161028805
0.0015155682097028333
0.0015155682798805303
0.001515568208401319
0.0015142604913737645
0.0015128208259180265
0.0015119706018312251
0.001511700222375123
0.0015093599589537932
0.0015086181287502498
0.0015074123457610722
0.0015310024078863949
0.0015077458434546998
0.0015074381999347075
0.0015074166290274804
0.0015074139046823976
0.0015074128072077864
0.0015074124183108717
0.0015074124277588141
0.0015074124641185072
0.0015074124690447332
0.0015074123665171357
0.0015074123458795885
0.0015074123457610722
0.0015096799405702743
0.001505446494985796
0.0015039674102474976
0.0015087666171215153
0.0015036427135661778
0.0015035453326014414
0.0015048738367742232
0.0015035879309204803
0.0015035513392693267
0.0015035442802816545
0.001503544360348552
0.0015035448743722646
0.0015035435005547049
0.0015035433285932043
0.001503543444119182
0.0015035433077929539
0.001503543298698229
0.0015035432995069709
0.0015035433074910287
0.0015035432722553255
0.0015035432978897645
0.001503543289778364
0.001503543298658705
0.0015035432722553255
0.001503305256884635
0.0015085985282617953
0.0014996801905658996
0.0015001330680857738
0.0014992733798361302
0.001498384436800504
0.001535300889587865
0.001499095522270233
0.0014984758223679506
0.001498407207412955
0.0014983912908677066
0.0014983915002643178
0.0014983820060728292
0.0014983862030936157
0.0014983920158612718
0.001498388702516229
0.0014983820060728292
0.0015017785759403046
0.0014960394902067686
0.0014944147179727363
0.0015017619943307192
0.001494149964594793
0.0014941375706184479
0.0014941252714407716
0.0014941141012681514
0.0014941088020708482
0.00149410928690219
0.0014941089471045
0.0014941109659917795
0.0014941089155240395
0.0014941103776819897
0.0014941088929809054
0.0014941108841117767
0.0014941089420880127
0.0014941088020708482
0.0014926878452529713
0.0014920660778590666
0.0014903565736220648
0.0014892702823914306
0.0014882192983972087
0.0014839871559764184
0.0014670097820043693
0.0013990762107107813
0.0011927699514444612
0.005909012740964503
0.0011752245537868244
0.0012121826925106105
0.001177490649193924
0.0011755176411988866
0.0011752802861864642
0.0011752370159953118
0.0011752290291041079
0.001175227862309336
0.001175223514342516
0.0011752238139606797
0.0011752231905909905
0.001175223226447475
0.0011752234462920064
0.001175223222353916
0.001175223145054527
0.001175223127205638
0.0011752232118604766
0.0011752233254223032
0.001175223127205638
0.9158738329560265
0.9746753377358471
0.2729789685749566
0.046672045442053944
0.008138064853967952
0.0019509951715579454
0.0009661735630731028
0.000913789476792437
0.0008993561297732655
0.0008936558485379553
0.0008945897014486781
0.0008929357114427772
0.0008890651528493665
0.0009177090347807781
0.0008887568687396263
0.0008892736033467297
0.000888790658766736
0.0008887619525730361
0.0008887577761814702
0.0008887570524613309
0.0008887569065908485
0.0008887568767479426
0.0008887568702168336
0.0008887568691555714
0.0008887568687296343
0.0008887568688086267
0.0008887568690348902
0.0008887568687396263
0.0009272410170051981
0.0008879098404815378
0.0008901052113647889
0.0008793109352704387
0.0008767559568675365
0.0008746186006769463
0.0008672245675332424
0.0008562139435617788
0.0011104873777167401
0.0008601767934892091
0.0008565930533220301
0.0008562791504453937
0.0008562282913202046
0.0008562169012505949
0.0008562144850658426
0.0008562138833491661
0.0008562140504377314
0.0008562143541315792
0.0008562141009981761
0.0008562146297382833
0.0008562140468227342
0.0008562138833491661
0.013358476908027384
0.0025401945315451924
0.0010921173920724891
0.0008653262984392729
0.0008350355235854923
0.0008331958137062223
0.0008316582362242197
0.0008301329553868086
0.0008240688941993923
0.000800355138857678
0.0007149179667965133
0.0005747881594965754
0.007848260234641413
0.0006487233679760562
0.0005814448746606637
0.0005759061724828762
0.0005750111685493553
0.0005748342037659171
0.0005747977388941838
0.000574790150522142
0.0005747884323933916
0.0005747881261988219
0.00057478830801172
0.0005747882948345384
0.0005747880759158774
0.0005747883379645935
0.0005747882093518619
0.0005747880759158774
0.9808839414300532
0.13459878076038134
0.020773909821315995
0.0038418979019401167
0.0010854880163388425
0.0005891875871211205
0.0005235553264811843
0.0005222126343994438
0.0005210652407071081
0.0005169184336548671
0.0005134208171349575
0.0005082455996180402
0.0006282923110773053
0.0005143999054161297
0.0005087626688013436
0.0005083206987018807
0.0005082598060495713
0.0005082478965033332
0.0005082465815034465
0.0005082457400180096
0.0005082461379280478
0.0005082458635874976
0.0005082454346960197
0.0005082454887631038
0.0005082455325953195
0.000508245406228236
0.0005082469551284108
0.0005082454975215422
0.000508245406228236
0.0015883454405097863
0.0006798271231724939
0.0005361347938471761
0.0005099586118405552
0.0005061265497909861
0.0005059881747116468
0.0005055071621719032
0.0005047896674041374
0.0005213823407533846
0.0005051054305110769
0.0005048200496073352
0.000504793302398554
0.0005047904569290829
0.0005047903568315415
0.00050478875807064
0.0005047892811948507
0.0005047889598208677
0.0005047888558594171
0.0005047887150163577
0.0005047888149870561
0.0005047888048841376
0.0005047887597370293
0.0005047887150163577
0.0011088090466535028
0.000606058422610356
0.0005215225934258605
0.0005055875370507112
0.000503371456934798
0.0005032696055411456
0.0005029259506035277
0.0005030215165992002
0.000502817617351381
0.0005027393816723347
0.0005027066167080929
0.0005027380091286449
0.0005027124998756016
0.0005027076181345902
0.000502707180084716
0.0005027066487783838
0.0005027066707232741
0.0005027066572881878
0.0005027066614824438
0.0005027066415797532
0.0005027065612730475
0.0005030120465162047
0.00050243369261882
0.0005023173002025594
0.0005018788228411397
0.0005005957643307024
0.0005031955522351583
0.0005002398831346899
0.0005000841444668391
0.0005007696933242434
0.0005000779861151772
0.0005000786092868026
0.0005000773503215372
0.0005000778693515229
0.0005000771164395124
0.0005000774378084993
0.0005000770838012314
0.0005000772700055056
0.0005000778612624379
0.0005000772354444294
0.0005000771077223187
0.0005000780088030288
0.0005000778120299865
0.0005000779116471343
0.0005000771077223187
0.0035944589492900025
0.0009296230599910582
0.0005695968515062044
0.0005095119047484609
0.0004990193918418262
0.0004984357058552269
0.0004981616240777864
0.0004980089270262278
0.000498131202261165
0.0004979538650586313
0.0004979277077844513
0.000497952373219146
0.0004979204836038642
0.0004979177972778692
0.0004979191447451736
0.0004979166069212781
0.000497918752316473
0.0004979188947296653
0.0004979205264630804
0.0004979185103883843
0.0004979188524414369
0.0004979194238122764
0.0004979166069212781
0.0004977839594141886
0.0004976382088207609
0.0004973044169099827
0.0004999775133511797
0.0004972884361846286
0.0004972928818994804
0.0004972870599550538
0.0004972820228427155
0.0004972826107713102
0.0004972816017899673
0.0004972836558356786
0.0004972812928983883
0.0004972830504477166
0.0004972828892695347
0.0004972816610452346
0.000497281278022621
0.0004972826212342185
0.0004972816529494328
0.0004972833148440547
0.000497281278022621
0.0005190940231256103
0.0005009915614068161
0.000497311438841741
0.0004974486290055813
0.0004967014643897372
0.0004965987412607342
0.0004964995627811941
0.0004961294929536897
0.0004947206037646534
0.0004905047470534774
0.0004969003450177589
0.0004893319657762185
0.000488646477512511
0.0004900016570345
0.0004884865139657135
0.000488481104582883
0.0004884732054043495
0.0004884697301637542
0.0004884666623063971
0.0004884656045633373
0.0004884684869909672
0.0004884658533500508
0.0004884653148051754
0.0004884679215208521
0.0004884652831015357
0.0004884682953332775
0.0004884652620675278
0.0004884652540524392
0.0004884652521411348
0.0004884652514194343
0.0004884678037526125
0.0004884652514113297
0.0004884678055354086
0.0004884652513902354
0.0004884678011280452
0.0004884652513902354
0.16343172672045148
0.019812998835194107
0.0027919084670118832
0.0008098775449259521
0.0005325249587146419
0.0004879018034335547
0.00048738322791042066
0.00048306649319768136
0.0004828423459479758
0.0004840931153848871
0.00048281035541908324
0.000482813927337733
0.00048281038639647056
0.00048281244175779614
0.00048281161385876903
0.0004828116525478765
0.0004828109088592658
0.00048281169167235793
0.00048281035541908324
0.0004827634571181738
0.0004826216463275079
0.0004831016593868087
0.0004825574974430258
0.00048251481661126805
0.0004826092877617816
0.0004825046685448253
0.0004825039599447023
0.0004825020854609674
0.00048250348176437363
0.0004825049154210115
0.00048250241299763186
0.0004825025659254134
0.0004825032426734599
0.0004825044364371589
0.0004825022820770797
0.0004825020854609674
0.0004824395888696209
0.0004823617359376864
0.00048226918601251834
0.0004854880877337431
0.0004823573928057212
0.00048227802654382534
0.0004822708721629043
0.0004822695276460731
0.0004822693831103564
0.00048226924522726256
0.00048226914241999985
0.0004822691930946865
0.00048226913467314114
0.0004822692215961655
0.00048226923366812
0.00048226921169025605
0.0004822692012207419
0.00048226913467314114
0.000491999417090383
0.00048382528834917116
0.0004821626337380702
0.0004819914126905078
0.0004887516971845418
0.00048208414415573664
0.0004820013872296469
0.0004819934929742864
0.0004819913857730951
0.0004819913607784776
0.00048199122103542713
0.0004819912629792644
0.0004819912107208446
0.0004819912232460477
0.00048199122315611964
0.0004819912111529434
0.0004819912412957206
0.0004819912076181043
0.00048199122173830933
0.00048199120933761774
0.0004819912076181043
0.0004819235721222892
0.0004818078482835553
0.00048377685622208455
0.0004818336742610785
0.0004818086026900925
0.00048180778741102603
0.0004818068768273065
0.00048180629152067
0.00048180597575614437
0.0004818054686892559
0.0004818056609199317
0.0004818051369693266
0.0004818040301331483
0.00048180308172168784
0.00048180520393614756
0.00048180310228707057
0.0004818030803267481
0.0004818067715539054
0.0004818047713850415
0.0004818030803267481
0.00048174382514271086
0.0004816481734937206
0.000482169067617888
0.00048163584300175977
0.0004816438109042087
0.0004816370232257894
0.0004816361448995443
0.00048163575913690027
0.00048163360567626823
0.00048163451254779055
0.0004816343074323659
0.00048163365377895673
0.00048163380766996777
0.00048163371283399536
0.00048163371585019377
0.00048163360567626823
0.0004816547938645277
0.00048176562745400053
0.0004815553532932504
0.0004814893467630643
0.0004814758565656052
0.0004814653344183406
0.00048145163672191904
0.0004814464344844449
0.0004814482492602745
0.00048144484981638147
0.00048144390255322467
0.00048144438894492936
0.000481445196613528
0.0004814454315993366
0.00048144457563131793
0.00048144457804033536
0.0004814443922988576
0.0004814445789556032
0.00048144438894492936
0.00048139954633696913
0.0004813515120692391
0.0004811653579256392
0.0004804604784549582
0.0004782714487733819
0.0004795851661294481
0.0004775624853755045
0.0004771042771424816
0.00047721527814997833
0.00047695709480882753
0.00047688824995839596
0.000476924891033792
0.00047687470472423943
0.0004768718964621166
0.00047687415796004995
0.0004768751569681484
0.00047687409940344594
0.00047687409527480407
0.0004768740081709244
0.0004768734327675883
0.0004768732181900659
0.0004768735137725688
0.0004768733519865398
0.00047687315779137984
0.00047687320531208943
0.0004768732430538991
0.0004768734445778633
0.0004768731843359242
0.00047687315779137984
0.12383404088131028
0.014378670263425208
0.002078074037102029
0.000694771073732503
0.000507431180756468
0.0004775789977050082
0.0004739296015104921
0.00047390186548335045
0.0004738821125466752
0.0004738041939257309
0.00047351317675975446
0.0004803751603535966
0.0004734605214519183
0.0004734531694556843
0.000473454906355808
0.0004734510027294969
0.00047344815619720926
0.00047344859547188145
0.0004734485656252563
0.0004734486419110673
0.00047344832622875366
0.0004734482578606647
0.0004734484678976525
0.0004734483950128987
0.000473448410866939
0.00047344815619720926
0.000473421222702608
0.0004733813314131696
0.00047331885705381715
0.000474423252995404
0.0004733414440507011
0.0004733207935631589
0.0004733191170235296
0.0004733185856619082
0.00047331801059929957
0.0004733185877416335
0.00047331949287998665
0.0004733200033602558
0.00047331855163573744
0.0004733185072199886
0.0004733186821992419
0.00047331801059929957
0.0004769294647391509
0.00047388452187685504
0.00047325732221270567
0.00047319611870816347
0.0004738886228411454
0.00047319967577558186
0.00047319503691856113
0.0004731959502826677
0.00047319580461835375
0.0004731938462574914
0.0004731972601766943
0.0004731939894629944
0.00047319387870070617
0.0004731938318913165
0.00047319388830918685
0.0004731938430865834
0.00047319381493843293
0.00047319397982725775
0.0004731938297041771
0.00047319381493843293
0.0004731688771855702
0.00047313222623596163
0.00047305958172666474
0.00047383679908508114
0.0004730635727995258
0.00047305686069337716
0.000473056334681643
0.0004730554121175068
0.00047305727987978496
0.00047305663650076824
0.0004730566510061096
0.0004730567781883188
0.0004730558267176943
0.0004730567164153987
0.00047305585603751865
0.0004730554121175068
0.0004772662221070867
0.0004737660735406046
0.00047301547717032433
0.00047294086326432616
0.0004749094149803512
0.000472975396078823
0.00047294122380003856
0.00047293839464379595
0.0004729385722940238
0.00047294024945182533
0.00047293798228720263
0.0004729381049183856
0.0004729379073160067
0.0004729383845375468
0.0004729380231632274
0.00047293796171354874
0.0004729379073160067
0.0004729119641005419
0.0004728623740147264
0.0004733307187474445
0.00047286104927285466
0.00047285927363083236
0.00047285925356527203
0.0004728601869625204
0.00047285966586568806
0.0004728606193113438
0.00047285920733036724
0.0004728605154133425
0.0004728593303998663
0.0004728607557071274
0.00047285920733036724
0.00047285940597019405
0.00047285920733036724
0.0004728340826181121
0.00047278357763413936
0.000473181145872803
0.0004727807555170993
0.00047278165931768923
0.0004727806541897639
0.00047278149248208834
0.0004727817129304701
0.0004727817036677684
0.00047278163652980654
0.00047278173108511456
0.00047278153885704777
0.00047278165076952705
0.00047278164275282863
0.0004727817891080899
0.00047278153885704777
0.0004727586467149769
0.0004727044619338705
0.0004737250203919463
0.0004727240317774495
0.00047270716951386405
0.00047270479483541017
0.0004727041508996721
0.0004727040543114902
0.00047270397054599567
0.0004727038664576466
0.0004727045210797254
0.0004727038924981497
0.00047270386641151685
0.0004727038368994019
0.00047270385933617654
0.00047270383815573025
0.0004727038357735247
0.00047270383674336003
0.0004727038521750715
0.0004727038357735247
0.00047268964376134814
0.00047263212181586356
0.0004747278229900176
0.00047268259027727355
0.0004726361133538526
0.0004726334328122306
0.00047263264837532626
0.00047263242155543006
0.00047263255653473557
0.00047263245602929826
0.00047263276375048013
0.0004726329005506624
0.00047263212181586356
0.00047263200704228403
0.00047257368950387457
0.0004765891723137461
0.00047266095352654913
0.00047258368973257525
0.0004725758548469461
0.00047257382621829214
0.0004725737243124195
0.00047257369769265756
0.00047257368186404136
0.000472573727697323
0.0004725737052893031
0.00047257395927652324
0.00047257370976283575
0.00047257368186404136
0.0004725914948684462
0.00047253639015581994
0.0004800702927637568
0.00047266579282789767
0.0004725525520323237
0.0004725370766999193
0.0004725369845607341
0.0004725365111858393
0.00047253644209011014
0.00047253643859968
0.0004725364063999371
0.0004725366658602237
0.00047253639015581994
0.00047258582048964604
0.0004725399966674648
0.0004724607817497839
0.0004724123199627006
0.0004723923121136564
0.00047241032163880536
0.0004723870574454003
0.0004723843331473909
0.0004723901373272499
0.0004723850403415275
0.0004723842120600841
0.00047238447246022996
0.00047238435679575197
0.0004723843401224781
0.00047238433825108617
0.00047238433730867335
0.00047238433314056305
0.00047238433447027717
0.00047238433314056305
0.0004723650178959926
0.00047234227549508567
0.00047225766426955973
0.00047194207105827335
0.00047111056916621097
0.0004746790554026603
0.0004709562809687151
0.0004709697997848372
0.00047094608553377437
0.0004709428575578878
0.0004709409711030066
0.00047094323514074166
0.00047094360654992284
0.00047094277268572293
0.0004709420083404692
0.000470941670548064
0.00047094252489748856
0.000470941762193422
0.0004709421306527406
0.00047094239010031513
0.00047094177582912566
0.00047094167759365035
0.00047094458385549265
0.000470941670548064
0.024421773184359563
0.003107878417131116
0.0008063054145018289
0.0005217116767651797
0.0004778536154239066
0.0004704817489884494
0.0004702086443615361
0.0004698793643106991
0.00046980631056436906
0.0004700013749237564
0.000469785352382901
0.0004697808463478004
0.00046978299831823556
0.00046978291177424136
0.00046978389254748176
0.0004697819466283337
0.0004697828485583644
0.00046978324697466434
0.00046978295422184235
0.0004697839039090046
0.0004697819466283337
0.0004697700277764838
0.00046971504201392955
0.0004694983024391419
0.0004720082794443803
0.0004694629595903277
0.0004694643486500283
0.00046946065794123415
0.0004694593516130774
0.00046946053034796487
0.0004694606143285651
0.000469460670044497
0.0004694606744606866
0.0004694605260864848
0.00046946085123161785
0.00046946103596234856
0.00046946047446599914
0.0004694606719391481
0.0004694615150146464
0.00046946047446599914
0.0004694423793860092
0.00046940792674665666
0.00046955874284737575
0.00046939955954872215
0.0004694042384988939
0.0004694001673095083
0.00046940005655027317
0.0004693992401557101
0.0004694000448501323
0.0004693993868944424
0.0004693993173116584
0.00046939930455069945
0.000469399312209573
0.00046939927716155294
0.00046939931501044363
0.0004693992401557101
0.0004694402137245257
0.0004693797084761586
0.00046936902530470004
0.0004693279037654152
0.0004692874292731575
0.00047038081201244974
0.00046931443961112373
0.0004692908717289779
0.0004692880044537273
0.00046928766523263166
0.00046928741061041945
0.0004692874754758103
0.00046928745699920116
0.0004692874392004942
0.00046928757890774
0.00046928744493340835
0.0004692874668415503
0.00046928741061041945
0.0004696669463724601
0.0004692654554364628
0.00046922043280145376
0.00046984250176607123
0.00046922633500479094
0.0004692204441087422
0.0004692202582630145
0.0004692203938376771
0.0004692204235489661
0.00046922044439978716
0.00046922042746944115
0.00046922042502367534
0.0004692204325308369
0.000469220433053974
0.00046922043249181256
0.00046922043728209184
0.00046922042502367534
0.0004692051213738835
0.0004691749840522452
0.0004691882037544115
0.0004691609415514719
0.00046915669014852
0.00046916087539611295
0.000469156692142203
0.0004691565956345123
0.0004691565391564123
0.000469156494295464
0.00046915653737650276
0.00046915657651264153
0.00046915654472962087
0.00046915653196333285
0.00046915658831553353
0.00046915657846618997
0.00046915657865020943
0.00046915653196333285
0.00046925377809853286
0.00046913562428996247
0.00046911622406498044
0.0004690597229037863
0.0004689881663607065
0.0004712673333668871
0.0004690504892567726
0.00046899447486609125
0.00046898790319843675
0.0004689880907721711
0.00046898780539456064
0.0004689875529212406
0.0004689876412925509
0.00046898757278129866
0.0004689875568180679
0.00046898755543473003
0.0004689875553092193
0.0004689875560403567
0.0004689875559108492
0.0004689875548825051
0.0004689875529212406
0.0005764692793325255
0.0004885398240881411
0.0004725430722219981
0.00046930900385910856
0.0004688035006751856
0.0004687924068814131
0.0004687487868993423
0.0004687073238702766
0.0004699123745664502
0.0004687419388938463
0.0004687133555344447
0.00046870935177972806
0.00046870752005157
0.0004687074980978534
0.00046870766533846364
0.00046870831515005706
0.0004687072923574287
0.0004687074538746727
0.00046870748426713904
0.0004687072923574287
0.00046930577565851284
0.0004687117066141111
0.0004686579871016061
0.00047176117894714986
0.0004687215597123928
0.0004686658974075719
0.0004686594300803426
0.0004686582639004677
0.00046865804072421247
0.0004686579976787564
0.0004686579890570419
0.0004686579874364494
0.0004686579871370222
0.0004686579870586405
0.00046865798715317597
0.00046865798710887807
0.00046865798700179706
0.0004686579868864449
0.0004686579869904173
0.0004686579868864449
0.0004686595500283386
0.00046860638400270105
0.0004715811047278362
0.0004686683437263306
0.0004686135007026526
0.0004686073171085714
0.00046860660339992366
0.00046860642507101646
0.0004686063951078734
0.000468606391815396
0.00046860638748075223
0.0004686063917317407
0.000468606390680526
0.00046860638400270105
0.0004686058521652381
0.00046855557640701484
0.00047141003151657257
0.0004686156143597908
0.00046856334140427114
0.0004685571948674361
0.0004685559473063816
0.00046855565598186155
0.00046855560199104973
0.0004685554875554221
0.00046855554321267867
0.00046855562251102434
0.0004685555891141835
0.0004685554875554221
0.0004685548378526305
0.00046850487663108176
0.00047124275649068625
0.0004685599065731294
0.0004685122994562696
0.0004685063536861156
0.00046850495497968714
0.0004685048578492168
0.00046850495708949946
0.00046850502636708313
0.0004685049545782305
0.0004685049179031231
0.0004685050688876258
0.0004685048578492168
0.0004685057997364517
0.0004684548954338452
0.00047109441368664573
0.00046851102187489557
0.00046846199423666857
0.00046845562411040875
0.0004684549424276985
0.0004684549450437725
0.00046845490287111824
0.00046845444344828513
0.00046845490295632786
0.0004684549013397321
0.0004684544433815607
0.00046845444395915425
0.0004684544433815607
0.00046845400078615596
0.00046840487458094104
0.00047094563961369573
0.00046845952002338986
0.00046841094151856
0.000468406215962891
0.0004684051109489773
0.0004684049249464306
0.0004684048848866418
0.0004684048777951477
0.0004684048108702932
0.00046840479575194216
0.00046840477447029905
0.00046840481437460113
0.00046840487748756043
0.00046840477447029905
0.0004684039862395961
0.00046835497674191373
0.0004708001829214492
0.00046840729138153403
0.0004683611457953485
0.00046835594010508075
0.00046835519203430875
0.0004683550207406073
0.00046835498517122653
0.0004683549783497942
0.0004683549783789931
0.0004683549788876973
0.0004683549800201803
0.00046835497599129194
0.0004683549773437101
0.00046835497599129194
0.00046835462533539873
0.0004683043905798212
0.0004706573004172876
0.00046835637639008887
0.00046831087453080844
0.00046830638516720535
0.00046830498254685216
0.00046830495726590815
0.0004683043873400794
0.00046830462685465424
0.00046830446287288163
0.0004683044717864737
0.00046830458254526475
0.0004683043873400794
0.00046830448827728244
0.0004682560157205917
0.00047052246939432996
0.0004683036034071608
0.0004682620527489134
0.0004682571482279574
0.0004682562142935276
0.00046825605393913117
0.00046825601924371796
0.00046825601459077326
0.00046825601480421364
0.00046825601478678314
0.0004682560115268908
0.00046825601354894
0.00046825601468480915
0.0004682560115268908
0.0004682552712961252
0.0004682064175409728
0.00047038877420535474
0.0004682554575576314
0.00046821258491319684
0.0004682079547582152
0.0004682064355693849
0.00046820644749795415
0.00046820642288503134
0.0004682064214616144
0.00046820641872891144
0.0004682064201991798
0.00046820641764877546
0.00046820642186057304
0.0004682064175409728
0.0004682055892033521
0.0004681576022679268
0.00047025796626670724
0.00046820480237252937
0.00046816414140893325
0.0004681587329889436
0.0004681578028715161
0.0004681577227567679
0.0004681577006631632
0.00046815769545333064
0.00046815769553198994
0.00046815769384850325
0.0004681576022679268
0.0004681570907899002
0.00046810951762338293
0.0004701261286778613
0.00046815460069410397
0.0004681145128926367
0.0004681104819808102
0.000468109725227428
0.00046810955923337616
0.00046810952645098824
0.0004681095204866481
0.00046810951669151724
0.00046810951798831324
0.0004681095190478546
0.00046810951854547866
0.0004681095185685158
0.00046810951669151724
0.0004681082766455624
0.0004680611032683024
0.00047000336701080725
0.00046810568705518696
0.0004680667561680063
0.0004680619104869832
0.0004680612761727154
0.000468061003750575
0.0004680610783067696
0.00046806100041896226
0.0004680611218954578
0.0004680611570370141
0.00046806103280006006
0.00046806105642077656
0.00046806100041896226
0.0004680597414367105
0.00046801400620039013
0.00046989558539189957
0.00046805420258044794
0.00046801771486981725
0.0004680150702982555
0.00046801427814913144
0.00046801403987728474
0.00046801410930685794
0.00046801401637608375
0.0004680140037708891
0.000468013991263283
0.00046801402052226715
0.00046801400381046854
0.00046801402200274955
0.000468013991263283
0.0004680112161450367
0.0004679650551958625
0.00046978470013653295
0.0004680079292042061
0.00046797055506631047
0.000467964710031632
0.00046796769552565065
0.00046796553235844973
0.0004679647899884509
0.00046796455136782766
0.0004679646424146089
0.0004679647044821822
0.0004679645551223799
0.00046796454808173404
0.0004679645206704386
0.00046796452212938267
0.00046796454903313967
0.0004679645206704386
0.0004679670439456385
0.0004679213270257776
0.00047000197103408414
0.00046796779542773725
0.00046792723868466224
0.00046792366066283897
0.0004679212414142597
0.00046792076379897907
0.0004679204669995607
0.0004679204262399428
0.0004679230486914765
0.0004679203130451004
0.0004679201952540457
0.0004679217849800632
0.00046792013734181515
0.00046792201294715285
0.0004679201462940985
0.00046792019349162217
0.00046792006236573425
0.00046792021084796076
0.00046792018766667054
0.00046792006236573425
0.00046792619446511807
0.00046787831555222814
0.0004704101053785714
0.00046793174737713716
0.00046788568903499694
0.00046787991725438793
0.00046787861480246384
0.0004678783694622157
0.0004678783249870144
0.0004678783183196811
0.00046787831355604714
0.00046787831606504016
0.00046787831746986086
0.00046787831008487935
0.00046787831612882247
0.00046787831377409494
0.00046787831008487935
0.00046788451825197086
0.000467835827062002
0.0004708511994528375
0.00046789858499018955
0.00046784265594412844
0.00046783841985775787
0.0004678376156484476
0.0004678357112541942
0.00046783700491670466
0.00046783384684123686
0.00046783636835479037
0.00046783384684123686
0.0004678338501055701
0.00046783384684123686
0.00046784391033483086
0.00046779267544161396
0.0004713930350709883
0.00046786492957240355
0.00046780298164844636
0.0004677948697847656
0.00046779380481054567
0.0004677944915431609
0.00046779273449493175
0.00046779267983976247
0.00046779268811508734
0.0004677929537692527
0.00046779267544161396
0.0004678079301801974
0.0004677558092323064
0.00047203794590777726
0.00046783556759882883
0.00046776361528660937
0.00046775832921869265
0.00046775648892116717
0.00046775591869180344
0.0004677558209888466
0.00046775581861313587
0.0004677557994454684
0.00046775582628572066
0.00046775581428759594
0.0004677557994454684
0.000467771496691638
0.00046771851351412597
0.0004728076646181023
0.00046780646250516034
0.00046772782690268633
0.0004677196739989453
0.00046771884970520095
0.0004677191078207854
0.0004677184807055368
0.00046771860175098823
0.0004677185639805903
0.0004677185755648239
0.0004677184807055368
0.0004677357097874757
0.0004676821581564017
0.0004737270327057064
0.0004677749213675697
0.00046769305287003293
0.0004676838980692266
0.0004676824366607879
0.00046768220559084694
0.0004676821635203887
0.00046768215723930195
0.0004676821591775293
0.00046768215748915765
0.00046768215719245054
0.0004676821571414358
0.0004676821576238832
0.000467682158038607
0.0004676821571414358
0.00046770540765073143
0.0004676463134727915
0.00047482730258874284
0.0004677422885439597
0.0004676571355103354
0.0004676506183383111
0.0004676464635569033
0.0004676486092032861
0.0004676444461464979
0.0004676456647126903
0.0004676444461464979
0.00046767613186649015
0.0004676163340599504
0.00047613319890676964
0.00046770870747575577
0.0004676249082383732
0.0004676178391456731
0.0004676164967569729
0.00046761636229020187
0.0004676163449195414
0.00046761606676148926
0.00046761625779934146
0.00046761606676148926
0.00046761606676148926
0.000467616338119925
0.00046761606676148926
0.00046761633567410366
0.00046761606676148926
0.0004676515643567414
0.0004675904814186449
0.00047768442537210465
0.0004676631368175088
0.00046759654564432207
0.0004675911353513307
0.0004675905521687729
0.00046759049896055727
0.000467590489269587
0.0004675904783755791
0.0004675904783755791
0.0004675904783755791
0.00046763057505233574
0.00046756654192114944
0.0004676134506831353
0.0004675480876855098
0.000467602813303325
0.00046767614851989103
0.00046735759336702376
0.0004673469659499663
0.0004673159396179072
0.0004672962082132859
0.0004672994482819437
0.00046728911269156015
0.0004672825023239735
0.000467285727113409
0.00046728373082005614
0.00046728229109693764
0.00046728151331143497
0.0004672812993797848
0.0004672814131262415
0.00046728148910268885
0.00046728150830432913
0.00046728151185371214
0.00046728151202202195
0.00046728151207070523
0.0004672815123777929
0.0004672815121996021
0.0004672815126197105
0.00046728151221520076
0.00046728151185371214
0.00046727576746341537
0.0004672407641468923
0.0004685103048671646
0.000467274575975396
0.0004672451263382227
0.00046724334458159156
0.0004672409230609409
0.00046724080879650964
0.00046724076059923014
0.00046724079832327625
0.00046724074832737994
0.0004672406140813212
0.0004672406752810332
0.00046724074799897597
0.000467240775368305
0.0004672407530030287
0.0004672406140813212
0.00046725584940399134
0.0004672266404030512
0.0004672265566263989
0.0004672083633496249
0.0004671913675988737
0.00046719374830467286
0.0004671916654522823
0.0004671913014185902
0.0004671913591680621
0.0004671913693690133
0.0004671913719447862
0.00046719136777745307
0.00046719136941164585
0.00046719137110262654
0.0004671913714813236
0.0004671913675988737
0.00046717674856855407
0.00046715573259537013
0.000467145979259842
0.00046714688726795517
0.00046713827511368766
0.00046713461712866167
0.0004671383393164419
0.0004671382702468585
0.000467137568606113
0.00046713758359134827
0.0004671374254873184
0.0004671374636365244
0.0004671375224956087
0.00046713754843541455
0.0004671375663556354
0.0004671374533886663
0.0004671376306318864
0.0004671374254873184
0.0004671763383956029
0.0004671239255776283
0.00046711371479213337
0.00046707345496410646
0.00046691919022778805
0.00046906395074014506
0.000466888337427529
0.000466891936649505
0.0004668870900423894
0.0004668872685097414
0.0004668885742667994
0.00046689002381178346
0.0004668871200157465
0.0004668872280693126
0.00046688697477742513
0.0004668873177256505
0.00046688728876170815
0.00046688736750860604
0.00046688700693964247
0.00046688697477742513
0.00046687567751524384
0.00046685683501951347
0.00046680289339318115
0.00046699131521105164
0.0004667924829198089
0.0004667930857177316
0.00046679298619023424
0.0004667929375632984
0.0004667933787594891
0.0004667920177502949
0.00046679322530002176
0.0004667926960509883
0.0004667920931709091
0.0004667896631481705
0.00046679277850236733
0.0004667896631481705
0.0004728865147745065
0.00046801796963746867
0.00046691268703380473
0.00046674132588425676
0.0004667331073623382
0.0004667121310643618
0.00046673512796346905
0.00046669413147371053
0.0004666832733969395
0.00046668687647105633
0.0004666805479257019
0.0004666775547709223
0.00046667923646115383
0.00046667944863676425
0.00046667672282901806
0.00046667981303649686
0.0004666771422544014
0.00046667702947406076
0.0004666775877795737
0.00046667675946127085
0.00046667672282901806
0.0004666677477354608
0.00046663864038093417
0.00046674652656891746
0.0004666350925592866
0.00046663702295651754
0.00046663633054550013
0.0004666373536735824
0.00046663701045979167
0.00046663652581335757
0.0004666363537154661
0.00046663640042954313
0.0004666363778679794
0.0004666363463520784
0.0004666363604273749
0.0004666363502479065
0.0004666363613015645
0.00046663635303040296
0.0004666363463520784
0.00046662594892704634
0.00046659663392872863
0.00046676130659334403
0.00046659309941288196
0.00046659149487560114
0.0004665932068916301
0.00046659370756457763
0.0004665925871732979
0.00046659166348494985
0.00046659168634005654
0.00046659129852277825
0.00046659172923180225
0.0004665916383282953
0.00046659129852277825
0.00046658608332122986
0.0004665530054161482
0.0004672880380368061
0.0004665703814331068
0.0004665553217782503
0.00046655346240404016
0.00046655347539154013
0.00046655314767563016
0.0004665537619993332
0.0004665530971432186
0.00046655314285143357
0.00046655347064467056
0.0004665530054161482
0.0004665566379631336
0.00046652230229171643
0.0004685116473474027
0.0004665701099895725
0.0004665277439411808
0.00046652313249867516
0.0004665216607889211
0.0004665208760982198
0.00046652017031056925
0.00046652032175475977
0.0004665204490024166
0.00046652025292054367
0.0004665210605607206
0.00046652078122316754
0.00046652017031056925
0.00046652047760176174
0.00046652017031056925
0.00046654619086383686
0.0004665196153078033
0.0004665116544206871
0.0004664875695391535
0.00046646602508487733
0.00046647006997135865
0.0004664667138307155
0.00046646612640371954
0.00046646606058281526
0.0004664660269495524
0.00046646602690780803
0.0004664660601609305
0.0004664660599358328
0.00046646602147598637
0.00046646604295158545
0.00046646602147598637
0.0004664537928157908
0.000466432371146297
0.000466429235996102
0.00046642255292506096
0.0004664165584805646
0.0004664154210584637
0.00046641437878364167
0.00046641404855396473
0.0004664137081655251
0.00046641475647069
0.0004664148724130568
0.00046641370860439624
0.0004664137143393643
0.00046641371204986237
0.000466413713307523
0.000466413708361868
0.00046641372354760957
0.0004664148865481943
0.0004664137081655251
0.00046650342579246384
0.00046639946451254577
0.00046638489079220413
0.00046634175871673733
0.00046628114861713144
0.00046801527852091684
0.00046633105515986317
0.0004662875474211181
0.00046628327655440227
0.00046628054703440336
0.00046628050155311795
0.0004662812429845342
0.0004662817040588241
0.00046628310262553097
0.00046628316184904595
0.0004662829550763914
0.00046628054703440336
0.0005491956964130962
0.0004815740542061242
0.00046909133687816906
0.00046654288456210447
0.00046614386824994636
0.0004661348691175071
0.0004661053768650336
0.0004660921419596953
0.00046608924520513684
0.0004660831416854472
0.00046607467300574523
0.000466076399161075
0.0004660752021326542
0.0004660742486962133
0.00046607414341914843
0.00046607522834679616
0.00046607410842020025
0.0004660742310382826
0.0004660743231890141
0.0004660739102639866
0.00046607404346593606
0.0004660740863274837
0.0004660739102639866
0.0004661405243573946
0.0004660562857622952
0.00046604711455622283
0.00046601229210840867
0.00046589585132467137
0.0004739218015181734
0.00046585712230218235
0.0004658486910607551
0.00046585275619792643
0.0004658500479430838
0.00046584842378405433
0.0004658483977468819
0.00046584864194970654
0.00046584877336269814
0.00046584854069470216
0.0004658501711810037
0.00046584838533525463
0.00046585015957256726
0.00046584840690822027
0.00046584838533525463
0.0004658386495077771
0.00046582550444196347
0.0004662776155526238
0.0004657959600264938
0.00046577907570560795
0.0004658860936549436
0.0004657764945820708
0.00046577833210065256
0.00046577929822561037
0.0004657790116290861
0.0004657795294625289
0.0004657789910967325
0.0004657789838656279
0.000465778960327623
0.00046577897537353197
0.00046577897572586124
0.0004657789659822664
0.0004657789624915032
0.0004657789596118067
0.0004657789647232735
0.0004657789596118067
0.0004657696774924003
0.000465744775722976
0.00046591510271470904
0.0004657201494537855
0.0004657097813408062
0.00046575201860832305
0.0004657087773929369
0.00046570829079378706
0.0004657101663558816
0.00046570843356713576
0.00046571073892459625
0.00046570808804019537
0.00046570803042333964
0.00046570863266881535
0.0004657080177878359
0.0004657080137189795
0.0004657080120645807
0.0004657080131473812
0.0004657076777558333
0.00046570768210674185
0.00046570809101392774
0.0004657076777558333
0.0004656989046816218
0.0004656825234884421
0.00046563535802024436
0.00046573922853992977
0.00046562144924872095
0.0004656184498218474
0.0004656200825446932
0.00046561915701615053
0.00046561678682327523
0.0004656172894179633
0.0004656172854173857
0.00046561679537016065
0.00046561679306722503
0.0004656165633986631
0.0004656167831718627
0.0004656164758078396
0.0004656168736676958
0.0004656165574012938
0.00046561679109147214
0.0004656167946629486
0.0004656164758078396
0.0004729888487554623
0.0004671299350970659
0.0004657994478231564
0.00046556842290523814
0.0004655579611024807
0.0004655175682093393
0.000465373181112283
0.0004650427762410425
0.00046775140579513597
0.00046502979476453765
0.00046503267511111
0.00046502770776785107
0.00046502430846939724
0.0004650236287586651
0.0004650236820837317
0.0004650220640092795
0.00046502385068891705
0.00046502112108692817
0.00046502347307314507
0.0004650239970516168
0.0004650233568267992
0.00046502120182939644
0.00046502109195439845
0.0004650218767858205
0.0004650212079939098
0.00046502120149105597
0.00046502121330621593
0.00046502109195439845
0.005561033810253746
0.0010594430815688005
0.0005495401142666112
0.00047879094312419657
0.0004667248933405421
0.00046468440216423934
0.0004645702099425053
0.0004677177491260731
0.0004645971622766476
0.0004645730400609227
0.0004645711262541985
0.00046456983200371393
0.00046457074775291263
0.0004645702314157729
0.00046457110107561705
0.0004645698569533674
0.00046456983200371393
0.00046455925473543047
0.00046453918450012344
0.0004645798750548824
0.00046452958861586957
0.00046452847969569167
0.00046453209452418376
0.000464529352612153
0.00046452958331894
0.0004645294239041253
0.0004645296360391016
0.0004645298358519345
0.0004645293627005831
0.0004645293617826507
0.0004645295323990606
0.00046452935379115434
0.000464529352612153
0.0004645296261766019
0.00046450205022313673
0.0004657359532918015
0.0004645343240695654
0.0004645052377265646
0.0004645038989290473
0.00046450294527272673
0.00046450232952988113
0.00046450271308612345
0.00046450311647122655
0.0004645023878334653
0.00046450204861625544
0.00046450201881736985
0.00046450222730365365
0.00046450201881736985
0.00046450201881736985
0.00046450235032763354
0.00046450201881736985
0.00046452788865131156
0.0004644802849128049
0.00046447367882879176
0.0004644717554301292
0.000464481890036339
0.00046445479522089217
0.0004644433784862234
0.0004644435222147525
0.0004644417658551392
0.00046444421555152937
0.0004644431964420659
0.00046444436946163625
0.00046444487584912375
0.00046444339106532784
0.00046444306451703943
0.0004644432571840884
0.00046444306451703943
0.00046444305572534983
0.0004644430536001609
0.0004644362182545936
0.00046440167155648027
0.00046427459512932145
0.00046392635767111834
0.00046509116407034146
0.00046384675858213154
0.0004638330650185707
0.0004641771090140856
0.0004638548231326589
0.00046383574124414517
0.000463833899813193
0.00046383325766458094
0.00046383318055537304
0.0004638330999653384
0.0004638330659843537
0.0004638330637641852
0.00046383306808395197
0.00046383307319020073
0.00046383306824709924
0.0004638330716030814
0.0004638330728137796
0.0004638330637641852
0.013596132179265696
0.0018958688127260759
0.0006470789631492502
0.0004917801607031147
0.0004676246277439122
0.0004635619591461526
0.00046341160614110644
0.00046324087177157525
0.00046320443268887956
0.00046327911846416603
0.000463194227569963
0.0004631862505421469
0.00046321190697767856
0.0004631909523022948
0.00046318674371415014
0.0004631878844064685
0.0004631877667088391
0.00046318646862336665
0.0004631861568775708
0.0004631859504801161
0.0004631859032394603
0.0004631870051690634
0.0004631861995192388
0.0004631859032394603
0.0004631816454222504
0.0004631673733284658
0.0004631282784960944
0.00046310533390608866
0.00046524776992817873
0.00046318252989485664
0.00046311613236765803
0.0004631095373164307
0.00046310692601758685
0.00046310481847006146
0.0004631044509240123
0.00046310447931086074
0.0004631044968811948
0.00046310443635294574
0.00046310446504438385
0.0004631046612079137
0.0004631045068336781
0.0004631047453873549
0.00046310443635294574
0.0005882242517619152
0.0004844640316136739
0.00046694270838698593
0.0004635304361148562
0.0004629536956493596
0.00046293744087289035
0.00046293480924985975
0.0004629346167055459
0.0004629284785344079
0.00046292723403940084
0.00046292736600062057
0.0004629268059342384
0.00046292723742047404
0.0004629273382806276
0.0004629273606482909
0.00046292736491143627
0.0004629273657612565
0.00046292736610104024
0.0004629273663631084
0.0004629273662223321
0.0004629273660464728
0.0004629273660132771
0.00046292736600062057
0.00046294169843613675
0.0004629494599704409
0.00046291735295639347
0.0004629031512344839
0.0004628958319927712
0.00046289642161029265
0.00046289338055738316
0.00046289197498300405
0.00046289298584295535
0.0004628927198441768
0.00046289253808873276
0.0004628926801657496
0.0004628927115298831
0.0004628927185150178
0.00046289271935751053
0.00046289271904459417
0.0004628927183223941
0.00046289271912414165
0.00046289271946325927
0.00046289271920235686
0.0004628927194508248
0.0004628927192428245
0.00046289271904459417
0.0004628848685587217
0.00046286614804968984
0.00046300572894092396
0.00046284740993662865
0.00046283474154851234
0.00046287057873928283
0.0004628352090241816
0.0004628340707787393
0.0004628334929764333
0.0004628348688340833
0.000462833123229367
0.00046283524437029655
0.00046283356386650487
0.0004628332972867466
0.00046283324133944426
0.00046283330589003135
0.0004628333037666743
0.000462833123229367
0.0004628260809135254
0.0004628104509453723
0.0004627792254058849
0.00046307550469287806
0.0004627801386097863
0.0004627797416812407
0.00046277935585731234
0.0004627791883454746
0.00046277921739645844
0.0004627792246243989
0.00046277922730031396
0.00046277922515575165
0.00046277922670984184
0.00046277922665416416
0.0004627792243367401
0.0004627792251835072
0.00046277922692450346
0.00046277922746712497
0.0004627792243367401
0.00046380490532543783
0.0004629274961183705
0.0004627593296980259
0.0004627460024040353
0.0004627239202981692
0.0004631181168159859
0.00046273204896657427
0.0004627235984660527
0.0004627237169874121
0.000462723980346913
0.0004627238992419014
0.0004627239661775806
0.0004627240019854373
0.00046272390066254276
0.00046272392275403806
0.00046272388842494294
0.00046272391250162803
0.00046272384372475495
0.00046272384606788064
0.00046272384372475495
0.00046337876350954765
0.00046277740676303747
0.00046270117814700695
0.00046269523775815946
0.0004626844457515378
0.00046269939911447455
0.00046266967872538034
0.0004626603694129483
0.0004626603908900462
0.00046265698649905485
0.0004626559928299634
0.0004626569496528621
0.00046265668052708486
0.00046265684987167877
0.00046265671917899986
0.0004626567055086017
0.00046265668643591384
0.0004626566849179614
0.0004626566837868662
0.00046265669071843263
0.00046265667154965495
0.0004626489791829669
0.0004626347251394658
0.0004625939464693585
0.00046259779737134465
0.0004625761285529384
0.0004625670547427907
0.0004625646247837789
0.00046256324971150065
0.0004625617305887286
0.0004625621833433957
0.0004625614408388379
0.0004625619291640515
0.0004625591153994413
0.00046256207361938806
0.00046256115087889293
0.0004625591235705717
0.00046255911689113693
0.00046255911661796656
0.0004625591174176602
0.0004625591173662569
0.0004625591148240127
0.00046255911589815346
0.0004625591148240127
0.0004802757943849212
0.00046620646186806836
0.00046318419098850816
0.0004625503616232929
0.000462494044018269
0.0004646778781270955
0.0004625336439074146
0.00046249953257676557
0.0004624956802131708
0.0004624941735908439
0.00046249406470944
0.00046249408754456267
0.00046249399485648324
0.00046249413626997526
0.00046249418557919864
0.00046249399485648324
0.000462490561667972
0.00046245762573143834
0.00046311347124194935
0.0004624705056930356
0.00046245827635382764
0.00046245680503415043
0.0004624571327012106
0.0004624568578518451
0.0004624568155450759
0.00046245680615786267
0.00046245680412665413
0.0004624568043336552
0.00046245680392853483
0.00046245680348050433
0.00046245680477879914
0.00046245680339257467
0.0004624568059265477
0.00046245680430589964
0.00046245680428097513
0.00046245680339257467
0.00046245019715940305
0.00046242698910892166
0.00046264767823372965
0.0004624280526386859
0.0004624263067926071
0.00046242694798981354
0.00046242688532838194
0.00046242689803233095
0.00046242689019598826
0.00046242688434422474
0.00046242688664416276
0.00046242688940684173
0.0004624268864973913
0.0004624268847870927
0.0004624268887838401
0.0004624268868779202
0.0004624268847870927
0.0004624198853628858
0.0004623990242200726
0.0004624485787426691
0.00046239333682523975
0.00046239240511336543
0.00046239287235028126
0.0004623919929721554
0.00046239165244488234
0.0004623918292810947
0.00046239081867133214
0.00046238992509289867
0.0004623916918496951
0.00046239271930931247
0.0004623933310026751
0.0004623897967544477
0.0004623934920174322
0.00046239334190723014
0.0004623897967544477
0.000462416824871803
0.0004623833846004177
0.0004623770941806771
0.0004623567593351474
0.0004623304228308922
0.0004630288129606752
0.0004623492294331122
0.0004623333952130104
0.00046233227165254354
0.0004623302017004449
0.0004623305519046439
0.00046233021484259895
0.00046233020633668076
0.0004623302032369936
0.00046233020136848824
0.00046233020252256507
0.0004623302022837561
0.0004623302004942431
0.0004623302030613008
0.0004623302011915742
0.00046233020138058967
0.0004623302004942431
0.0004625598865156122
0.00046231870048896173
0.0004622937405902028
0.000462496056239714
0.0004622931856521073
0.0004622941565429195
0.000462293493598942
0.0004622916832183188
0.000462293298420291
0.0004622911510128169
0.00046229119711138633
0.0004622912610758867
0.0004622916195558546
0.00046229113956791634
0.0004622912579714811
0.00046229122488883334
0.00046229113956791634
0.000462283876833558
0.0004622676736268927
0.00046224508873671244
0.0004628075218144345
0.0004622627025857029
0.0004622486995775055
0.0004622460533361128
0.00046224615414286463
0.00046224521615384484
0.0004622454772959528
0.0004622457197032137
0.00046224572553815735
0.0004622457403705149
0.00046224508873671244
0.00046414342797301833
0.00046255720426141567
0.00046222461681855176
0.00046219651130907646
0.0004625187216919513
0.0004621992795900143
0.0004621951488589793
0.0004621951357177134
0.00046219452961998586
0.00046219592911050933
0.0004621958699629891
0.0004621943639637194
0.0004621942606417573
0.00046219413242193363
0.00046219410040920783
0.0004621939212414161
0.0004621930913333294
0.00046219306414002626
0.0004621936219902367
0.00046219304170208586
0.00046219320790197305
0.00046219304170208586
0.00046218831588351605
0.0004621659657477739
0.0004622114601338656
0.0004621616595302802
0.0004621608027287061
0.00046216155552608607
0.0004621615154805081
0.0004621616625763991
0.0004621614772080118
0.0004621607066442879
0.0004621597805951061
0.00046215921806957994
0.0004621590964012934
0.0004621615091675024
0.0004621589122830172
0.0004621589024773054
0.0004621621814595023
0.00046215885600719986
0.00046215891303291734
0.00046215891238937656
0.00046215899035956243
0.00046215888926381954
0.00046215885600719986
0.00046217371605994373
0.00046217996482189605
0.0004621520960064185
0.0004621360898631188
0.00046213146115697823
0.0004621330428174475
0.000462129095559094
0.00046212657522465284
0.0004621279194544914
0.0004621275434460448
0.0004621279588343241
0.0004621265700743282
0.00046212657505900756
0.00046212652590443826
