-1.2523176360983437
-1.5691754629758004
-3.261456052037678
2.540611569091483
-1.7433908383334924
-3.3092481728982355
1.4125943878799936
-1.165660456941663
1.1397421803487868
7.477829797187692
-3.304560361982538
-17.92934190106333
0.929338038976082
-1.8972195712648023
-2.670274827951136
-0.7968914506236164
-3.067955401934138
-3.027907846396814
-3.084009302262842
-3.0719413428475986
-3.0687801340413383
-3.068110325217511
-3.067988257976389
-3.067961992111587
-3.067956309063619
-3.067955520104515
-3.0679554242280256
-3.06795535673554
-3.067955357296329
-3.067955384940582
-3.0679553935414376
-3.067955357296329
-2.3189232223711405
-2.9528269090183366
-2.56684721876403
-3.2411656282106738
-0.8665619409435107
-3.428906358116411
-3.331133991866671
-3.261460483254008
-3.2454411227726543
-3.2420596705723708
-3.241353329490195
-3.2412088164353974
-3.2411708161883377
-3.2411675979421455
-3.241163609469644
-3.241166079794078
-3.241163611419329
-3.24116343037887
-3.2411668437526666
-3.2411634290317037
-3.241163609469644
-2.452590177455543
-3.2372120049586197
-0.7638077836184016
-3.482959220362081
-3.3435628860090434
-3.260874165919934
-3.2421678690155136
-3.23823521070474
-3.2374172066081344
-3.2372564106834614
-3.2372206994206287
-3.2372138482951898
-3.2372123862769113
-3.2372120959751913
-3.237212025021127
-3.2372120026063618
-3.2372120049586197
-2.3541277572181225
-3.224251985967207
-0.4409595827495486
-3.475872991151309
-3.342471998838135
-3.2505009224950947
-3.2297266910422575
-3.2253836525295703
-3.224500548072441
-3.2242992273726654
-3.22427139910086
-3.224265142470453
-3.2242663370901354
-3.2242552635360733
-3.2242556065229753
-3.2242509118926312
-3.224253524104607
-3.2242509118926312
-2.263905027937593
-3.208029199540405
-0.21649443932977913
-3.472806558130001
-3.336494594058456
-3.236446878167874
-3.213927585542866
-3.209219958852004
-3.2082769404452263
-3.2080851438436886
-3.2080408866727663
-3.208035199063923
-3.2080300984148025
-3.2080293499974526
-3.2080291847728737
-3.2080293040424497
-3.2080291279799145
-3.2080291532104845
-3.208029172493119
-3.2080291279799145
-2.1798502420012995
-3.1897629287481877
-0.07158142994387709
-3.477739814391152
-3.3272747802107765
-3.2199681175705517
-3.1959936985152204
-3.1910288843648984
-3.190016606538255
-3.1898162836188755
-3.1897738760991383
-3.1897650810728506
-3.18976432519278
-3.1897638209899117
-3.1897637284027116
-3.189762827489526
-3.1897628688610076
-3.189762827489526
-2.0988281872695635
-3.1705131380609655
0.022532918097100417
-3.4900572130034817
-3.3163728086659323
-3.2022854849312026
-3.1770399453393603
-3.1718343907042423
-3.1707667324886084
-3.1705530126566117
-3.170509678248993
-3.1705141138681863
-3.1705134965829025
-3.1705131967078155
-3.170513272733555
-3.1705131949158187
-3.1705132444695905
-3.170513224008779
-3.170513272733555
-2.018103054160487
-3.1510683304828526
0.08481041011210698
-3.509629363739519
-3.3047947895703964
-3.184243037731029
-3.157861688543499
-3.1524491582213985
-3.151352128573736
-3.1511355094764526
-3.151079832174227
-3.151070940401614
-3.1510702983979395
-3.151068578031327
-3.1510696199598653
-3.151069192106672
-3.151067972275564
-3.1510692239264997
-3.151067972275564
-1.9355994351843897
-3.1320347814833602
0.12516619938819992
-3.536038937235015
-3.293320424465557
-3.166503417828562
-3.139064168224632
-3.1334512726935544
-3.132328161301756
-3.132102469135358
-3.1320523678713643
-3.13203518032398
-3.132038137823376
-3.1320363464253598
-3.1320366657369654
-3.1320369432321855
-3.1320388158969332
-3.1320366657369654
-1.8498036435209948
-3.1137420293823848
0.1468809752818491
-3.569643793123588
-3.2823954177924732
-3.149368339865846
-3.1209651162411287
-3.1151818419393953
-3.1140026127831626
-3.1137836732714868
-3.1137393416576087
-3.1137445348210435
-3.1137425062163944
-3.1137421192618233
-3.1137410578017266
-3.113742031432139
-3.1137420293823848
-1.7596381224301003
-3.096394415574249
0.14979349706763506
-3.6107003502193065
-3.272140945563115
-3.133118190325177
-3.103810723848496
-3.0978937087683818
-3.096700330549112
-3.0964558897981873
-3.0964071285986283
-3.0963968799474917
-3.0963949203830117
-3.0963944990890044
-3.0963944508945174
-3.096394174724393
-3.096394415574249
-1.6637468267901652
-3.080148247553106
0.13216088787262398
-3.65918672801146
-3.262544677757231
-3.117780359969292
-3.0876958879164644
-3.081645653384202
-3.0804539398266604
-3.0802111918239117
-3.080154231698418
-3.080153746636955
-3.0801462887949245
-3.080146677514307
-3.080147847085023
-3.0801479445136293
-3.0801480957320417
-3.0801479445136293
-1.56081255042163
-3.0649488520358443
0.09113388059171977
-3.7144206711041554
-3.253310389986075
-3.103305972293624
-3.0725752063490734
-3.0664432893642655
-3.065257409125383
-3.0650066676997683
-3.064959695172731
-3.0649512577088585
-3.064949323780595
-3.0649489567368264
-3.0649488806235548
-3.064948925079278
-3.0649488811174703
-3.0649488806235548
-1.4488043905922505
-3.050670917021681
0.024934285605621494
-3.7745465950854244
-3.2439898775983704
-3.0894733146362325
-3.058340680307064
-3.05219758867557
-3.050977132847759
-3.0507249536619967
-3.0506812333866216
-3.0506728234568246
-3.0506713379458623
-3.0506709569337707
-3.050670979669372
-3.050671001870305
-3.0506709342717064
-3.050670979669372
-1.3250603070970004
-3.0372383835713768
-0.06540160652718688
-3.8358788396517602
-3.2336631128711657
-3.07603488457843
-3.0448186850993237
-3.0387232147701986
-3.0375353484829266
-3.0372965216563057
-3.037250384410989
-3.037240693562245
-3.03723882769138
-3.037238569003776
-3.037238388083958
-3.0372385022189636
-1.185355609517525
-3.02462863373771
-0.17234899980566057
-3.8938995047889424
-3.2218255633225525
-3.062864423553394
-3.0320175123867634
-3.026071757234085
-3.0249179273562476
-3.024680693038622
-3.0246380787448817
-3.0246356667981527
-3.024632288281968
-3.024631037656405
-3.024630504432086
-3.024630722249608
-3.0246356667981527
-1.0238168336151403
-3.01363331549284
-0.2765859933567594
-3.940125762584046
-3.207209333251418
-3.0502266770616107
-3.0205391024817287
-3.0149415283587406
-3.0138825378956198
-3.013683493636378
-3.013643144856387
-3.013634243506299
-3.013637487992934
-3.0136300139294665
-3.013645821639846
-3.0136309764607283
-3.013645821639846
-0.8311326234639513
-3.0067094599081434
-0.3368920272870228
-3.9578866984680086
-3.187828494418159
-3.0396227269463463
-3.0127159125526344
-3.00778801534812
-3.0068924299415745
-3.006739568099918
-3.006716428084485
-3.006706444993069
-3.0067165108420126
-3.0067106175932037
-3.006708283778418
-3.006708157164389
-3.0067034504489847
-3.006708283778418
-0.5933403074595861
-3.0101365294054774
-0.28236762953231687
-3.896175813706681
-3.157431916488585
-3.0347045240313895
-3.0142631860740434
-3.010829377418448
-3.010247918912362
-3.0101510500931132
-3.010135190650594
-3.010132688601295
-3.010135378212092
-3.0101365029527103
-3.0101365294054774
-0.28853948401230994
-3.0371666823866015
-0.025146839062792734
-3.5354125089009254
-3.092505899848601
-3.043567878839875
-3.0379060143113765
-3.0372519062096353
-3.0371791723296786
-3.0371656155166677
-3.037171159224659
-3.037164841248936
-3.0371666811634705
-3.037171159224659
0.1169118643073373
-3.293782466482132
-1.3183877239868544
-1.6960662220307727
-3.118817734269968
-1.9377121515229196
-2.149558911554802
-2.6459457360541228
-2.2479283500508753
-2.3278308894085735
-2.392307228216105
-2.44407970492908
-2.4031668777400848
-2.3945967631617537
-2.39279431026958
-2.3924100656212417
-2.3923312760722255
-2.3923490517712707
-2.392362712838737
-2.3923492689990504
-2.3923461183723327
-2.3923454939040227
-2.3923498985064606
-2.3923501169019716
-2.3923449147647475
-2.3923498584906002
-2.3923501169019716
-0.5363370974877858
-2.867328115885742
-3.3641931868505757
-3.7962955317431955
-3.018987404642085
-2.8937109171622155
-2.8719774523090726
-2.868138283585495
-2.8674653843805413
-2.8673401752840766
-2.8673192711465734
-2.867322841985257
-2.8673172913211453
-2.867321332285303
-2.8673245023626386
-2.8673192459536176
-2.8673154279341277
-2.8673192459536176
1.0856197101325038
-1.4002905923457145
-1.504390098391857
-1.9288038760125068
-3.65035799664096
-6.503931041748277
-4.637655978591562
-3.849953070228213
-4.011758047236045
-3.883838413638921
-3.8570926509053987
-3.8514705950852326
-3.850274242977362
-3.8500343921860116
-3.849978185578245
-3.8499577051499916
-3.849964836929884
-3.8499616945173507
-3.8499671618456093
-3.849959474751256
-3.849961205123
-3.849965983558273
-3.8499640547376854
-3.849967216019466
-3.849965983558273
0.08595347514017196
-4.158045551116379
1.348102720209441
-1.616642635626345
-0.1281506381457074
-0.5996893335666337
-2.482074317061788
-0.8911934676603154
-1.1248984497949923
-1.809646069381547
-1.2470154753810008
-1.344213329189969
-1.5774271274092533
-1.3871971858375198
-1.3528131287426195
-1.345960601469651
-1.3445673290685192
-1.3442853468879257
-1.3442280010246066
-1.3442163057415417
-1.3442139653699476
-1.3442134474772511
-1.3442133715602484
-1.3442133369629394
-1.344213351358484
-1.3442133369629394
-0.12603337607828538
-1.2166437023164332
-5.106748430645261
-1.5346297142818486
-1.2757687627943286
-1.2289981413257318
-1.2387386811921381
-1.2464227728281736
-1.2403597108374393
-1.2390959403746153
-1.2388331540981392
-1.2387530590835094
-1.238744122812362
-1.2387376484403718
-1.2387374565685463
-1.238740896099799
-1.2387400142112617
-1.2387377703824949
-1.238739806922099
-1.2387374565685463
-0.05716335728364264
-1.1665195971455982
0.018537946479159
-1.399432877814783
0.4290816464759174
-1.6226538163959006
-0.19007618295875622
-0.36538678425364474
-1.0728265904350636
-3.777493150740844
-1.3538428462809824
-1.127890352265475
-1.1725096624018596
-1.2085134981223618
-1.237509415363852
-1.2145603065684925
-1.2097850403863857
-1.208782846281511
-1.2085778567515888
-1.2085287753239988
-1.2085209987586205
-1.2085176768285257
-1.2085146502657693
-1.2085186098873786
-1.2085219478974558
-1.2085216199446516
-1.2085146502657693
1.6057491816435463
0.2595042295353819
-1.1285858665491448
-0.21608150808896537
-0.31724059374066865
-0.7227945076406628
-2.3164498738543635
-0.9204358649385912
-1.113569302240396
-1.7226053423916132
-1.2214989689460536
-1.3129763929380103
-1.5184802270066278
-1.3536771083457266
-1.3214588873953574
-1.3147631135234104
-1.3133538118541885
-1.3130557351638985
-1.3129929026684009
-1.3130062253775239
-1.3129957155674068
-1.3129935136600641
-1.3129929774959246
-1.3129933177495594
-1.3129930358604245
-1.3129931367889611
-1.312993106434193
-1.3129930358604245
4.167084824216966
2.1509898701645307
0.5418849999314573
-0.9898002585047203
-0.08186116624915703
-0.190826373688325
-0.6287312689051507
-2.3588147993055006
-0.8215756028537617
-1.0057806774439264
-1.6907010820538046
-1.1128023098304332
-1.02696583231593
-1.0101456213228373
-1.0066875857732211
-1.0059706120418035
-1.0058198042462436
-1.0057885063783698
-1.005782462493777
-1.0057809973956322
-1.0057813287250368
-1.005781117470377
-1.0057811205838654
-1.005781046586105
-1.0057809973956322
3.3999169531854583
1.5428586428461712
0.33337552868317744
-0.5702863261364867
-0.07823133155117462
-0.11095424278323979
-0.24027144088418706
-0.7306923299891054
-2.2068179823934013
-0.9527839008166978
-1.1590786314087616
-1.7410194208561884
-1.2656765700745578
-1.180643571181114
-1.163541047164533
-1.1600064568598005
-1.1592700496893495
-1.1591188082269526
-1.1590864220232104
-1.1590799128331362
-1.1590814208126046
-1.159080525632174
-1.1590800515428663
-1.1590802284458472
-1.1590802352419285
-1.1590799128331362
0.7101142524955073
3.608019538970374
1.649625285985703
0.3434610314667849
0.05793539574338753
0.06421786228132721
0.09034572517267388
0.21003236180551016
0.8792228465924129
3.5233882204139326
1.1646433592755496
0.9296075246435297
0.889258659737156
0.8812662484993682
0.8796412861247876
0.8793073654309871
0.8792397355088336
0.8792261028905883
0.8792237309627216
0.8792230154787856
0.8792229045854545
0.8792228763964773
0.8792228924142006
0.8792228748820105
0.8792228763964773
0.21694156815580953
-3.140094693333728
-1.1341379233545255
-0.076097734502844
0.5567198977610551
0.5745042148344405
0.6469319880258723
0.9565049824777928
0.6994098104916655
0.6575998484944567
0.6661644771348976
0.6730164749063271
0.6676048788488507
0.6664680882614408
0.6662284741278705
0.6661781277039192
0.6661673798843575
0.6661651853374068
0.6661656568985269
0.6661652450753373
0.6661652102254636
0.6661651738708679
0.6661651719985688
0.6661652076618105
0.6661652102254636
0.3363347667841994
1.5701131733954492
0.45766154039111934
0.5891375085298935
1.1091597690587873
0.6727729964810714
0.6059641461541261
0.6195174036107365
0.608803241990134
0.6065622124381496
0.606090228584423
0.6059907212553605
0.605969492822432
0.605965275242271
0.6059649953811126
0.605964528564041
0.6059644443253416
0.6059641316616855
0.6059649953811126
0.5518091893782043
0.3356076839386987
1.485034950963994
0.4571100106499192
0.5866922433637277
1.0693656495064625
0.6665678531011918
0.6028289367898414
0.6157997288583893
0.6055483493195876
0.6034020659593275
0.6029499412843665
0.6028545156459427
0.6028343128110214
0.6028300722486007
0.6028291630579133
0.6028289817822692
0.6028290356229521
0.6028291247494856
0.6028290458200358
0.6028290296260413
0.6028290270556815
0.6028290356229521
0.5446825236106491
0.3129614083439288
1.3929080845558186
0.42811847941799497
0.5507406157719078
1.0046419174681525
0.6261413324266198
0.5660112333595536
0.5782785663804488
0.5880967538354636
0.5803403380046392
0.5787137967031941
0.5783703723420391
0.5782978689688033
0.5782826425286809
0.5782794233877797
0.57827875066256
0.5782788920646605
0.5782787767465155
0.5782787560033628
0.5782787735370044
0.5782787526661122
0.5782787500268203
0.5782787560033628
0.5092976089254847
0.5199592877150231
0.5553215375739766
0.599027824388565
-0.0920835822140733
0.48801742938054077
0.5874533687181146
0.5300309885942514
0.5782250166213176
0.548570169870089
0.5727231477982256
0.5573140855662956
0.5696711920910124
0.561620570489049
0.5680285428813308
0.5638157790063335
0.5671534117206901
0.5649403031028372
0.5666831523690167
0.5670572484115777
0.5671328176454207
0.5671488622928279
0.5671522260522743
0.567152839986205
0.567152705161898
0.5671531949496296
0.5671531653580981
0.5671530710581283
0.5671528885517972
0.5671531721385216
0.5671530710581283
0.9566477660352155
-0.3207525762924293
0.2246074957859773
0.2717915462190599
0.44407842292336475
0.8371719123225656
0.5360416344852206
0.46284031017560456
0.4778888420669194
0.46600158639065575
0.46351506214196847
0.4629852129702062
0.4628743674392628
0.4628563563595051
0.46284731163987736
0.4628445373630929
0.4628406470267884
0.4628448843113866
0.4628470013263681
0.46284031017560456
-0.7537044537675128
-0.07093755584683972
0.2793142121370599
0.2842789540717589
0.299784881061842
0.29486300492152484
-0.8228292319101698
-0.08957773907526934
0.2177323797135275
0.28305655127851986
0.29265499483487106
0.2944158931413628
0.2947699057039039
0.29484460843399074
0.2948584913135423
0.29486209904000044
0.2948628079844823
0.29486295005942337
0.29486301741229526
0.2948630309290468
0.2948630201945877
0.29486300492152484
-6.665855669820803
-1.4238125842150586
-0.14212477690622344
0.40771541731387406
0.18100112469781768
0.16276194409778752
0.16755620670600024
0.18656875790956418
0.25685695279845516
0.2624573436806461
-3.0088017671097407
-1.8235585722999832
-0.6726185038298528
-0.09690313998838704
0.1655067096921488
-0.41534417001013635
-0.5210149170051958
0.2130309891706277
-0.05923423407873323
0.10757319826768465
0.06338343094317044
0.04121947485598981
0.02840987246376654
0.017578191612054834
0.008617149460798215
0.0011217933428533527
-0.005210270928550063
-0.009187174735253127
-0.024048474426933333
-0.05757140727079451
-0.23848015524895502
-0.07022480220716737
-0.08212021551534987
-0.07229989471029258
-0.07062179752772853
-0.07030324341216966
-0.07024247301888614
-0.07022836481203193
-0.0702254232050133
-0.07022491811717692
-0.07022482695836958
-0.0702248085598367
-0.07022480408651043
-0.07022479539284246
-0.07022480525035721
-0.07022477065363977
-0.07022480292565368
-0.07022477065363977
0.06110445819337151
-0.02624680057026879
-0.056841218550355094
-0.040966252142988505
-0.05464903705149096
-0.11763133201466765
-0.06360388524855141
-0.07113743194328088
-0.09357330895575623
-0.07483928277802153
-0.07185621939278436
-0.07127936637671312
-0.07116644098620177
-0.07114310138414438
-0.07113845168504263
-0.07113752325279334
-0.07113737784350802
-0.0711372825744405
-0.07113789491495356
-0.07113730641852574
-0.07113728220919144
-0.07113789491495356
-0.01680355594442034
-0.05156708197653239
-0.056539615118668764
-0.0773898703762941
-0.17443468381958718
-0.09054003796441368
-0.10276842029659987
-0.1373863384760303
-0.10905247725637876
-0.1143093604938479
-0.11013901511881385
-0.11100236268859678
-0.11169311709145009
-0.11115009337297385
-0.11126469748381614
-0.11135383972347952
-0.11128465353894251
-0.11129623239631746
-0.1112877087248978
-0.11128977449217388
-0.11128826353478076
-0.1112880414729716
-0.11128695178102446
-0.11128782914759204
-0.11128655695519958
-0.1112871424696451
-0.11128782914759204
0.07723195958826888
-0.03110372522820426
-0.13721553888123236
-0.06801317462122507
-0.07459887043703554
-0.10235271434834632
-0.23318914066096144
-0.11722508797348
-0.10513396859625418
-0.10290779267189162
-0.1024654843430023
-0.1023763232660756
-0.10235778696386522
-0.10235375231610541
-0.10235370265808383
-0.10235427716647572
-0.10235338339830238
-0.1023530896368706
-0.10235310097817411
-0.1023531548744948
-0.10235427716647572
-0.017090062752968576
-0.07435245467268983
-0.0836898905278209
-0.12360421191786773
-0.090745432560122
-0.0966913235740267
-0.1016431529583943
-0.10574595065072655
-0.1024894150521306
-0.10182303393108143
-0.10168352240433462
-0.10165383545160286
-0.10166071222797513
-0.10165446449887194
-0.10165336056134153
-0.10165458970376565
-0.10165320129946502
-0.10165458749994685
-0.10165318388354382
-0.1016532516273802
-0.10165458970376565
-0.04413204910946644
-0.08452785887654075
-0.08620737268100553
-0.09293373652121155
-0.11983644972511463
-0.21402264788322756
0.323170013767109
-0.1492577557823264
-0.24031301045667397
-0.22082137277644726
-0.21549487482389063
-0.21433543572900393
-0.21408654799561724
-0.21403625878800275
-0.21402527313681363
-0.2140259692209876
-0.21402408839792933
-0.21402317388677028
-0.21402393507806602
-0.21402295031895813
-0.21402315600782562
-0.2140259692209876
-6.714455679001406
-0.1407576046763953
-0.14575370052175893
-0.16592260280046742
-0.14977020267742744
-0.15302324230041514
-0.15045105564037112
-0.14991325662757285
-0.14979844016491445
-0.14977641151163154
-0.14977143664716433
-0.1497726288545711
-0.14977350121518715
-0.14977229296006186
-0.14977269691529468
-0.14977275151895253
-0.14977272744537193
-0.1497723937357097
-0.14977264817465746
-0.14977249605822623
-0.14977275151895253
-0.14190871109256994
-0.1107519817052118
-0.13468152525674465
-0.17874415224048565
-0.1428752808577857
-0.1496847712412264
-0.1552848312448067
-0.1508429226674406
-0.14992746934925408
-0.1497356887653699
-0.1496955859730017
-0.14968729500900707
-0.1496884868956665
-0.14968681187578087
-0.14968650637200226
-0.14968637020509765
-0.14968613027054062
-0.14968566678899528
-0.14968729500900707
-0.14559432146525095
-0.1293103660401083
-0.24832169236777007
-0.14717891744139527
-0.16304570764970114
-0.15036138735951207
-0.1478438232266112
-0.1473198007799153
-0.1472094564716993
-0.14723197041164288
-0.14721348189982758
-0.14720966157775583
-0.14720847649631646
-0.1472092126862631
-0.14720830437834237
-0.14720860517096168
-0.1472094564716993
-0.14744570917195746
-0.14839724396289247
-0.1521342219505982
-0.1659131402243295
-0.1943494395908905
0.295136912794154
-0.04908313470396073
-0.013508058933333284
1.1772553625670326
0.392589297177826
-0.009009936599314065
-0.04992237080704897
-0.05583927683641494
-0.07786898359866336
-0.23234841786722948
-0.10632983213170948
-0.1060903894811379
-0.1046026422048998
-0.09024278507764366
1.0647865297732326
0.0031508852759825645
-0.05233834175100302
-0.05315551519268093
-0.05650754772390568
-0.07112765307701249
-0.05933270519587029
-0.06160591218187691
-0.06343294888148827
-0.06491105795150248
-0.06374032147964383
-0.06349807556077892
-0.0634465809897901
-0.06343590740371378
-0.06343246753843762
-0.06343372340986755
-0.06343454889521118
-0.06343392206025703
-0.06343407875358537
-0.06343388266368762
-0.0634341864880644
-0.06343372340986755
-0.15389819290135437
-0.08293528586994742
-0.06932710475745789
-0.06704718275402458
-0.057185538503668726
0.01616738243006071
-0.03655102710256686
-0.053984972904528125
-0.03474510992403561
-0.05037438609612416
-0.03239005172366192
-0.0467157235518986
-0.02978921372092526
-0.04316554252012628
-0.027087718678426707
-0.039778304533233035
-0.024346729773101733
-0.036570922029317714
-0.021603051640855915
-0.033545909887310134
-0.018883453672023362
-0.030703263114299557
-0.016189697534989982
-0.028032785902506525
-0.013528269333318717
-0.025532593688795867
-0.01089823326416259
-0.023202191288488924
-0.008301728777047993
-0.021039123160489042
-0.005727039652809288
-0.01904499108257147
-0.0031702749049183515
-0.017223851831383235
-0.0006230848090150807
-0.015571257936559842
0.0019282298377507321
-0.04066740880308779
-0.016651904829719177
-0.014696594370802151
-0.006858201456819615
-0.002290487313392617
-0.0016865385397885895
0.006666279116306169
-0.0727744860724193
-0.016625783492862777
-0.008927259248007509
-0.006836751068084854
-0.0038510468854773936
-0.0017994880916471197
2.3114548648048853e-5
-0.016047678349609833
-0.009579129562779396
-0.006239896504010566
-0.0029678855970698783
-0.0004948767864344219
0.00158770030839281
-0.014435038833792645
-0.007782992339188422
-0.004299553103428462
-0.0009237754141052082
0.0016228530734830738
-0.014094978056529121
-0.0071101889098888205
-0.0033615144964464693
0.00021911230930791867
-0.015037534528341287
-0.005266784003300904
-0.0036738435048697398
-0.002276377766194145
0.003322554214033147
-0.025660061321803415
-0.00901488965984049
-0.0043769562741394884
-0.0012843826113417508
0.0013430136890138814
-0.010295965535190486
-0.0052755914961027835
-0.0018673201912086715
0.0010207849325470982
-0.010452355798971642
-0.005240459741332133
-0.001680011153962659
0.0013359276323380675
-0.010085883129569423
-0.004784070678635332
-0.0011475547126648517
0.0019301216015515153
-0.009492512753906076
-0.004141750404314749
-0.0004680035817295682
0.002638464713877201
0.0005162581844693211
-0.002999693127045928
-0.0017915521000648339
0.0030296686992166613
-0.015403605876524578
-0.004143017539119803
0.0007260174175629047
-0.015892570551743236
-0.0047788450952427775
-0.0022914138714646703
-0.00019465389988721537
0.0016354937297531932
0.0002637970948579593
-0.0011559007151483703
-0.000663733043235596
0.0013054388232897813
-0.005930833919154162
-0.0026898405062630274
-3.7186463898264996e-5
0.0022500360260176698
0.0004497771632964919
7.541895671228013e-5
1.0767564076395936e-5
-0.00013562257248475484
-8.880048102259379e-5
9.927325143061195e-5
-0.0006262168438236128
-0.0003818271997327632
0.0006012829081583489
-0.0030502963961379667
-0.001604781440952723
0.0041724577835798825
0.00032999767229931984
-0.008182252049077089
-0.0024004936728258455
-0.0013547246523408743
0.002833059386129195
-0.011486892529069903
-0.0032041473982956778
0.0016362835397638283
-0.012134147837072064
-0.0034100016876898115
-0.0012536313423204284
0.0006458456671006709
-0.004299865374209568
-0.0020486087791864362
-6.656652483244192e-5
0.0017205182703778302
0.000285933862020522
3.0150856807378106e-5
-0.0002292805931174131
-0.00013180390174113177
0.00024464410141603965
-0.001039272830335594
-0.0005410523106249073
0.0014551151616206519
8.076742899797009e-5
-0.002793434522441743
-0.0008155365538953713
-0.0002407073084707457
-0.0001171071935563475
0.0003593772222491008
2.6856545246523643e-5
-0.0006818691188164958
-0.0002031619745060682
-0.00011504012584659349
0.0002286378324257606
-0.0009215411134092284
-0.0004731020671081219
0.0013255186203691906
7.261258330729978e-5
-0.002459486552741403
-0.0007172126713672236
-0.00020832481136958894
-0.00010286510159560226
0.00032852575314082464
2.0716740144040227e-5
-0.0005852733857934345
-0.00017470228984719317
-0.00010061097794573523
0.00019252861490969952
-0.0007781356761980102
-0.0003957424951531486
0.0011299147261912717
6.418317738320744e-5
-0.0020738467325452773
-0.0006102124609989988
-0.00018039617535187604
-8.865827786640877e-5
0.000281449473360845
1.9413103017792537e-5
-0.0005075094765589076
-0.00014840228689364733
-8.508744477564463e-5
0.00017093456661221754
-0.000673304825253579
-0.00034285119574745533
0.0009875179966443762
5.501623100001975e-5
-0.001795992794516337
-0.0005228061651955987
-0.0001524737943310151
-7.45255878676211e-5
0.0002465753633287081
1.4472178819742684e-5
-0.00042122956743744096
-0.00012270068695667492
-3.309303998960948e-5
-1.3477931802078686e-5
6.281292350811905e-5
4.9799527463542885e-6
-9.472999967661488e-5
-2.422119458051368e-5
-6.828558370267255e-6
-2.185481266001963e-6
1.7832385966116135e-5
7.512968457476301e-7
