-2.800832857637909
9.532049483737563
4.476233389073532
-0.0753245794915979
5.801332577008244
-8.720949819833413
-6.298917538424065
-7.015562461084901
-9.573398855562683
-13.887966644552298
-11.064535518695479
-12.106695214682334
-12.787906005848535
-13.216548761346855
-12.886714085570986
-12.96158395340397
-12.902762048921595
-12.915332612430547
-12.90543302226919
-12.90752974678362
-12.909175723159116
-12.907869476151047
-12.907603811202533
-12.907543319400467
-12.907530243817524
-12.90753014540214
-12.907531014703013
-12.907531431435963
-12.907531718289375
-12.90753193526377
-12.90753188093821
-12.907531932797129
-12.907531943992506
-12.907531932797129
-1.9952019265390528
15.499587601228045
14.273246276576982
0.3257504541016642
-6.078056347845938
-2.557145450845567
-3.647064932811389
-7.659860452532527
-14.943014580941739
-9.665970843170669
-8.056116561861028
-7.740998159130171
-7.676630163558946
-7.663331899280584
-7.660579612576991
-7.660008849006359
-7.6598912610820795
-7.659866904855988
-7.6598619970854624
-7.659862958883693
-7.659862139977963
-7.6598620137779605
-7.6598619970854624
4.820794271941593
-2.3654197952123153
-4.478659098244143
-11.198841879214724
-5.528812887573439
-6.512223124171539
-5.725128646214208
-5.569687776925525
-5.53740029536775
-5.530621461463384
-5.529193147912767
-5.52889295968961
-5.528829745848471
-5.5288164086730704
-5.528813654559004
-5.528813060333165
-5.5288129106829444
-5.528813000518533
-5.528813011581038
-5.528813000518533
-1.5406599832717869
-5.65103246393639
-14.447459189804562
-7.402812636370657
-5.977487671421818
-5.71638659827979
-5.664308033668927
-5.653733624544189
-5.651580160217237
-5.651139476425819
-5.651055113991496
-5.651037116823507
-5.651033508062399
-5.651032766008509
-5.65103245804314
-5.651032690078312
-5.651032575547049
-5.65103245804314
-0.5449648223880115
-5.9496647510315945
-14.410768914736387
-7.5932316428388
-6.200324332139235
-5.990969564719461
-5.9565620585041446
-5.950823749178779
-5.949858368324137
-5.9496985622428635
-5.949670048905061
-5.949665571258496
-5.949664845909501
-5.9496647212980935
-5.9496647510315945
0.6615279929422133
-6.5472507189538645
-1.0463968863905573
-1.9173007157157815
-5.2103794530794465
-2.3891957621227156
-2.8291312961779944
-4.044331185068384
-4.259740347416903
-4.087507287189736
-4.053120347500625
-4.046123699710505
-4.044695127014511
-4.0444081784919925
-4.044347042233149
-4.04433520308855
-4.044331776605066
-4.044331417978123
-4.044331224732039
-4.044331185068384
-1.8164862385727432
-3.211167477136269
-8.015695505627964
-3.9129659231099394
-4.576570051244055
-4.04482809323089
-3.9403508006406867
-3.918701640757096
-3.9141675445798105
-3.913216855262952
-3.913016613629201
-3.912973873401149
-3.912968529024511
-3.9129659633440927
-3.912966987411345
-3.9129667039342233
-3.912965875496943
-3.9129659633440927
-0.10655680988544002
-5.521187237577137
-1.6866491196782634
-2.1264369735021114
-3.818959334257383
-9.19323904586856
-4.661559563320137
-3.9834292846040804
-3.8528871311283153
-3.8260350494846325
-3.820438865314339
-3.8192686061816215
-3.819024189087425
-3.818972881585483
-3.8189620799613584
-3.818960286842977
-3.818959986062059
-3.8189593552888477
-3.818959334257383
2.6469949007625773
-0.9734289915653878
-2.6508415282833613
-8.33398616235058
-3.3468048173013973
-2.782886105963198
-2.6779148627303275
-2.6564775778697336
-2.652019169773649
-2.6510874100129516
-2.650891864246141
-2.6508523189583197
-2.6508437841801116
-2.6508430116758244
-2.6508426217546304
-2.6508425126771793
-2.6508415282833613
-1.503958634342557
-2.1035611084409265
-4.350448662082669
-2.452425273834239
-2.7704314993598245
-3.577382262363632
-2.925210737293111
-2.8024779384674905
-2.7771694804212705
-2.7718527040311662
-2.7707321844840465
-2.7704953007476103
-2.7704445296322335
-2.770434235564782
-2.7704322051567805
-2.7704323797758845
-2.7704326307468046
-2.770432829256017
-2.770432715669614
-2.7704324740116975
-2.7704323797758845
0.9718577603308727
-1.3170199309580675
-1.7975474800334854
-3.6272116758849404
-2.0830221675344514
-2.342146633074353
-2.9947942000069
-2.4675690412988547
-2.3681612910350474
-2.388855328320974
-2.372521006311526
-2.3759658003547246
-2.3786847291460296
-2.376539848349572
-2.3769934964756736
-2.376636861839578
-2.376560719670395
-2.3765440969449054
-2.376547452453548
-2.376550073915222
-2.3765521572793706
-2.3765537978510936
-2.3765550668942024
-2.376556094439904
-2.3765569350964717
-2.3765570179452262
-2.3765561391538625
-2.3765561317827104
-2.376556094439904
0.20417099712859638
-1.4852821136861218
-1.5134970181125798
-1.622840446593186
-2.0051315949024935
-2.784449390798217
-2.230848895502438
-2.3908114490896306
-2.2660464528187374
-2.2383278692593644
-2.2324299933854834
-2.2311817351806416
-2.230918667991055
-2.2308628210192905
-2.2308500238126108
-2.2308495182700967
-2.230848989674289
-2.230848829095694
-2.2308488523521346
-2.230848753754339
-2.230848895502438
3.982818073811187
19.858883585797738
11.230242777095263
4.7680907556117464
1.3148924306593102
-1.4698369806397618
-0.05371291582094579
-0.23097329356536533
-0.9304140285446574
-0.3318896711973256
-0.4216739464944301
-0.67710698358549
-0.718153461860668
-0.6847475672660331
-0.6785644311953489
-0.6773860545544467
-0.6771604754039615
-0.6771171720246847
-0.6771089440060518
-0.6771073530058387
-0.6771070513828444
-0.6771072543884108
-0.6771070915513834
-0.6771070592650006
-0.6771070533922348
-0.6771070513828444
0.6137021744704977
-0.05531925982259551
-0.3319355034130889
-1.4130196045329766
-0.4459628154046656
-0.556233070508026
-0.9880027579398899
-0.6224988023624046
-0.5695080691080817
-0.5590179025428106
-0.5612160970129814
-0.5594813558772059
-0.5591160039766387
-0.5591932590675501
-0.5592536670260027
-0.5592056048835583
-0.559195738586195
-0.5591934498156026
-0.5591931370641212
-0.5591929069677103
-0.5591932590675501
0.3060817817988796
-1.2081754583201285
-0.5119702227630714
-0.05976965397559762
-0.16235372156477673
-0.5690732843495568
-2.1330616680828998
-0.7147583346485736
-0.5965662867925798
-0.5747595273570959
-0.5702714476666609
-0.5712159089084241
-0.5704709613842971
-0.570628838669348
-0.5707514407070182
-0.5706553560352654
-0.5706749220587072
-0.5706584827976717
-0.5706535601224665
-0.5706531684441875
-0.5706546932174764
-0.5706553560352654
0.5830566087038742
0.0006725518919078214
-0.39392467152116994
-0.08282760255654707
-0.2500377672851105
-0.9065217420289614
-3.3156884384448237
-1.142239374111442
-0.9491006576002489
-0.9148756902021226
-0.9081852200080353
-0.9068545490713922
-0.9065883738921219
-0.906534974006335
-0.9065243476459299
-0.9065265220004174
-0.906524769927735
-0.9065244793016446
-0.9065244027558239
-0.9065243922025487
-0.9065243476459299
5.177815316672848
2.194890998533931
0.6886697775464681
-1.1315988651084397
-0.277910223532141
-0.13058166760819548
-0.14058752276351122
-0.18013679454173526
-0.3304935980735301
-0.8073762604496769
-1.8103537953673505
-1.0066134970655363
-0.8478546433819676
-0.815813740018359
-0.8091430453058336
-0.8077468479629133
-0.8074536284398593
-0.8073925713454562
-0.8073797531430019
-0.807376844447362
-0.807376454163033
-0.8073762985570472
-0.8073761463513108
-0.8073761685812487
-0.8073761809093236
-0.8073769915433308
-0.8073761685812487
1.5302204825448584
13.968923402563803
6.192825842769373
2.5589424228083786
0.9073693924465653
0.015375746520571774
0.11854515787741658
0.5317885419865407
0.16527915890213754
0.203773385430155
0.3677196935824315
0.22551393903821426
0.20787095728894794
0.2045901700577352
0.20393779885801078
0.20380781344581864
0.2038946858196733
0.2038245735316076
0.20381116305644617
0.20381346990296198
0.2038114679574739
0.20381085792833634
0.20381058397060434
0.2038114559418857
0.2038112335969518
0.20381058397060434
0.1026826270543382
0.1496341773743897
0.3363086517675898
1.0646301146537882
0.4183750555029173
0.35211069821158586
0.3395874847327327
0.34219515749029433
0.3401369226987801
0.33970370976420017
0.3396122402924891
0.33959262941981805
0.3395887849762426
0.3395877004590968
0.3395875762255282
0.33958745657638484
0.33958747637249614
0.3395876955972385
0.33958748830913543
0.33958766099011295
0.33958748830913543
-1.2863413282571927
-0.5169767891529908
-0.09652656529969318
0.40973725732886523
0.1808784469292629
0.03950467041859389
0.0815290616588643
0.24950389937978423
0.9189586403282014
0.3095227860337967
0.2603422781959087
0.25163396755928313
0.24992873298398086
0.24958899272897683
0.2495207882424304
0.24950690285829027
0.2495042746666568
0.2495047026052537
0.24950431495626801
0.24950412218543647
0.2495042746666568
-0.10853910022581394
0.09984504505214035
0.11619653949088714
0.18122263316677886
0.43528631494991354
1.362425569876824
0.5471701204776125
0.6601908625724444
0.5694268362056045
0.5875754584911158
0.602264450300508
0.6140884248384452
0.6047445472213766
0.6027879257255482
0.6023757914580505
0.6022888380120821
0.6023071564371096
0.6022921213749233
0.6022888076719852
0.6022881259919272
0.6022885219463878
0.6022888397712238
0.6022887981228136
0.602288972400476
0.6022887131802305
0.6022887981228136
-9.780593121657287
-5.681448764524526
-2.6407109785736855
-1.0891137533209312
-0.2698020004867088
0.4021508354664036
0.019933676199459033
0.07059091097025733
0.27271440158140253
1.0721516929069672
0.33719163724462564
0.2841199963125258
0.2749248782254967
0.2731500759128976
0.27280045954247695
0.2727315386831747
0.2727178315402268
0.2727269710506847
0.27271917849340604
0.27272046270816486
0.272719573357462
0.2727191943327062
0.272719167170458
0.27271917849340604
-0.38131115983888103
-0.05951656282556807
0.28914942421281853
0.049725879615156295
0.07594254541235904
0.18048249446946707
0.5933489247881122
0.22968643381260573
0.2785837171707918
0.43659052641025764
0.3064156128936862
0.33016162296791884
0.383446615758493
0.34077738427190324
0.34936103854030864
0.35626929682274683
0.3508073631824398
0.34966549207227243
0.3494252307420742
0.34937459370644114
0.34938484020501903
0.34939359243086204
0.3493872162537206
0.34938584743182316
0.3493847241288898
0.3493855068455328
0.34938557044182844
0.3493847241288898
-1.257131856897394
-0.49035471368402733
-0.07629799586846647
0.28544910797291406
0.04616037600215881
0.07813569501781241
0.20568508229614776
0.7100328024017595
0.26161443814923985
0.31762645870434497
0.5145559994260367
0.35031377164939803
0.3242231843914054
0.31900508724483073
0.3179164512105247
0.31768737695501553
0.3176391212544101
0.3176489856254433
0.31764124339820404
0.31763938754304494
0.31763962619381264
0.3176397942489585
0.31764070235788294
0.3176398265397805
0.3176401965380645
0.3176397676191232
0.31763968738072446
0.31763994488048863
0.3176399042331634
0.3176398916101676
0.31763968738072446
-0.7203387772880251
-0.22223107749083304
0.06886429229013454
0.10866427883965951
0.26661745877357745
0.8797715646838786
0.33676789695018194
0.4078045268802816
0.6458753033805824
0.4487949803035443
0.48412951539548615
0.4560199395932382
0.4503097111683372
0.4491144797849551
0.4488624679189644
0.4488094744220618
0.44879790674353776
0.44880019128351906
0.4488019951240852
0.4488038811766712
0.4488027014079179
0.4488020257001195
0.44880198831525725
0.4488019865426585
0.4488019951240852
-3.1575095020859543
-1.3984804355162628
-0.5130034639591905
-0.03171872535390038
0.1972566291562517
0.07518134837716245
0.09160067204861304
0.15697677687596054
0.4140289046267153
1.3971301755705583
0.5209344652572502
0.43467924164841765
0.45164084477169086
0.46545514255445786
0.454527448994292
0.4568160870501692
0.4586272804647796
0.45719756977237164
0.456896789989973
0.4568331437384167
0.4568465631953237
0.45685719298193905
0.45684880395325317
0.4568470428277052
0.4568466740073188
0.4568465860603597
0.45684664696370264
0.45684661189998577
0.45684659580067577
0.4568465860603597
-4.650340893964559
-2.095635389444889
-0.859463182418262
-0.2186790427679599
0.39059897462350984
0.020566945089350273
0.06439842560883284
0.23954698875499758
0.9366522364787555
0.29425044084625857
0.2489639702504977
0.24131785714669574
0.23988518280096988
0.23961180191364537
0.239559455490711
0.23954939409002823
0.23954745823124923
0.2395470799856133
0.23954700491086217
0.23954699314231526
0.23954699262412862
0.23954698973661467
0.23954699314231526
-0.34116720022646574
-0.054454425763449006
0.23310934360058957
0.03799549878200463
0.058370995344490764
0.1397724198313329
0.46383499986224547
0.17713872221147792
0.21419407319973452
0.33919180747080047
0.23545466638433832
0.2537028672347464
0.23915764519593757
0.2362264604093411
0.2356162458539031
0.23548851792299427
0.23546177020174805
0.2354561561011107
0.2354549782342828
0.2354547422699436
0.23545467940374082
0.2354546697217098
0.23545467049353352
0.23545467026927336
-0.7140688936204548
-0.2561358289873038
-0.008184810895205839
0.13602802409142503
0.028547578344633843
0.07122426185727568
0.24165127529674915
0.9191234113387652
0.3017240135097743
0.25240938967840376
0.2437452285233668
0.2420653530443819
0.24173332886407978
0.241667529965616
0.24165459003674752
0.24165199062045467
0.24165373397658965
0.24165228311856748
0.24165203071557909
0.24165207502436378
0.24165216980613338
0.24165206602674877
0.24165206571082815
0.24165207502436378
-1.1124106797054374
-0.4489856122102538
-0.11028295925104314
0.228512767127522
0.014514201250468602
0.03472184308483279
0.11553491778558081
0.4384283353191961
0.14494289299513244
0.12118736059020335
0.1257768973429174
0.12214135861087322
0.1213882591267575
0.12122982806494505
0.12119623064089047
0.12120315717606135
0.12120852795626202
0.12121272656949277
0.12120939609956843
0.12120870476450604
0.12120856075103285
0.12120853208285065
0.12120852604845149
0.12120852795626202
-0.16564668209535754
-0.023090116547453667
0.13842174359059078
0.02801269353735634
0.03319482983409881
0.05391869764517722
0.13677668998743758
0.46899738672382374
0.17131871375194724
0.14345326742933298
0.14893119363830193
0.15338912367345514
0.15699431706297465
0.15414239773261182
0.1535473092148086
0.15342241492502426
0.15344878341443094
0.15342770437115796
0.15342339704267177
0.15342261805877638
0.15342244481944572
0.15342241796562417
0.1534224225901197
0.15342241492502426
-1.6119122683681324
-0.6842439960733446
-0.26921995628070405
-0.06020275028558511
0.11575485355372087
0.008762192432476563
0.015170464768086115
0.0408061973033987
0.14334732928214958
0.053111634300881436
0.06508044484225264
0.10421370088892397
0.07191267430047968
0.0777075438743418
0.09096010714690107
0.08030893827660392
0.07824798908170509
0.07867861173833184
0.07833907479084479
0.07826663887077251
0.07825288005642084
0.07824948678621388
0.07824932463870693
0.07824912514792576
0.07824798908170509
-0.36346840582693835
-0.14362034024633175
-0.033455865692395226
0.09645420975585553
0.03526541084923067
0.01396636209191521
0.011587830621524065
0.010875678902646008
0.008036906146965435
0.008389644576910745
0.009959351037337963
0.01915123228989998
-5.442867687106085
-1.5034655023750851
-0.4323490142067167
-0.1478464614109012
-0.06220561658888838
-0.01602777071603272
-0.014984820215756799
-0.010791685412406491
-0.010630735035726967
-0.009635677137464677
0.19244643981525086
0.07541574579854671
0.031016060285308227
0.011671184059442083
-0.04052336626338988
-0.014676085353133974
0.0007681649626955037
-0.016859986813187736
-0.006104921856422644
-0.002432314177661531
0.00021475200834565898
-0.006370880649594948
-0.00249379047391676
0.0002951919644930579
-0.006190290892755141
-0.002243504814027203
0.0005942772400073593
-0.005860639707514003
-0.0018915230505133435
0.0009611618469320671
-0.00548726189084748
-0.0015121979548239862
0.0013441003247090851
-0.0051026767254103165
-0.0011262837772607317
0.0017289600682549313
-0.004722396096679381
-0.0007500014730867944
0.0021032310250669517
-0.004350609388004739
-0.00038011174928656816
0.0024721506502617505
-0.003986693967261012
-1.8209129144547075e-5
0.0028286870805892005
-0.003634012078205244
0.0003321994574600345
-0.005340745087862921
-0.0008155471685915682
0.0024242560707680876
-0.003764801599589203
0.00039546587049717896
-0.005141980541274668
-0.0005214060362208205
0.0027826177577217437
-0.0033624762228936927
0.0008278443541538547
-0.004692238626526034
-6.028258472200065e-5
0.0032540688077810826
0.0010348442638494187
-0.0007856647423187906
0.00038403829449190353
-0.0013679659724077776
-0.000136187659851483
0.004791121712363466
-0.005995039109824739
0.0025387983399076134
-0.007022442626830568
0.00214395637398171
-0.0070968976137128405
0.002235820982117269
-0.006919756803775852
0.0024568838050137297
-0.006681150530707835
0.00270424425894059
-0.0064330571648832345
0.0029513366135738425
-0.006189643710728049
0.0031923725370681466
-0.00595390063701765
0.0034253007799019343
-0.005721660944990546
0.003654878715433889
-0.005497845180500427
0.0038781696413514068
-0.005281134086962238
0.004091649219126871
-0.005070277908200174
0.004298388362840678
-0.004868998253482445
0.004497407059599879
-0.004669142867946814
0.004694178972060028
-0.004477343111925303
0.004882227837867021
-0.004292512364222095
0.005067077354258005
-0.004112891691772653
0.005245884895004043
-0.003936802780644764
0.005416295987522625
-0.0037693872642257835
0.005582526921266028
-0.003608363191608895
0.005741637580835476
-0.0034511973294024207
0.005896448414031262
-0.0032983831451172257
0.006046353323814774
-0.003150353914103113
0.006195445470216674
-0.0030082791497875864
0.0063344610847112645
-0.0028678550513093473
0.006472118946222259
-0.0027349518916517557
0.006602378773748635
-0.0026054204101746544
0.006731581553208412
-0.0024796572669470475
0.00685626437558737
-0.0023557503276324418
0.006975164443291944
0.001760739855605041
-0.0012042284071598335
0.0026795393285275883
-0.0004706140609123671
0.003266080187713588
0.0007474084461913581
-0.0001439186204686224
0.0010523207986451592
0.0002598235034234478
-2.9312381695130147e-5
0.00037191519854081276
9.145480417123997e-5
5.642617083562016e-6
-0.00033761811547080873
-7.693132425036953e-5
0.0001607387820456572
-8.574997552597742e-6
0.0002281822604298393
5.6082350311016e-5
1.3749772445062654e-5
-2.0206114271201887e-6
