-2.800832857637909
9.324596527199164
4.166623685491218
0.46008867686061705
8.442363074240811
-7.997538235803426
-3.7385787829668917
-5.61744921768969
-12.129802948747297
-13.870969199668373
-15.503571180689326
-12.880409906075005
-12.286641797696122
-12.162509146122394
-12.136625615895142
-12.131219798943892
-12.130098463204133
-12.129862085656393
-12.129818375047517
-12.129806395346396
-12.129805753640612
-12.129808727325653
-12.12980249556047
-12.129804933362104
-12.129808727325653
6.79034702456682
-4.5917201131694405
-7.131415463635787
-14.655117947093686
-8.553614426407277
-9.803560660529921
-12.563028422031772
-10.375216109936718
-10.83319414919122
-10.471542220217582
-10.547669858165994
-10.487609940083383
-10.474937848377694
-10.47225458688773
-10.47169020099656
-10.471572222994233
-10.471543925392927
-10.471541463612938
-10.471537797419094
-10.47153906197579
-10.471539379846865
-10.471542220217582
5.550050737519971
-4.0401981186071865
-6.892191083231449
-14.897193569767612
-8.419700652669333
-9.774015845252732
-12.773818818070767
-10.396289987799673
-9.903891988554493
-9.801309156386107
-9.779757851146321
-9.77522296125232
-9.774267800864797
-9.774068560509187
-9.77402691429394
-9.774018566982823
-9.774016506492758
-9.774017509481896
-9.77401736326
-9.774015821114588
-9.774017509481896
4.260593996640181
-4.356312204582108
-5.939668891014196
-11.229408341670702
-13.162318031950774
-13.878801722520631
-11.839894960261123
-11.358484951563433
-11.256496647232137
-11.235080942935197
-11.230592163780198
-11.229653546737099
-11.229455944649569
-11.229413639899018
-11.229411107745415
-11.229406782475099
-11.229406358991309
-11.229406303158957
-11.229408341670702
18.985085139319434
12.897142586304026
0.6780090578106707
-7.764086717417616
-1.9248655682290852
-3.2780041774841964
-8.222691718182155
-15.358221442165364
-10.559633088000187
-8.67093626210193
-8.311953477555093
-8.24064479217614
-8.226307983752164
-8.223421014857902
-8.222838538959289
-8.222720962157604
-8.222697478869861
-8.222691965235532
-8.222691160101062
-8.222690773527273
-8.222691718182155
2.1407189917640035
-4.507947343954123
-4.333525140022275
-3.6246436008911878
-4.782831054228422
-8.044299156382671
-5.4819503938230785
-6.053137263680278
-7.178284121392431
-6.295777435447343
-6.486170998333832
-6.635256925125222
-6.751944303303538
-6.659979780874417
-6.640489303044518
-6.636367189629649
-6.635492674267637
-6.6353050796755175
-6.63526718065921
-6.635259126904227
-6.635257396498145
-6.635257645989497
-6.635257475809133
-6.635257408085094
-6.635257396498145
10.26053381226824
19.257957906582753
9.560661054429602
1.442269173635767
-5.360436110208114
-0.5515473839724626
-1.5347086333555764
-5.22596006016901
-2.0284834006418224
-2.4864947992541677
-3.889592485796236
-2.736289723844111
-2.944183246970964
-2.779368345159745
-2.8135402061122994
-2.840635803662826
-2.8621201247334445
-2.845151907306858
-2.841587336438015
-2.840836464605448
-2.840678125735731
-2.840644744111407
-2.8406376947227194
-2.84063621212656
-2.840635902615475
-2.8406358408908012
-2.840635803662826
-2.279000961772423
-2.328327089154959
-2.513830570095621
-3.0742089936569568
-3.481595764836729
-3.3341073573504483
-3.13969179926049
-3.088491871055428
-3.077244979538792
-3.079637586607824
-3.0815137456200987
-3.080031041585155
-3.080344553605536
-3.080593852960732
-3.080789107662836
-3.0806353445136505
-3.080668172775628
-3.0806939798194817
-3.080673497770323
-3.080669314480118
-3.080668412929544
-3.080668660428366
-3.0806684972234097
-3.0806684473818473
-3.0806684682893453
-3.0806683751602977
-3.0806684682893453
9.231339937149384
20.229543748362765
11.841065017731028
4.836024488517863
0.8551043063782161
-2.029700187409218
-0.1638287719327221
-0.5715660398580265
-2.159380747470259
-0.7629403421661362
-0.9398519566963712
-1.5552471942882415
-1.0401060864411271
-0.9604909355871526
-0.9768599388366107
-0.9898510001115451
-1.0001647428341016
-0.9920113258270875
-0.990305744058529
-0.9899470247391222
-0.9898713217180953
-0.9898554403430814
-0.9898517752170942
-0.9898511436823034
-0.9898510319712605
-0.9898510027027267
-0.9898510001115451
-0.7906003111000965
-0.8113326531670033
-0.8932519339822449
-1.2045791938080936
-2.187728291383024
-1.3894417412178413
-1.5475076533403338
-1.8925151223908783
-1.6183905618823113
-1.5623780029175054
-1.574144170038203
-1.5648621849838114
-1.5629034170546792
-1.5624912908304778
-1.5625762089410005
-1.5625103651744827
-1.562524051251029
-1.5625136861221682
-1.5625158680866236
-1.5625139952309872
-1.5625137189557325
-1.5625132764897132
-1.5625135667824794
-1.5625136235843622
-1.5625137189557325
2.0754112521014445
17.46199378284066
8.640266264154114
3.599309639527016
1.0635211938987381
-0.8439400447029334
0.508775920306713
-0.4678981307902544
0.23242086385415928
-0.27213514334536576
-0.02695904063942376
-0.05469588861870383
-0.16511609809737846
-0.5979911667915978
-2.1734564533420206
-0.7866616724516743
-0.9722860933111404
-1.5926793615199357
-1.0786500869899351
-1.1692847186375261
-1.0970551894035372
-1.0824910392701739
-1.0794565780661558
-1.0788196194281614
-1.0786860032370138
-1.0786575272176744
-1.0786516441175769
-1.0786528777998388
-1.0786519412133941
-1.0786517272763587
-1.0786518132254135
-1.078651642064168
-1.0786517933972328
-1.0786517740377637
-1.078651642064168
18.210360610229657
14.357856894484456
6.70221842027124
2.826387643666192
0.921184195373798
-0.8611808216842046
0.025336044389682722
-0.03539825471551469
-0.033398260198156435
-0.025344623010092552
-0.024963402832875962
-0.021242611587068985
0.7350061544808282
0.0574496565704367
-0.05287133979985635
0.1142005039885438
0.023152626799055845
0.014266015507963966
0.016305778685456403
0.024488230123619517
0.05760608777049593
0.19335339953691344
0.6857483253617204
1.608261994483513
0.8785933203017783
0.7230222616341458
0.6931246634147317
0.6872241616989083
0.686043396863272
0.6858071959491416
0.6857603114643471
0.6857498983802247
0.6857485782230913
0.6857480172124795
0.6857481078050672
0.6857489626756604
0.6857483253617204
-2.187674580647594
-0.280893307616504
-7.226720069157434
-3.795082350346423
-1.6012946437616054
-0.47753697971965803
0.14827914208649132
0.16715024843464937
0.24298792707601652
0.5520830093884098
0.28515286901595877
0.25133045804151405
0.2581077636905113
0.2635806810790994
0.2592540391786836
0.25834951178093424
0.2585402299668684
0.2583900955611756
0.25842163880791535
0.25839687181242404
0.2584018994240262
0.2583981218710278
0.25839867769450664
0.2583978762561662
0.25839798721695284
0.2583977185479195
0.25839772049646825
0.2583981218710278
-0.5341433218060331
-0.1429349564263879
0.08594891779115864
0.13060943222274277
0.31070469115402377
0.15520366967522978
0.17823689268518061
0.24431519785774322
0.19013332698478763
0.18065686964410263
0.17874002374552947
0.17834213870809532
0.17825883778789078
0.1782412158187665
0.1782376482499139
0.17823730622727166
0.17823736989936986
0.17823654540722783
0.1782373030626711
0.17823736989936986
-0.013459220733170121
0.2875397913035854
0.12551086761702185
0.0816813775158741
0.08691485650463118
0.10791266440500609
0.19287968755534085
0.12166240871312936
0.13384716339423255
0.1632617059070405
0.13956360246125357
0.14424101981768336
0.1480429008759322
0.14503536943474213
0.14440870465950367
0.14427632152369263
0.1442484929757405
0.14424259288542654
0.14424135269304864
0.1442411385559923
0.14424106028878722
0.1442410407540647
0.14424103915593242
0.14424108105785077
0.14424101981768336
-1.4409442988290002
-0.5738045760641942
-0.20734038634902408
-0.02959979966824273
0.06607083882488517
0.012638662471731994
0.023762113878486573
0.06834464143038316
0.24813549862845816
0.08327900357886178
0.07090452801166137
0.06881988569387995
0.06843440145791545
0.06836167339350485
0.06834789930054239
0.06834533595301061
0.06834483427036482
0.06834509309966394
0.0683448238181307
0.06834483463430567
0.06834482149208872
0.06834500432611319
0.06834476755998954
0.06834500432611319
-0.08687817929937973
-0.008441660920709972
0.04428980999067734
0.01590308511335552
0.018902913475888475
0.030907800375317054
0.07908251574509038
0.2745251711185781
0.0981450016616576
0.08262151610588112
0.07979555913548915
0.0792280296116187
0.07911324288380686
0.07908870478871292
0.0790840460304008
0.07908280952542394
0.07908274840707408
0.07908269718547424
0.07908296727825441
0.07908274800892104
0.07908296727825441
-1.2152771260697135
-0.4469035057424729
-0.16544055065134913
-0.04348665889095725
0.019856618653847857
-0.016411807275934925
0.0032629165766906586
-0.010614975611524616
-0.0022145456416189
-0.007648323777104871
-0.02938817790345015
-0.11645214256379
-0.040689362034361506
-0.051310841429343015
-0.0838690604596776
-0.0892834717671495
-0.08490259298432251
-0.08407130916608697
-0.08390973644448348
-0.08387601960328461
-0.08387132779221368
-0.08386915431248841
-0.08386979621864862
-0.08386942130546038
1.491954984292547
0.5502729129718142
0.20828885122411442
0.059539929130519476
-0.017819560366026485
-0.017134346450614533
-0.014392995978941843
-0.032569512370409635
-0.10528102935886265
-0.04095327961580919
-0.049440087719906836
-0.07736041592406756
-0.0824430073310167
-0.07839456683844254
-0.07757498545081185
-0.07740524598803888
-0.07736912438225005
-0.07736221491329942
-0.07736074120179416
-0.07736102797108835
-0.07736086374052803
-0.077360794378396
-0.07735996005437669
-0.07736075845920391
-0.07736074120179416
0.9098427224818323
0.35167992694147304
0.12877850262839646
0.02389438514853619
-0.06008706236170987
-0.007765506062795087
-0.016925853386575037
-0.05353290540670479
-0.022342060674235914
-0.02714290538161494
-0.04034091712853777
-0.042549474152105304
-0.04076053103508187
-0.04042429700799474
-0.040488799649680114
-0.04043730324592898
-0.040427099866436535
-0.040425790494631346
-0.04042495801821267
-0.04042433491972733
-0.04042429700799474
0.005061231533462148
-0.06381269792154784
-0.03130202508990392
-0.019419857153268015
-0.02279393371635882
-0.03629248626067807
-0.0903230993420594
-0.30702582757112806
-0.11321709462144114
-0.09472041577690535
-0.09834410362991157
-0.0954748189846609
-0.09607420548209594
-0.09560138095088548
-0.09550138387074207
-0.09552231498535482
-0.09553879735909994
-0.09555186269243791
-0.09554152616704024
-0.09554499164319476
-0.09554196874635436
-0.09554164850261802
-0.09554155459289504
-0.09554154830373027
-0.09554153348706167
-0.09554152616704024
2.0455386258062562
0.7532944659082663
0.29130915679511393
0.09381230088761006
-0.004494336883801996
-0.030275212811916537
-0.13309195400916166
-0.038193984774303254
-0.045179277668070325
-0.03936438453092611
-0.03841454410876374
-0.038588506569753656
-0.038445035850303455
-0.038419910921351816
-0.03841549359148724
-0.03841471502022949
-0.03841458736463004
-0.03841457903919157
-0.03841455611675486
-0.03841454801639458
-0.03841455611675486
-0.015252828707782188
-0.031253168615414204
-0.0951635025016123
-0.038907149135244096
-0.04640838149090367
-0.07079629500039383
-0.050606735849027404
-0.047263358176317306
-0.04658751258066146
-0.04672948877565608
-0.04661600867458465
-0.04659265019465845
-0.046596746214815944
-0.046593501619286416
-0.04659280862951397
-0.04659266330195303
-0.04659265288387716
-0.04659265391243638
-0.04659263954627547
-0.04659265019465845
0.02539324107567288
-0.015629938647900438
-0.02881548368569555
-0.08150008674980186
-0.03562100580415653
-0.04215889528381278
-0.061835623032414314
-0.04569593967298702
-0.048679106193196035
-0.05525904777741114
-0.04999053824394902
-0.04895286062039645
-0.04873581409069827
-0.04869084246857503
-0.04870029759432824
-0.04869284698919294
-0.048691318545062236
-0.0486908496439627
-0.048691063862441854
-0.04869100561463693
-0.04869097095681505
-0.0486908496439627
0.03608327268514318
-0.010112242929361038
-0.034428204931514966
-0.13144091693770446
-0.04354825501234538
-0.052611046995168755
-0.045225646347346354
-0.04388376069268824
-0.043617358994181114
-0.04356125523012891
-0.04355071102642756
-0.04354840150461971
-0.04354876242576137
-0.04354838316429609
-0.04354837783307924
-0.04354844721662462
-0.04354840150461971
-0.0022405845514281647
-0.05355694548437419
0.009966705922846255
-0.07282420851014244
-0.014636434393636004
-0.021740407923763402
-0.05013797615823217
-0.163439674791226
-0.061910401093324
-0.052363508337823564
-0.050593846283253634
-0.05023282736429395
-0.050158027612976594
-0.05014204514584686
-0.05013894223529045
-0.050138346716897327
-0.05013819329993953
-0.050138001720437815
-0.050137972994668066
-0.05013797615823217
0.03226074565098013
-0.013593712057093199
-0.03106945626767781
-0.10085880901479125
-0.03911618495664562
-0.046999458997694074
-0.07394351520815343
-0.05149049119927028
-0.047903121770571246
-0.04718631388911372
-0.047334063886298745
-0.0472176746558281
-0.04719276303178395
-0.04719758358038772
-0.04720166338648829
-0.04719832379353561
-0.04719890920624176
-0.04719937338299491
-0.04719900936904409
-0.04719894779780967
-0.04719894278166901
-0.047198957232871076
-0.047198926967964974
-0.04719894779780967
0.014560015175016842
-0.1041496110016269
-0.044109286195905296
-0.012448170877823905
-0.02091777753856083
-0.05477193047529249
-0.18973118272311695
-0.06741011254489819
-0.05704953319433798
-0.05521564803155241
-0.054859350984109254
-0.05478891964463649
-0.05477404375303298
-0.05477481566253332
-0.05477351524225429
-0.05477502608074969
-0.05477404375303298
0.03942871614146947
-0.01211877722000703
-0.03193856972490494
-0.11106096938702509
-0.04052263738806989
-0.04896232089342407
-0.04219747232327276
-0.043548414989923866
-0.04463447046161738
-0.04550575005986833
-0.04481603955478657
-0.044673999223939866
-0.0446418238740362
-0.04463601745645758
-0.04463456879808152
-0.04463350470435728
-0.04463436671107033
-0.04463447046161738
0.0008744536518913484
-0.06722695952757048
-0.03137708814456878
-0.02502583253013606
-0.025918641814529412
-0.029486313767535674
-0.043791434581846284
-0.10155358648369416
-0.3414397240546893
-1.37701300115509
-0.43534257009005134
-0.5386421333285005
-0.455093401761392
-0.4394336334758297
-0.43620306530004715
-0.43552446770768205
-0.4353811280946993
-0.43535087877521916
-0.4353441237876932
-0.4353460828702602
-0.43534425615427663
-0.43534521932471987
-0.43534467691584205
-0.4353443606772549
-0.4353442611301409
-0.43534423280744494
-0.43534433698694497
-0.43534443313337917
-0.43534423280744494
23.93200189922042
0.9569667574795346
13.754343424232104
5.884620858089778
2.1860093353159975
0.7840792050015983
0.1641210797306705
-0.12789381612100592
0.01597668674209177
-0.05405943498091939
-0.016852144503241195
-0.025220949283694727
-0.058652145819164135
-0.1916907556723987
-0.07312896776902328
-0.08749877549075546
-0.07589646943205991
-0.07369929548286819
-0.07324795854113147
-0.0731538745159167
-0.07313418122784215
-0.07313005959215992
-0.07312919376853663
-0.0731290130114177
-0.07312898001450133
-0.07312897084655968
-0.0731289622023087
-0.07312896776902328
0.15169172405574097
0.03961444227062836
-0.11297400976330951
-0.04156196757593739
-0.01853857630044369
-0.02340646069733358
-0.04286214904464783
-0.12041303488949505
-0.42636491333491106
-0.15150009376577928
-0.12630456058609993
-0.12162486443980756
-0.12066608006078788
-0.12046561907295295
-0.12042419840010599
-0.12041522099426737
-0.12041711792043645
-0.12041597890460332
-0.12041541437276848
-0.1204152853573694
-0.12041534848468949
-0.12041522099426737
2.9347127716199046
1.0346606442035364
0.3906290454709895
0.128572946487082
0.002712320266385704
-0.01406253833655349
-0.010243638970382832
-0.010892670744218876
-0.01348918508435082
-0.023887279850012252
-0.06564263953880824
-0.23388839595785285
-0.784307585700978
-0.3026726348547832
-0.24680580985840528
-0.2365363791980453
-0.2344407990436535
-0.2340040084839535
-0.23391255494573351
-0.2338934190822556
-0.23388928695936667
-0.23388849877693987
-0.23388876768242456
-0.23388869942938864
-0.2338884125274517
-0.2338887647558908
-0.23388858243221303
-0.2338884125274517
1.7881295757706395
10.086321194924171
3.7030323481113725
1.395144537850316
0.5257146071729035
0.1379899808356301
-0.07019342956610856
-0.06052126591343308
-0.058355258858684596
-0.04969335785765678
-0.049909090226310994
-0.05070132396203703
-0.05274718971950071
-0.05125686232841398
-0.050823316726373885
-0.05072719915719588
-0.05070676917649021
-0.050702165961691546
-0.050701621539422974
-0.05070142091552162
-0.050701318446457685
-0.05070114463306898
-0.050701320994027015
-0.0507010305291062
-0.05070103405040275
-0.050701311519655935
-0.050701824934936586
-0.05070102502679137
-0.050701311519655935
0.787252968472853
0.30233594781136447
0.11581989501101497
0.031129775579332133
-0.014631851285899089
-0.016039164801966394
-0.021665133143809596
-0.044138926531985465
-0.13348719847343937
-0.05441960467027635
-0.04612058836033695
-0.04454892736345076
-0.04422508112185273
-0.044157292813630594
-0.04414239253730516
-0.04414553204269837
-0.04414309223895236
-0.04414259492657035
-0.04414236818314961
-0.04414246409887064
-0.04414249684021706
-0.04414241917237911
-0.04414236818314961
0.5805744443728517
0.22794057674489873
0.0864251361069175
0.019981429220600144
-0.017325159112940358
-0.015893425103889542
-0.010169992793661677
-0.035757292336570705
-0.013138731155410446
-0.01610948908535675
-0.025938810108861583
-0.027668597284545696
-0.026282960706975847
-0.02600841110734336
-0.025953048922161423
-0.02594164032968543
-0.025939454430964175
-0.025938973206336577
-0.02593889114843527
-0.025938848787946396
-0.025938716999064464
0.004725162594159926
-0.014615821562782993
-0.015455243103220268
-0.018810591450217358
-0.032211074741614616
-0.08549746095672965
-0.038993423328062174
-0.04564599494597547
-0.06560982342316612
-0.04923911465659917
-0.04638300046746303
-0.0469726539882573
-0.046506671199524986
-0.04660457823653584
-0.04668221569032888
-0.04662092294730756
-0.046608114424703105
-0.04660540916377499
-0.046604849652267626
-0.04660459815280427
-0.04660483019603232
-0.04660490487026474
-0.046604728159845184
-0.04660459815280427
1.3451991954201707
0.48361203805512243
0.18708429128177645
0.06600171198033644
0.00810135654668228
-0.031187045917811712
-0.006432889013979866
-0.01093518563673391
-0.028927252890550814
-0.013465219805997977
-0.01577286976674765
-0.02235251318035546
-0.016969233764760505
-0.017962080185457717
-0.017174901116129872
-0.01733703644299176
-0.017464688340335793
-0.01736191439719212
-0.017341639126592253
-0.01733783816115666
-0.01733775353528492
-0.01733802440988581
-0.01733703644299176
-0.011966693781866062
-0.014575517953914405
-0.024996644626557492
-0.06646466084688889
-0.030219149879740045
-0.02601911926377394
-0.02685461972811091
-0.027531592580948252
-0.028078479634770587
-0.02764587730100246
-0.027737304223199644
-0.027664729985195417
-0.02768017305825843
-0.02766817500264645
-0.027665228744402175
-0.027664869485065274
-0.027665452885768615
-0.02766476934833996
-0.027665363601290766
-0.027664869485065274
0.09870984792069744
0.035110120671474176
0.0026833067851546777
-0.036273824424916605
-0.016987175310646644
-0.013317484006524377
-0.013634773336916943
-0.014910692750314885
-0.020016273273943275
-0.04053885721544128
-0.12333073593701545
-0.05006878420920517
-0.05976576446249156
-0.09155891757605729
-0.06529874712879036
-0.07007367500953555
-0.06627869660783287
-0.06706346751325509
-0.06768779081044626
-0.06818471655401889
-0.06779302034213146
-0.06770952846672407
-0.06772672866803846
-0.06774149201943351
-0.06772961777902467
-0.06773313823082633
-0.06773006263135328
-0.06773042919659587
-0.0677307172410811
-0.06773094278112544
-0.06773208711688508
-0.06773097044251176
-0.06773191437708818
-0.06773094532787562
-0.0677319035921414
-0.06773094532787562
10.741098625218505
3.451991717702522
1.1222185814219974
0.40506721170226223
0.1479495788554036
0.03705879538622117
-0.06297137100348262
-0.0038065641341628736
-0.01127744624110655
-0.041112782073031415
-0.014338049156843427
-0.017124720756007454
-0.014875819608953032
-0.014446669741637642
-0.014355556068311966
-0.014340215592309214
-0.014338253895890985
-0.014338606083334591
-0.014338049156843427
-0.013171931094961594
-0.008507468389418066
-0.033883952231338554
-0.01111549078684062
-0.01380088148474052
-0.023847209318454108
-0.01544677928072944
-0.016884108353165717
-0.01573858319271258
-0.015971534464595333
-0.015786974407056176
-0.01574718195868916
-0.0157403804644872
-0.015739004352005356
-0.01573911971342166
-0.01573880234504874
-0.01573858319271258
-0.011513766266103112
-0.013883298937383163
-0.023349119640214532
-0.061042909863872355
-0.028101606610649237
-0.024271504272734726
-0.02353989911943591
-0.023389023640188224
-0.023357577140603405
-0.023350902655070154
-0.02334943560261086
-0.02334976612521454
-0.02334948681044409
-0.023349714719616155
-0.02334959704821839
-0.023349556745862924
-0.023349548106354426
-0.02334948681044409
0.059625809407402364
0.017894223083017104
-0.004889227529965195
-0.018769428960206225
-0.07412228559033966
-0.022941728179024387
-0.019463653702866276
-0.018896586602178515
-0.01879224459668401
-0.01877413795385093
-0.01877769056636564
-0.01878045168208277
-0.01877818447055072
-0.018778572544436767
-0.018778252517730746
-0.018778189026176006
-0.01877820455802267
-0.01877818314523403
-0.018778192260447083
-0.018778181935074044
-0.01877818314523403
-0.008234413349888774
-0.016154615868180136
-0.04776889641949195
-0.019698783881231918
-0.016831051032404808
-0.01629363972823593
-0.016183365368053693
-0.01620584862557532
-0.01622327323857528
-0.016236490157496123
-0.016247175380909328
-0.01623844936671603
-0.016239669298647185
-0.016240042781152014
-0.016243952259758266
-0.016240267153331805
-0.016240075485812862
-0.01624162926637172
-0.016240796187783697
-0.016240075485812862
-0.009991121898096426
-0.014790112805441392
-0.03395804023773454
-0.01743481613770992
-0.01991980219038212
-0.017930185197510398
-0.01753795575487615
-0.017456348650408446
-0.017472378809423646
-0.017485584345679556
-0.017475423628227404
-0.01747281601986897
-0.017472688262161428
-0.017472528084367545
-0.01747253121079177
-0.017472378809423646
-0.004146354802296673
-0.027592720898122005
-0.007128473082974708
-0.009821121311848778
-0.018710395668925517
-0.011426517336081304
-0.012733952439763142
-0.015722737626342752
-0.013328256432141717
-0.013802537170773411
-0.014178545632944552
-0.013880794571938297
-0.013942637033029627
-0.01389195964694937
-0.013881974506397143
-0.013881036013270417
-0.013880800217743464
-0.0138809707218385
-0.013880794571938297
-0.01242414096548215
-0.012624467084604
-0.013427697798572322
-0.016641929077911368
-0.029511703891744834
-0.08095363271078916
-0.03589397361725024
-0.04222401008497918
-0.06162117975430136
-0.045691963840234266
-0.04864979107649673
-0.05513805994361966
-0.049952610751326426
-0.05100518467063357
-0.050173101390366195
-0.04999908469854866
-0.04996228295219407
-0.049969615304430594
-0.04996396752170991
-0.04996495481131306
-0.04996592125554885
-0.0499668545037333
-0.04996615217945848
-0.049965925128825625
-0.04996597391445697
-0.04996597137793892
-0.04996605959539126
-0.04996593935519751
-0.049965925128825625
9.199305104492131
2.8248125744533983
0.9055401250128181
0.322675482321872
0.11767612805380742
0.030911058840481797
-0.01371748568076756
-0.01128823202639136
-0.01113160384626188
-0.01050581971846548
-0.00800816311865947
-0.07181567839682666
-0.011207825080178032
-0.01507035696335021
-0.011933731597300035
-0.0125361549684358
-0.01303020737362181
-0.013433163175634744
-0.013113617547793005
-0.013047712717091297
-0.013033647445596049
-0.01303086062702875
-0.013030492493439549
-0.013030390088245561
-0.013030397730178108
-0.01303020737362181
-0.010322778887511463
-0.011760208040530415
-0.017510591349647546
-0.04044398666878292
-0.020658311255418744
-0.018130033305774555
-0.017639434073703764
-0.017537641008994485
-0.01755884912068174
-0.017575549156367602
-0.01756267046341286
-0.01756019122671837
-0.017559012942466957
-0.017558953989556952
-0.017558946771154476
-0.01755884912068174
0.03157643424673412
0.006704212163602379
-0.008013852574961325
-0.012808909987394977
-0.031965820578462506
-0.015263617230168516
-0.013288901365400035
-0.012908835057829388
-0.012829780383259411
-0.012845680712213313
-0.012858650869566356
-0.012847168131781399
-0.01284593095860346
-0.012845705380534271
-0.012845760690750455
-0.012845704080211608
-0.012845701358117648
-0.012845810300165945
-0.012845699529417096
-0.012845701358117648
-0.01034297917191669
-0.011619126429818091
-0.016721960946697877
-0.037077773134676674
-0.01959413366407487
-0.017289815808288155
-0.01775179377886604
-0.01738580234518288
-0.017463292536141123
-0.01740245403385151
-0.017389756328102423
-0.017387171162014894
-0.017386167111193503
-0.01738658064827176
-0.017386122266522763
-0.01738580234518288
0.034949699504104544
0.008612098036535815
-0.006735309530620447
-0.014218569558034347
-0.04409416422451969
-0.017368806934257235
-0.014805303820134567
-0.014338407903898369
-0.014432384309394308
-0.01435815935407324
-0.014341167038518992
-0.014343429766411847
-0.014341506129844694
-0.01434205344091155
-0.014341553349660854
-0.014341538130765379
-0.014341506129844694
-0.008755269573725237
-0.012830627451538413
-0.029107062427324058
-0.015072498693410034
-0.013273319400366308
-0.013633185699629641
-0.013348619828621192
-0.01328891901755056
-0.013277015353312308
-0.01327365332840454
-0.013274503405915449
-0.013273746185177297
-0.013274336322093171
-0.01327365332840454
-0.013273800789501026
-0.01327365332840454
-0.009093047184728371
-0.012924486576713063
-0.028231032127430573
-0.015091527714457691
-0.01335445332735723
-0.013703380864311311
-0.013427539865717682
-0.01336990266657009
-0.013357726953278639
-0.013355120378027309
-0.013355699163725192
-0.013355118796702202
-0.013355260003472627
-0.013355206132524625
-0.013355336160622403
-0.013355118796702202
-0.008484226505848107
-0.013998211727573028
-0.03601847931898892
-0.0167611647915246
-0.014533134517651166
-0.014108020486451945
-0.014020976795436365
-0.014038907673478644
-0.014053027402926679
-0.014064114082848782
-0.014073279547462611
-0.014065752798552895
-0.014064443732349833
-0.014064155635820946
-0.014064220633980065
-0.014064160007941955
-0.014064157080095206
-0.014064156132062933
-0.01406416985576227
-0.014064157080095206
-0.007552193774870872
-0.015096640203562472
-0.04521753277286885
-0.01840474512189693
-0.01571543991165415
-0.015222288544719397
-0.015122055439500695
-0.01510154452875158
-0.015097540592396883
-0.01509664491090647
-0.015096709417838399
-0.015096706251215572
-0.015096640203562472
-0.006301146753172243
-0.016501182061044922
-0.05720684795329149
-0.020292569110737724
-0.017175795328561342
-0.016632214108824712
-0.01652663446374112
-0.01650633110916852
-0.01650223449114277
-0.016501388182726864
-0.016501583839967193
-0.01650142403734321
-0.016501533863772577
-0.016501409290493763
-0.016501388182726864
-0.004619340545856694
-0.018405578801574944
-0.07338940103550703
-0.022396351908535377
-0.019039965272981654
-0.01851421966487867
-0.018427140411571487
-0.01840930034446697
-0.01840622671734513
-0.01840570766647432
-0.018405592367823378
-0.01840578393746841
-0.018405578801574944
-0.0023556954028291833
-0.020987743902359184
-0.006128642359392565
-0.008627928505771286
-0.010510066194083737
-0.015750101891845208
-0.011440678524573245
-0.012173766452842698
-0.013961856727231813
-0.012494029680341825
-0.01223257168206363
-0.012185894123020102
-0.012175596652063077
-0.012174038967812816
-0.012173802005477732
-0.01217377150126168
-0.012173768059565762
-0.012173769967979822
-0.012173768059565762
-0.010801846635619155
-0.01098560791273668
-0.011722962756019957
-0.014669260738142575
-0.026425756347467216
-0.07292599519639412
-0.03219302678217043
-0.0379171260489884
-0.03332412214936857
-0.03424519141315474
-0.034989058257939694
-0.03440165568718419
-0.034278431425978965
-0.03425219360949951
-0.034257523993937694
-0.03426163398182776
-0.03426520933672598
-0.03426239933823451
-0.034262064634268
-0.03426181995084271
-0.03426170593994526
-0.03426163730234549
-0.034262644104525196
-0.03426163398182776
3.739893161360139
1.1585520798076099
0.39725866834530177
0.14806026145499773
0.05139717801277303
0.006909900822434138
-0.025490996357077543
-0.004866516171049357
-0.008313238174204507
-0.02208799085376414
-0.01012107778795984
-0.011782051496568646
-0.01045562766193833
-0.010723235421221373
-0.010510624166412665
-0.010464929252366448
-0.01047193476328352
-0.010466083864501166
-0.010465335283575565
-0.010465738887870306
-0.010464929252366448
-0.010365362128406413
-0.009964263252252656
-0.008361563868253432
-0.047596370889403265
-0.011198594404329883
-0.014441280822785407
-0.011813991158967996
-0.012323396143862683
-0.011920066785899184
-0.011836231515220596
-0.011818764527069646
-0.011815060936530066
-0.01181418927789699
-0.011814414237997799
-0.01181428830550134
-0.011814163790588597
-0.011814277524860776
-0.011814631455408375
-0.011814163790588597
-0.0087854783586404
-0.011420288281811589
-0.021949270670472396
-0.013037908121309286
-0.014503491171567403
-0.013333082567857668
-0.013099538778535067
-0.013050590304115076
-0.013061151606340995
-0.013052620336717835
-0.013051025769046437
-0.013050705753941726
-0.013050650142054091
-0.013050618440244598
-0.01305064555633849
-0.013050590304115076
-0.004342089573658594
-0.010562377685358473
-0.010229804409352736
-0.00889884340770035
-0.014379109507065153
-0.03625712159355623
-0.01719526250018599
-0.014927406793812511
-0.01449243104562932
-0.014402911308501595
-0.014384027895894116
-0.014387967665213774
-0.014384871768291323
-0.014384212112973293
-0.014384189288357144
-0.014384055833788247
-0.014384069250287578
-0.014384027895894116
0.004002893952931352
-0.007463127033385845
-0.011840358760940315
-0.029330545826310256
-0.014086014775452483
-0.012278556022950318
-0.011930897053372046
-0.011859373146502655
-0.01184436160715743
-0.01184121016880366
-0.011840524978517886
-0.011840656949935337
-0.01184076470839818
-0.011840679356732204
-0.011840661554193948
-0.011840665096431701
-0.011840656949935337
-0.009057926938172124
-0.01081177619806599
-0.017824094232112224
-0.011992069801681748
-0.01302474730449699
-0.01542499297723285
-0.01349731716754723
-0.013122963467994606
-0.013045305368577648
-0.013061598539907883
-0.013048746680416992
-0.013046066088522311
-0.013045457348282821
-0.01304532988979069
-0.013045392731459104
-0.013045369773188212
-0.013045371593352706
-0.01304532988979069
-0.0021689902167412846
-0.009692509367745085
-0.010175563933398758
-0.01211173666715279
-0.019844121879770842
-0.05061831228361716
-0.02382393418258423
-0.02062122327654182
-0.02000493669089439
-0.019877856760657394
-0.019850967460895586
-0.01985636063895744
-0.019860834726446557
-0.019857303526065302
-0.019856556064780425
-0.01985640314465533
-0.019856370709311354
-0.01985636465085398
-0.01985636385887967
-0.01985636297239902
-0.01985636063895744
0.21822689954833985
0.08705145679717019
0.03190710263844076
0.005120847565216841
-0.010338535455728118
-0.010038690056876002
-0.008839118215252156
-0.014518840056290085
-0.03719482275517971
-0.017408814630428992
-0.015080372523368012
-0.014635035794035437
-0.014542826362043342
-0.014523972788527713
-0.014520017775987682
-0.01451962803784107
-0.01451881051646789
-0.014518944503626641
-0.01451898294654158
-0.01451881051646789
0.0074027640241713134
-0.00551505825303995
-0.014415391015150361
-0.04994829119999709
-0.01769202695353578
-0.014996195688570439
-0.014526893559940812
-0.014437075970183184
-0.014419618890721667
-0.014416217450148337
-0.014415552175631305
-0.014415422636026956
-0.0144153971715041
-0.014415392364499425
-0.014415393701576771
-0.014415392501293577
-0.014415392239868029
-0.014415392222450406
-0.014415390719356784
-0.014415392222450406
-0.005590505673859419
-0.014314076172051477
-0.049141374503365046
-0.017566135611080908
-0.014892446876843558
-0.014425774657981292
-0.014336372282919195
-0.014318490747852778
-0.01431495374923005
-0.014314247709701102
-0.014314103663724221
-0.014314079795421007
-0.01431407934091624
-0.014314076172051477
-0.005663558334692456
-0.014214596201438195
-0.04835194213370379
-0.01744074779624299
-0.01479120365054068
-0.01432596182895916
-0.014236234907923508
-0.01421875815281823
-0.014215394989657699
-0.01421467264165244
-0.014214728962003868
-0.014214768242148026
-0.014214746543334152
-0.01421467264165244
-0.0057351408709493635
-0.014116334332357152
-0.047577645374845746
-0.017314601536037595
-0.014692786567957396
-0.014228138772912298
-0.014138176079307013
-0.014120804358194246
-0.014124398292863057
-0.01412159806450293
-0.014120970473393942
-0.014120886119772295
-0.014120980359115515
-0.014120804358194246
-0.005797732845638874
-0.014031787639738218
-0.0469081403251249
-0.017207254089685382
-0.014603904430012788
-0.01414276522763497
-0.014054111476910243
-0.014036421489060905
-0.0140327036107358
-0.014032026589454065
-0.014032016497905255
-0.014031972896621595
-0.014032026757559482
-0.014032027134161382
-0.014032026757559482
-0.00585825740709299
-0.013944686803367298
-0.046230412625250794
-0.017095237506787153
-0.014513619988264661
-0.014056450794907145
-0.013966705213406764
-0.013949062472554079
-0.01394555090939832
-0.01394485770615942
-0.013944681885194937
-0.01394468019283625
-0.013944723160916037
-0.0139447583215876
-0.013944793111532468
-0.013944723160916037
-0.005920218667012513
-0.013858937584814993
-0.04555622854389797
-0.016983341697764925
-0.014425726801055912
-0.013970111777933758
-0.013881219074180676
-0.013863388306883707
-0.013859826596870298
-0.013859115322438548
-0.013858973587190298
-0.013858946103325996
-0.013858940683342817
-0.013858936226047992
-0.013858937175628866
-0.013858936226047992
-0.005978342109639772
-0.01377328247912612
-0.04490016784397123
-0.01687229840697173
-0.014336406474725137
-0.013884068156157843
-0.013794768971667285
-0.013777564146576082
-0.01377379537023994
-0.013774366399088992
-0.013773871699502224
-0.01377385080229709
-0.01377391409963211
-0.01377379537023994
-0.006035369623160411
-0.013691065027552083
-0.04426152405507136
-0.016762603808906314
-0.014252872968063763
-0.013801743764478269
-0.01371311997195452
-0.013695493407685146
-0.013691953207528652
-0.013691245773241085
-0.013691389178809674
-0.013691275743070754
-0.013691249873048329
-0.01369125251969533
-0.013691252178656566
-0.013691249873048329
-0.006091830409888602
-0.013608773118025002
-0.04362701332384285
-0.016654714722376406
-0.014165407955223582
-0.013718530601125437
-0.013630211495857756
-0.013613246696722717
-0.013609681310474997
-0.013608959668288716
-0.013608809316059605
-0.013608782126363761
-0.013608774853096453
-0.013608774454621
-0.013608773118025002
-0.0061471668536564215
-0.013527494944526652
-0.04300112531428328
-0.016546079066123175
-0.014081224704734233
-0.013636363081197204
-0.013549231415566675
-0.013531926975784411
-0.013528381841335467
-0.013527682006399547
-0.013527571833316342
-0.013527564577212619
-0.013527494944526652
-0.006203088948822269
-0.013446426178412595
-0.04237276871027485
-0.01643735278926848
-0.013996361887284134
-0.013555828384546146
-0.013468449944132519
-0.013450852966447943
-0.013447318031117362
-0.013446605870652523
-0.013446460938686783
-0.013446489403009262
-0.013446466759245688
-0.013446463114080508
-0.013446461510112058
-0.013446460938686783
-0.006257075518406745
-0.013367545765374675
-0.04176513737411115
-0.016330812769919684
-0.013913485196213406
-0.013475619707142497
-0.013389422572558051
-0.01337187369446331
-0.013375347406770629
-0.013372528886723497
-0.013373135723555609
-0.013372710651106859
-0.013372546779243611
-0.013372573012090804
-0.013372528886723497
-0.00629913534360559
-0.013304868811855773
-0.04128335725522648
-0.016244937833766546
-0.013849401478376093
-0.013414383008269786
-0.01332691705159625
-0.013309254377202182
-0.01330583273748589
-0.013305001295611308
-0.013304885923473233
-0.013304891166411021
-0.013304959479942393
-0.013304904044964556
-0.013304914240805476
-0.013304891166411021
-0.006341800477234155
-0.013236206952083053
-0.04077150369087495
-0.016152931930017236
-0.013775426582087531
-0.01334271532805706
-0.013428654782810684
-0.013358775461527196
-0.013345499343051273
-0.013343129447620729
-0.013343507805954924
-0.013343259600876263
-0.013343137490723418
-0.013343135167537155
-0.013343134701552645
-0.01334310697223153
-0.013343127387371622
-0.013343134701552645
-0.0061664021262446515
-0.013496806652396593
-0.042770569362132915
-0.01650593675577596
-0.014049556350289618
-0.013606673273026705
-0.013517724105502905
-0.01353403804825468
-0.013546772116531804
-0.013556885399225635
-0.01358212020917866
-0.013560400971020403
-0.013563195253060907
-0.013572647354044365
-0.01356426796261533
-0.013565920358240448
-0.013564294271203457
-0.013564304411639354
-0.013564217205383592
-0.01356431406903001
-0.0135642966644384
-0.013564217205383592
-0.005842823783833815
-0.01387719335955242
-0.04595866475619011
-0.01701240572413359
-0.014445394688806875
-0.013987858410752382
-0.01389882085007131
-0.01388144271111217
-0.013878033403205637
-0.013877360662845365
-0.013877227502595091
-0.013877318318915264
-0.013877244785834205
-0.013877227123254012
-0.013877230683756184
-0.013877229284211923
-0.013877227123254012
-0.005491202751583955
-0.014216086319754413
-0.04905098778564725
-0.017447147160577516
-0.014789608084284662
-0.014327606533028532
-0.014237256854327437
-0.014219053161197715
-0.014221888818671383
-0.014218748088473895
-0.014219326014633086
-0.014218748088473895
-0.014218749019418248
-0.014218748088473895
-0.0051034791396182
-0.014594651132951648
-0.05248696798419858
-0.017905307936991084
-0.015168953641540896
-0.014701760384340588
-0.014614807504443529
-0.014598492793286797
-0.014594817522785086
-0.01459469197983921
-0.014594650749256428
-0.014594784892415523
-0.014594651132951648
-0.00468602023518188
-0.015005226843241005
-0.05619406632371753
-0.018367364671360756
-0.015571070805876256
-0.015111552935082734
-0.01502425100039807
-0.015008393910050247
-0.015005755407342466
-0.015005324597680881
-0.01500523450572536
-0.015005252277138998
-0.015005241285169323
-0.01500523450572536
-0.004232889358096747
-0.015449747269323463
-0.06021463711151443
-0.018820514268098023
-0.015995067173766354
-0.015547567840175443
-0.01546815753836551
-0.015453323868033221
-0.015450026462909201
-0.015450269239218752
-0.015450038537192541
-0.015450029448996455
-0.015450026462909201
-0.0037421834955284
-0.01593386140677225
-0.06457954067904834
-0.019245534318837666
-0.016442872139723296
-0.016019161201330883
-0.015948348309576824
-0.01593634931610839
-0.01593428812024104
-0.01593393821672261
-0.01593399965616576
-0.015933947662361746
-0.01593393970799569
-0.01593394506075882
-0.015933947905683428
-0.01593394612234892
-0.01593394506075882
-0.0032100133038864293
-0.01646255081664033
-0.06933630478981889
-0.01960850199143205
-0.016907350838102495
-0.016531799165395898
-0.016470336579345757
-0.01646474580740121
-0.01646183246787165
-0.01646232947315733
-0.01646183246787165
-0.0026317457428308684
-0.017037724504379397
-0.07449961119461591
-0.019837686419184496
-0.017382282570260147
-0.017085096930533283
-0.01704372404220516
-0.017038530712885663
-0.017037826328490113
-0.01703752797584332
-0.01703769896679279
-0.01703752797584332
-0.01703752797584332
-0.017037733026609686
-0.01703752797584332
-0.017037731235332174
-0.01703752797584332
-0.0020068919111375905
-0.017661943603774783
-0.0800919763456695
-0.019788817395116395
-0.017863514065173527
-0.01768234615143776
-0.017663916880708955
-0.017662132069229414
-0.017661956294353107
-0.01766194206078644
-0.01766194333239411
-0.01766194206078644
-0.001329969056349298
-0.018341750572777628
-0.0005946713377534405
-0.019081100107564995
0.0002012815255970323
-0.02299364095301128
-0.010077597219629579
-0.009698034799691845
-0.008182341892248955
-0.014773172702590235
-0.009251341500473532
-0.010200538782189057
-0.01248762755608731
-0.010646029921158272
-0.011010691226907635
-0.011306668192176704
-0.011545583495210968
-0.01173767491887777
-0.011585783394978599
-0.011554057960922796
-0.011547373742251432
-0.011545963255526825
-0.01154625829138475
-0.011546024788332282
-0.011545975344584984
-0.011545964749748809
-0.01154596283497452
-0.011545962127748433
-0.011545963255526825
-0.007123748388658345
-0.0128872337472073
-0.03591010558015485
-0.015580723631450346
-0.01339824481603554
-0.012991533279136502
-0.012907626022447534
-0.01289144911417298
-0.012888086956830334
-0.012888783800945231
-0.012888201013596232
-0.01288820117931252
-0.012888472739124388
-0.01288832606980124
-0.012888313691646561
-0.012888299933786023
-0.01288820117931252
-0.005326163653150725
-0.01520026197993418
-0.006725747025456194
-0.008018378061314942
-0.011610109242852863
-0.012253411083256489
-0.011738326806291603
-0.011636153708227908
-0.011615590467684126
-0.011611255817823105
-0.011610347524857921
-0.011610153482482259
-0.011610118950840591
-0.0116101118704648
-0.01161011116597843
-0.011610109242852863
-0.008657326565545817
-0.010033743438264109
-0.015534351200792633
-0.010993063659833774
-0.011818537327250623
-0.013676663001329128
-0.012189337719022725
-0.0118958841136295
-0.01183461465366075
-0.011847269595650538
-0.011837203324580579
-0.011839333487972408
-0.011837721483976136
-0.011837387367151184
-0.011837328754284141
-0.011837222361062267
-0.011837349155503345
-0.011837203324580579
-0.0041827832200388056
-0.009676214782827139
-0.009583288747450987
-0.009211270546030121
-0.007725348811398528
-0.04362391172704789
-0.010333932809957758
-0.013309217156428018
-0.010898234417550138
-0.010450804742672161
-0.010543758998898796
-0.010470482409971428
-0.010453934004753892
-0.010456509688898018
-0.010454315181029529
-0.010454904821838614
-0.01045456827658793
-0.010454601174504327
-0.010454338231949157
-0.010454315181029529
-0.009008492358173524
-0.009764292207037893
-0.01278428048100786
-0.0248495931476081
-0.014632162430465556
-0.01631498183613354
-0.014972413128857623
-0.014703266916500627
-0.01464722668227366
-0.014635069461902994
-0.014637714473317576
-0.014635703375046697
-0.014635075850491635
-0.014634111813672926
-0.014635315764980332
-0.014634111813672926
0.0442456307286317
0.014844510252349391
-0.0007431564990504987
-0.010075348342985978
-0.009538299788488112
-0.007390052651536322
-0.01649730493624946
-0.008705061229217102
-0.009924440540593016
-0.013211675453106043
-0.010538390397919024
-0.011048819349121114
-0.011468921456038882
-0.01113535558873294
-0.011065586963332283
-0.011079932664142401
-0.011067625424277343
-0.01106607921636224
-0.0110659942789101
-0.011065606443338052
-0.011065586963332283
-0.008185987911743532
-0.010425997295523577
-0.019382352418870537
-0.011829257068663111
-0.010707864705291436
-0.010935308412159775
-0.010755469481591038
-0.010717704079730073
-0.010709731695121428
-0.010711185805330542
-0.010712402966839535
-0.010711437846472781
-0.010711224230605304
-0.010711270625491121
-0.010711234084563016
-0.010711235335050586
-0.010711229995132989
-0.010711224230605304
-0.008155250935833584
-0.010719308909463444
-0.02096813843339878
-0.012275168812581913
-0.011029558950114286
-0.011281328720596258
-0.011082458411448781
-0.011040420097802827
-0.011031576258596514
-0.011030022716283443
-0.01102948166848313
-0.011029793886508961
-0.011029729460372504
-0.01102948166848313
-0.007416468351853962
-0.011926028016619074
-0.02994436974884619
-0.014221506931761302
-0.012370266013513752
-0.01201712074719303
-0.011945012925383528
-0.011929845015397336
-0.011927057409360894
-0.01192625939868863
-0.011926066206092255
-0.01192617902636909
-0.011926028016619074
-0.006266730722917079
-0.013335267699372315
-0.04156524834677522
-0.016297194815520267
-0.01388203363757625
-0.013444342644431444
-0.01335707812585671
-0.013373864732661897
-0.013386678728768631
-0.01339676559118094
-0.013388793542105237
-0.013386991185217575
-0.013387062735688696
-0.013387117101788666
-0.013386678728768631
-0.013386811551314028
-0.013386678728768631
-0.004340444372588915
-0.015797638648712937
-0.005920514164155846
-0.0073761818540277295
-0.011587498244978385
-0.012299846930956489
-0.011724551215703786
-0.01161431771892585
-0.011592827902665699
-0.01158852837509893
-0.011587707036391972
-0.011587555967789877
-0.011587516963900835
-0.01158749612346295
-0.011587506959363877
-0.01158749612346295
-0.008434829724176323
-0.009797997930951912
-0.015249294978478803
-0.010744663706452088
-0.01156110111989695
-0.013405580716134312
-0.011927383317903831
-0.012224701542236557
-0.011989213786262646
-0.012038841067421882
-0.011999857026391454
-0.011991205816711158
-0.011989673411577053
-0.011989340375805508
-0.011989272261086356
-0.011989218917708514
-0.011989245366091186
-0.011989748347945986
-0.011989213786262646
-0.002203945447280277
-0.00900283174985922
-0.0094232178616453
-0.011106416361868756
-0.017829028139918636
-0.04461816591716254
-0.021336233215554296
-0.018515430465307375
-0.0179719633702928
-0.017858640860848277
-0.017882183769413973
-0.01786399021295525
-0.017860141742144037
-0.01785986005807533
-0.01785977805369956
-0.017859592747780144
-0.017858640860848277
0.18919042494534546
0.0756783621745381
0.027522916998742014
0.003973616534380344
-0.009670889774185815
-0.009317436120993986
-0.007904786106907577
-0.014523135557958096
-0.008966340441075834
-0.009914107473374551
-0.012218364921265244
-0.0126671481073467
-0.012311158838025358
-0.012237413441083382
-0.01225252997185434
-0.012264928796800998
-0.012254781331646218
-0.012256634010143248
-0.012255267809265778
-0.012254676522434766
-0.012254796680647665
-0.01225481286518582
-0.012254676522434766
-0.0028961296860091764
-0.009459708582089265
-0.009288248907297667
-0.008602364275363978
-0.005862687842704017
-0.07198761799368418
-0.008414414449152897
-0.011550128381389276
-0.00900384608505296
-0.009492181370415022
-0.009892945389405723
-0.010219626795777521
-0.009960384383122337
-0.009907036291994117
-0.009895624968228746
-0.009894174247816927
-0.009893005234094586
-0.009893705609457909
-0.009892997487930917
-0.009893005234094586
-0.009085794091128878
-0.005856896532791937
-0.02591129846555811
-0.007730734402161876
-0.00969553946472034
-0.017805551378642807
-0.01094981576631792
-0.009948479220259928
-0.009748610991276422
-0.009706280778881523
-0.009714964495248299
-0.009707623896472273
-0.009708697966716083
-0.009711711794655593
-0.009712045841454514
-0.00971177334006072
-0.009711719216611141
-0.009711711787538702
-0.009711709398233298
-0.009711713487517173
-0.009711709398233298
-0.00912413549247535
-0.0067731389027082065
-0.020658896515404652
-0.008415551061204786
-0.010042881389096276
-0.015352208430176695
-0.010958802918420243
-0.01022894855445319
-0.010378125333929183
-0.010258974589311921
-0.010236045024162919
-0.010229447827930943
-0.010229926940072992
-0.01023267714057038
-0.010230264076603672
-0.010230496346293609
-0.010231475923246797
-0.010230702473899005
-0.010230410994320236
-0.010230406642604656
-0.010230547844714484
-0.010230410994320236
-0.008727411846112356
-0.0093737802124975
-0.011958715171899973
-0.02228646184288886
-0.013580219175387369
-0.015042464878128508
-0.013876636887927955
-0.014114930189187183
-0.014305466084922207
-0.01445788491355471
-0.01433768302356815
-0.014312187554057993
-0.014306878504950129
-0.014305654477814152
-0.01430598678434311
-0.014305583728605962
-0.014306006132803355
-0.014305701917794985
-0.014305804906359076
-0.014305801139064225
-0.014305583728605962
0.049651730520290586
0.017644056256521556
0.000979758189013399
-0.009000316192977633
-0.009146529053679625
-0.009731928441864515
-0.012072144122413128
-0.021412284620596002
-0.05845164407033903
-0.02602540402891685
-0.02231123612131193
-0.023048216521972056
-0.023646892830310694
-0.024130580646977966
-0.023748156338703936
-0.02382776650907215
-0.023892111402330198
-0.023840835154404754
-0.02385234506764372
-0.02384413018235724
-0.02384219757177696
-0.02384092837569839
-0.023840822107461176
-0.023841241172242063
-0.023840857109542837
-0.023840869076277124
-0.023840857712502966
-0.023840822107461176
1.6114121436706303
0.5264976086967219
0.19085114211787824
0.07213417120434185
0.022168939071573943
-0.0024678718904395554
-0.01162328863758095
-0.048181419443740284
-0.013912303227999866
-0.01197810674562118
-0.011683126489912897
-0.011632023288760656
-0.011638845483598203
-0.011632452263035454
-0.011632594528488952
-0.011632094533810068
-0.011632023288760656
-0.007690066424421996
-0.009380223325547006
-0.016136619806971262
-0.010487668697772685
-0.011464923987676706
-0.010687416448977171
-0.0105285486341969
-0.01056109376487494
-0.010535366805121075
-0.010530050596002039
-0.010529029443731857
-0.01052856570948976
-0.010528572811658898
-0.01052866106965825
-0.010528549497656258
-0.0105285486341969
-0.006532933301558769
-0.012120576754003902
-0.03444293701516195
-0.0146852224570793
-0.012604902350367356
-0.012219483127401667
-0.012140464692733886
-0.012124432420439327
-0.012121470718451566
-0.012121098206100665
-0.012120762503371772
-0.012120574949459052
-0.012120566645592998
-0.012120694101171869
-0.012120566645592998
-0.012120566645592998
-0.01212077210887809
-0.012120566645592998
-0.004270128993839954
-0.009886377769214858
-0.009178249964903242
-0.006346546485351274
-0.014872777847147384
-0.007563676095805621
-0.008693446630443299
-0.01178383198025602
-0.009267956574791765
-0.0088122846892835
-0.008717378546971424
-0.008736475615641212
-0.008721028684113282
-0.008717684472844007
-0.008717337692407689
-0.008717413521362469
-0.008717337692407689
-0.008717333893236826
-0.008717334110059838
-0.00883386426515874
-0.00929814936290911
-0.011154662272246147
-0.01856833171765853
-0.048024279216688094
-0.02236829770367369
-0.026082399966391463
-0.03707545980480108
-0.028072873754963045
-0.026490482443044465
-0.026168246521362664
-0.026100456377517713
-0.026086280902085417
-0.026083226499528107
-0.026082569848319106
-0.026082435777300038
-0.02608246587474808
-0.026082447188067744
-0.026082439149064864
-0.026082440489742856
-0.026082441180760984
-0.026082435777300038
2.6592909818374015
0.8277896302495711
0.28540378848249476
0.1062616807361332
0.0361284908127576
0.0036249408701244756
-0.019361793049571262
-0.0048936906474685285
-0.007159529924378622
-0.016218363965497074
-0.008451895343881003
-0.009627551246519409
-0.012924259526500783
-0.01021707849233021
-0.009741207483252724
-0.00965082062121598
-0.009631180982375878
-0.009627769089492227
-0.009627433177721885
-0.009627326026185738
-0.009627367300007617
-0.009627906942512185
-0.009627474428415047
-0.009627367300007617
-0.008168572167598313
-0.008612144134000575
-0.010388734564568586
-0.017487710125587818
-0.0457920809997723
-0.021079234689591355
-0.01818698211304645
-0.017633453573715242
-0.017518395223595426
-0.017493757001696208
-0.017498505598469508
-0.017502414009381538
-0.01749935329496272
-0.017498664821557378
-0.01749881737427333
-0.01749880536802813
-0.017498715904597742
-0.017498845052559924
-0.017498664821557378
0.2335312998060618
0.09105072768832936
0.0340578471032285
0.0074196953814004525
-0.007431941029404363
-0.008544011654531843
-0.012994306831673694
-0.009327314012816307
-0.009998220502951514
-0.011496425295456664
-0.010296946513071425
-0.01053886332311948
-0.010347575241820114
-0.01030761719402839
-0.010299199373080364
-0.010297421045218733
-0.010297047509744188
-0.010296968549357955
-0.010296951004678907
-0.010296948397081939
-0.010296946750135323
-0.010296947352248316
-0.010296946513071425
-0.004955226728414514
-0.014872810393158006
-0.006259138310965952
-0.007493936529778551
-0.011183516260010367
-0.008164852461593894
-0.008725354254486879
-0.009189753365623825
-0.008821749940482293
-0.008898271147055804
-0.008958979055965434
-0.008911054727963285
-0.008900970652493078
-0.008898841733578597
-0.00889838941091244
-0.008898485897460385
-0.008898722764509951
-0.008898535711918945
-0.00889849685862623
-0.008898485988254098
-0.008898485445004687
-0.0088984856738314
-0.008898485897460385
-0.008356188647768716
-0.006187097497785226
-0.018823879153981985
-0.007686412065807514
-0.009168421853510416
-0.013997504787242073
-0.010001659316297208
-0.009336802179338704
-0.009471427959815848
-0.009579421683090164
-0.009492717907181725
-0.009510288007364394
-0.009495459936871934
-0.009493181171802468
-0.009492826312196568
-0.009492849583485069
-0.00949284458905495
-0.009492717907181725
-0.007881026661297518
-0.00866107584433894
-0.01178153486776976
-0.024248144368782507
-0.013620998022605772
-0.012147926294508062
-0.011857927523108052
-0.01179756343415511
-0.011784918418075153
-0.011782249969919034
-0.011781685196622491
-0.011781565534231162
-0.011781589882420446
-0.011781570028137863
-0.011781567019365136
-0.011781569116754218
-0.011781567440193444
-0.011781567324847184
-0.011781567019365136
0.013423957344991638
0.00028413857331938857
-0.007700059132683711
-0.008531564073238023
-0.011856800103848522
-0.025143598501266056
-0.013774779061906935
-0.012236128683080641
-0.011935848098742171
-0.011873469088276658
-0.011860280056751896
-0.011863091234482648
-0.011860927510063774
-0.011860389795285782
-0.011860322095626954
-0.011860274603128542
-0.011860297317247461
-0.011860242231662613
-0.01186024433516362
-0.011860242231662613
0.009126448872933445
-0.0025066451178754647
-0.00901725358644802
-0.008495113197395888
-0.006406865198731728
-0.014423822781165626
-0.007562716982368428
-0.008633710637090676
-0.011528679904072865
-0.009174436862240612
-0.009624127984575308
-0.009267586414163025
-0.009193780615429425
-0.009209080533282631
-0.00919688437895651
-0.009194414258858336
-0.00919389920329805
-0.009193801659142213
-0.009193784483918948
-0.009193784172515334
-0.009193776417884561
-0.008020550841771014
-0.008509798137801963
-0.01046818636586881
-0.01829413199845079
-0.011743481172667686
-0.01287649735586657
-0.015585536391334212
-0.01340500717735394
-0.013837810427438268
-0.014189562347152
-0.013911198728797187
-0.013969588929775147
-0.0139224568486328
-0.013933196339856353
-0.01392513731284359
-0.013922765829886365
-0.013922520042065142
-0.01392247068041456
-0.013922460883785633
-0.013922458569192544
-0.01392245527635276
-0.01392245825023154
-0.01392245527635276
0.08204942923891978
0.03262839182536382
0.009004991860157116
-0.004101846776691876
-0.01152838016615304
-0.04119669503468047
-0.014112869211659797
-0.011975715001169457
-0.011611757433275709
-0.011543115239547895
-0.011531190582635499
-0.01152895488322181
-0.011528419193903894
-0.011528517848344603
-0.011528537492498134
-0.011528419193903894
-0.0059029161052339026
-0.01015514921435073
-0.02714941823212618
-0.012200153232078513
-0.010546292565014931
-0.010235179415828686
-0.010298455523975384
-0.010248132250117
-0.01023784680243512
-0.01023572773724694
-0.010235293740409714
-0.010235382399143303
-0.010235312509686689
-0.010235326091479984
-0.010235363631225314
-0.010235333158133932
-0.010235338428502798
-0.010235334766476494
-0.01023533341785853
-0.010235333158133932
-0.006806597914477025
-0.009509005816245282
-0.02031010663883926
-0.011053101135117026
-0.009814335105110759
-0.009572744815518267
-0.009522322050595833
-0.009532865125991148
-0.009524529023105388
-0.009522782120982174
-0.009522419826586664
-0.00952234425972638
-0.009522326127534767
-0.009522322152489056
-0.009522325023793235
-0.00952232289259215
-0.009522322152489056
-0.007347962124107769
-0.009078686750063411
-0.015999022104441343
-0.010197991515194875
-0.01119174307413395
-0.010400088823235839
-0.010239814802814527
-0.010273018230818392
-0.010299315824931503
-0.01027814906027651
-0.010281991629859013
-0.010285755186817
-0.010283465791326768
-0.010283378019869784
-0.010281914438428665
-0.010283458349779341
-0.010283321610318082
-0.010281914438428665
-0.004248970745025041
-0.008626866802828717
-0.00835628886830054
-0.007273883712221631
-0.011551470147633768
-0.02864405959814951
-0.013772236686313655
-0.011983833803457983
-0.011640981667312832
-0.011569669342225121
-0.011584289040016906
-0.011572636470916024
-0.0115702944962061
-0.011569801540465911
-0.01156969633099028
-0.011569717999337344
-0.01156970137729208
-0.01156969571843672
-0.01156970303237132
-0.011569696618521502
-0.011569695171238566
-0.01156969571843672
0.002232266236880776
-0.006562501868838702
-0.00919171609689722
-0.019702663803038322
-0.010689255923693467
-0.009488805696430996
-0.009252966545156898
-0.009300834185078663
-0.009339290669651142
-0.009307738421764905
-0.009313301677297017
-0.009308952881672399
-0.0093082556507029
-0.009307737174879661
-0.009307816636366296
-0.00930778653099279
-0.009307737174879661
-0.007672984093114375
-0.008639075750174847
-0.01250300405920948
-0.027939036587411897
-0.014662046613145052
-0.012928729039624895
-0.012591285544325597
-0.012521813641633524
-0.012506791105603115
-0.012503951876029989
-0.01250343297656061
-0.01250323516986222
-0.012503228762599008
-0.01250300405920948
0.021292513865435583
0.004068374658727877
-0.006147424733415816
-0.00931997263611532
-0.022000366927778462
-0.011004731076930558
-0.009648986457154743
-0.009916821266347171
-0.009704331754613408
-0.009748470371067151
-0.009713196787085505
-0.009705434699194902
-0.009706286316642663
-0.009709385426196994
-0.009709608035896485
-0.009709707049106554
-0.009710776566791311
-0.009710779156397476
-0.009711070649751182
-0.009710812141741548
-0.009710838529436465
-0.009710812141741548
-0.007264965851978876
-0.008934891310128623
-0.015616599806965408
-0.010020976431402092
-0.010983104971870866
-0.010216769768618517
-0.010061879161258816
-0.010094362747597617
-0.010068687901603996
-0.010073659236645056
-0.010077356977740528
-0.010080134460335876
-0.010082393295108424
-0.010088829642953209
-0.010083052117480886
-0.01008365316542895
-0.010087053388440494
-0.010083777602768245
-0.010083960704939181
-0.010083844352305802
-0.01008388586421371
-0.010083797449300842
-0.010083777602768245
-0.00487077195185333
-0.014469130957457317
-0.006139352266341084
-0.007338643227764873
-0.010904956176016632
-0.00798614298564347
-0.008529522489437506
-0.008978072332824669
-0.009346177922294995
-0.009051671742879545
-0.008992423460945153
-0.008979827145082133
-0.008978443571422929
-0.008978134674531107
