0.4537892978632187
0.9755852343173836
0.15688705837515365
0.7028621624860614
0.9967963622935031
0.44475382053655993
0.28922784780452976
0.04503787727257774
0.04632378903370904
0.03739962141220654
0.031552473933605885
0.027758676011683248
0.03297821947849816
0.02288501717547886
0.020845075936355262
0.01898237558601462
0.014194394380253772
0.14783684668551111
0.01279735804740606
0.011832776101279474
0.011058266418001561
0.010522925396191485
0.010451589598238886
0.009386163624861499
0.008957382179819118
0.00856262485626208
0.00727336605216361
0.013498864949760825
0.006911822405622159
0.006636434444953154
0.006386028005723632
0.0061507131835109585
0.005499391745197202
0.018872451462589146
0.0052236319293466615
0.0051201565551802775
0.005024531395245724
0.004676854878655601
0.004530506742486895
0.012424054261430173
0.004263165538252234
0.004220453941754465
0.004059924794768688
0.0035843287514745192
0.03764391976563847
0.0035311661640623493
0.003484642008003802
0.003442255957151752
0.0034024172920522067
0.003364499305450186
0.0033279621611793098
0.0032926614142318456
0.0032584114474928927
0.0032252643142104964
0.003193222283694508
0.003162500518988476
0.0031332993388273334
0.0031061711272211134
0.0030816217994488193
0.003060787943028387
0.003044752277962137
0.0030356660025576687
0.002964009334306905
0.0029470102562632605
0.002930835651596242
0.0028673359211734972
0.002632099341106975
0.001971981885844132
0.8414870319477041
0.08689771804789809
0.0024454246552674253
0.0018427622979618197
0.0018360249931098638
0.0018298917330884512
0.0018057030035860677
0.0017144074889802186
0.0014302453183848152
0.0012087967042178072
0.2019954822524775
0.002582653570667004
0.0011902791250494316
0.0011867495740272571
0.0011741937697234972
0.001170345624851299
0.0013149353643480133
0.0011562242576639292
0.001153631216129547
0.0011436875748437325
0.001110907984257281
0.001900254909328547
0.0011072691688758796
0.0011055497251154511
0.0010994852187879989
0.0011036283435881256
0.0010966675832670414
0.001093954073172143
0.0010913537376520122
0.0010888750249066215
0.0010865505706318945
0.001084401221715492
0.001082463638126474
0.0010808126162511478
0.0010794980900276085
0.0010786471560498279
0.0010730187468563912
0.0010716593260143847
0.0010703719242456944
0.0010652935451319623
0.0010461894320337173
0.001262716981818568
0.0010443081152603506
0.001042585714009503
0.0010409356891540877
0.001039322645499774
0.0010377322955971158
0.0010323913828687026
0.0010742052671829372
0.0010303807866594017
0.001029163917011855
0.0010280045288706408
0.0010236040260651613
0.0010094743455999478
0.003576594028893043
0.0010049149416158087
0.001004084850789011
0.001000929058064426
0.0009909951282704998
0.0023285073799830247
0.0009873388072119127
0.0009866539374533412
0.0009841580764778368
0.0009830634816188066
0.001009780365148094
0.0009800217150967572
0.0009793289911812497
0.0009765738231743426
0.0009659527003591517
0.0009295213639427535
0.02823861134727451
0.0009406531343997271
0.000925585095002901
0.0009251116852421193
0.0009232368884505848
0.0009159081452569384
0.0008893001705962411
0.00602012671069585
0.0008882689522922149
0.0008875424336291515
0.0008869240823057845
0.000886347721039682
0.0008857899168585037
0.0008840813508431689
0.0009040198214112505
0.0008832409770852534
0.0008828597785616732
0.0008815490589274555
0.0008830885140799771
0.0008808988634154136
0.0008802766351746483
0.0008796476802018782
0.0008790374859065642
0.0008784341792450467
0.0008778332088348884
0.000877241158798947
0.0008766503161473649
0.0008760674445815742
0.0008754863881346164
0.0008749119404046768
0.000874335714820762
0.000872637717996172
0.000909549970656065
0.0008717654053412849
0.0008714648316774376
0.0008702692998338035
0.0008656506848652157
0.0008497300304305955
0.01636962902702871
0.0008508182288698984
0.0008474772290884003
0.0008472355003176224
0.0008463323437954973
0.0008459644296259228
0.0008589087523727112
0.0008449022360482172
0.0008446879188229728
0.0008438439233809936
0.0008407436476076113
0.0009470345797681912
0.0008402302434396547
0.0008400121573745034
0.0008391530540304282
0.0008359012416649936
0.0009194703212375144
0.000835479860291366
0.0008352465167018597
0.0008344315990207463
0.0008353456258554104
0.0008340501405698086
0.0008336584815130665
0.0008332832634219134
0.0008329050882545097
0.000832532225355842
0.0008321608127745961
0.0008317974020687346
0.000831433203747789
0.0008310723600852832
0.0008307121754417279
0.0008303546204706524
0.0008299985800471754
0.0008296496820651145
0.0008292969817311757
0.000828943121581105
0.0008278451912344109
0.0008476330673421462
0.0008273589979656548
0.000827171032298013
0.0008264300041920247
0.0008237543338166509
0.0009637921627584922
0.0008232662387319678
0.0008231015756816618
0.0008224565402240591
0.0008200672485354499
0.0008964456378129926
0.0008196759251863917
0.0008195070712427865
0.0008188288291253176
0.0008163506475775684
0.0009296503573484882
0.0008159367361337821
0.0008157828930932531
0.0008151691761337787
0.0008127613127392186
0.0008038493422625748
0.004322226338409396
0.0008032115933873096
0.0008030184075475955
0.0008028439273288779
0.0008022385967649814
0.0008030411238850732
0.0008019762520155016
0.0008017166500106088
0.0008014578921559656
0.0008012014425092806
0.0008009443656787907
0.0008006927006847242
0.000800438669216641
0.0008001856049882905
0.0007999388264937624
0.0007996897642160161
0.0007994403691509167
0.0007991944088541203
0.0007989470321311254
0.0007987016428925853
0.0007984552442612536
0.0007982121620832006
0.0007979708371815275
0.0007977288852438758
0.000797485485359406
0.000797245824007975
0.0007970062785425669
0.000796765557894763
0.0007960367855691652
0.0008113943525317469
0.0007956922311106451
0.0007955636715665237
0.0007950736585090601
0.0007931429477372465
0.0007860217829012695
0.004608371937481204
0.0007854130309118412
0.000785242990399504
0.0007851022256136764
0.0007846467112835875
0.000786296781547291
0.0007844238323704289
0.0007842611841551994
0.0007841114667941906
0.000783615407380367
0.0007869598386446297
0.0007833847784395331
0.0007832517568380215
0.0007831166706609438
0.0007826089761082677
0.0007807885247766433
0.0009233013721593464
0.0007804696688839541
0.0007803790200822114
0.0007800408017828997
0.0007798832941728895
0.0007831423787004188
0.0007794634886490459
0.0007793643850557697
0.0007789639744164578
0.0007773820690138988
0.0007712224709688353
0.0007493813791433768
0.09151048521343741
0.0007900882201879456
0.0007486028436001213
0.000748513011816665
0.0007484448296539714
0.0007481883022363855
0.0007479330191501044
0.0007482026750308401
0.0007477739488483959
0.0007476592532591475
0.0007475517963410616
0.0007474474166259126
0.0007470537635269059
0.0007477970124193933
0.0007469185685223811
0.0007467839808545929
0.0007466517062093558
0.0007465247201196012
0.00074639717253977
0.000746273410194509
0.0007461469492373585
0.0007460241786499955
0.0007458984816706704
0.0007457712824461282
0.0007453948939177835
0.0007524999861662218
0.0007452104107003032
0.0007451438694958679
0.0007448767526420097
0.0007438227017103616
0.0007400149742483597
0.004022782393675317
0.0007395208789804375
0.0007394362587895831
0.0007393632508265746
0.0007390823281677728
0.0007381915290906038
0.0008876359870977346
0.0007378880351840977
0.0007378300895520273
0.0007377810298446752
0.0007375909626660127
0.0007368943904690894
0.0007568757455039821
0.000736754197437739
0.0007366938378154386
0.0007364542218170067
0.0007355268143292015
0.0007322246474951721
0.004375471712108947
0.0007317054492058661
0.0007316181624691387
0.0007315527836396774
0.0007313160071379388
0.0007316675116237348
0.0007312138996009576
0.0007311093184709794
0.0007310160706684998
0.0007309175292395942
0.0007308196712298431
0.0007307251843778895
0.0007306299149542061
0.0007303513784928661
0.0007359088424325755
0.0007302027686969526
0.0007301506730766905
0.0007299422955302504
0.0007291116701814149
0.0007258704205543309
0.000714504472294264
0.038308004895896086
0.0007182795636981876
0.0007141666344052111
0.0007141311627837377
0.0007141007064273008
0.0007139780932881035
0.000713512816963302
0.0007173287035439069
0.0007134540382407462
0.0007134004307195463
0.0007133476274692185
0.0007132941161387407
0.0007131360621895344
0.0007153210219983386
0.0007130577509865121
0.0007130248592417954
0.0007128947144429687
0.0007124456932285916
0.0007443397832391785
0.0007123481555179056
0.0007123207843316992
0.000712226118566528
0.0007122151557432121
0.0007121647660356389
0.0007121117251406295
0.0007120688268158482
0.0007120450414608293
0.0007120587249016541
0.0007119080101148922
0.0007118731215307039
0.0007118402143393432
0.0007117098339236572
0.0007112006405590177
0.0007094189096873427
0.003008593054151798
0.0007091371950903591
0.0007091115896905587
0.0007090133179355473
0.0007089949405275631
0.000710809137000834
0.0007088548013079454
0.0007088310797925268
0.0007087480303862304
0.0007087455801420006
0.0007086989187963799
0.0007086502894251834
0.0007086155861542043
0.0007085986557688329
0.0007086026776198517
0.0007084838917370551
0.0007084535875511166
0.0007084257269455718
0.0007083153909075435
0.000707895517804924
0.0007216793579203351
0.0007078440897398952
0.0007078193511409481
0.0007077224289155915
0.0007073720691393448
0.0007271904684297836
0.0007073095245712091
0.0007072891409504178
0.0007072093708090921
0.0007071442598718392
0.0007076314838457276
0.0007070735584291388
0.0007070554331699563
0.0007069555081946066
0.0007066682798870794
0.0007468946231786733
0.0007065622979821606
0.0007065424833738732
0.0007065231952364526
0.0007064578241370856
0.0007062028281656918
0.0007126132379405847
0.0007061521758645606
0.000706130488008605
0.0007060425934319325
0.0007057245252426458
0.0007191695472987258
0.0007056747537843022
0.0007056541669148153
0.0007055759275139128
0.0007052703213831224
0.0007041789382597474
0.0016200145560217871
0.0007040309373389508
0.0007040127443846411
0.0007039978894462506
0.0007039380322702016
0.0007037195675168029
0.000709476831862399
0.0007036798256814247
0.0007036615789888234
0.0007035906126368618
0.0007033229558439658
0.0007121122478523922
0.0007032844863671395
0.0007032672281000463
0.0007031979059356486
0.0007029330399994094
0.00070205700903192
0.002271075810531209
0.0007018383385246074
0.0007018230942302806
0.0007018096808571461
0.000701754256752396
0.0007015434471400184
0.0007007533037646785
0.0010043171419429897
0.0007006934354587546
0.0007006810816221343
0.000700670361400979
0.0007006283042031436
0.0007004755942839891
0.0007043899935201825
0.0007004468583570733
0.00070043400733516
0.0007003811501873347
0.0007001812611462377
0.0007063658305721532
0.0007001523126165532
0.000700138625154223
0.0007000883051366813
0.0006998965042617211
0.0007059725876253919
0.0006998705184430021
0.0006998576414842805
0.0006998083946052613
0.0006996222739267255
0.0007045205772599483
0.0006995972233239667
0.0006995842137544894
0.0006995350501008413
0.0006995233637194787
0.0007005089681833554
0.0006994601773449016
0.0006994493555020354
0.0006994134555651788
0.0006994243092215413
0.0006993890078604847
0.000699367999066447
0.0006993444188363451
0.0006993220404212241
0.0006992999167064751
0.0006992763803236324
0.0006992539763654992
0.0006992329568104583
0.0006992108486986726
0.0006991891655862004
0.000699168146071738
0.0006991452216834615
0.0006991248248385817
0.000699100349975279
0.0006990815626155555
0.0006990580214834008
0.0006990383155006663
0.000699016945129638
0.0006989952353904094
0.0006989734675477699
0.0006989535126190605
0.0006989330801294713
0.0006989131917939928
0.0006988923231641686
0.0006988727143579232
0.000698851649168164
0.0006988316701810882
0.0006988110090000443
0.000698792830571171
0.0006987729743701543
0.0006987550103117468
0.0006987352193580376
0.0006987157467635008
0.0006986975718470956
0.0006986787863945132
0.0006986606829046949
0.0006986441984263569
0.0006986238797427879
0.0006986061237093666
0.0006985875564039512
0.0006985713660919712
0.0006985546267264109
0.0006985380141386055
0.0006985219299425194
0.0006985042166370303
0.0006984893344855747
0.0006984187904160444
0.0006984077347232387
0.0006983683581014977
0.0006984261321025809
0.0006983501079430576
0.0006983313253188239
0.0006983156237394539
0.0006982970861186266
0.0006982811188829263
0.0006982259042057071
0.0006985195641418529
0.0006982045575907314
0.0006981910886706411
0.0006981777224759345
0.0006981299335619418
0.000698156126251126
0.0006981093873172917
0.0006980956696722718
0.000698094727088594
0.0006980665677811526
0.0006980537230224515
0.0006980414949543379
0.0006979958803613462
0.0006980195425519975
0.0006979778188890839
0.0006979579929451418
0.0006979462105798362
0.0006979322827362355
0.0006979357188026114
0.0006978970217018654
0.000697887609237946
0.0006978526377531269
0.0006979298341810436
0.0006978358948934726
0.0006978188247603323
0.0006978036308583069
0.0006977897938148514
0.0006977428832398158
0.0006982014507790346
0.0006977181344628436
0.000697707158797245
0.0006976720937600378
0.0006977738849407444
0.0006976503650311106
0.0006976356893814151
0.0006976183057524343
0.0006976067690263044
0.0006975585321317146
0.0006977122858948803
0.0006975369682222787
0.000697523614093587
0.0006975066962398024
0.0006974920190173095
0.0006974770116785489
0.0006974250350697542
0.0006976606488522386
0.000697407924157567
0.0006973946441641843
0.0006973822738592927
0.0006973383518266152
0.0006974490383876986
0.0006973207757023925
0.0006973054314122762
0.0006972905406368857
0.0006972763730615505
0.0006972625812906585
0.0006972119654556908
0.0006974742905088149
0.0006971948139774531
0.0006971823242889474
0.000697170756494947
0.0006971282951473423
0.0006971858066758818
0.0006971131989007562
0.0006970956012253282
0.0006970837430694821
0.0006970638516461403
0.0006970514765856084
0.0006970360139407772
0.0006970198967974905
0.0006970044094830041
0.0006969878851972311
0.0006969726781008712
0.0006969602641867523
0.0006969093214562738
0.0006977611734350075
0.0006968881253429648
0.0006968800557539678
0.0006968466555497543
0.0006967152158490197
0.0006962669662270438
0.0012614381916621342
0.0006961904074658243
0.0006961813102049907
0.0006961753947327121
0.0006961539007080964
0.0006961351700920937
0.0006961981218748248
0.0006961144486836712
0.0006961063557057723
0.000696096423424386
0.0006960639099743982
0.0006959354214346458
0.0006955044799601406
0.0016330901829724742
0.0006954043275246846
0.0006953955071191675
0.000695389779341693
0.0006953698370676387
0.0006953509881635345
0.000695397863411551
0.0006953348583779162
0.0006953260314698229
0.0006953178718934749
0.0006952852708841384
0.0006952930786890965
0.0006952721520647742
0.0006952633353600746
0.0006952892079022943
0.0006952418142989192
0.0006952340772256593
0.0006952090498393293
0.0006952134243150554
0.0006951964264351185
0.0006951849742268257
0.0006951772745161788
0.0006951818449013603
0.000695154589833491
0.0006951472927125835
0.000695126778233357
0.0006951761083654473
0.0006951154484952093
0.000695105344339253
0.0006950947094954141
0.0006950849584950181
0.0006950518558682117
0.000695244172320586
0.0006950385789240565
0.0006950304749917535
0.0006950226269234472
0.000694993109785047
0.0006948902272895796
0.00070894040249736
0.0006948640226504543
0.0006948580645276814
0.0006948531380865375
0.0006948341604733344
0.000694763255931985
0.0006961610042052202
0.0006947515011862526
0.0006947450499363295
0.0006947206439281706
0.0006947309300503468
0.0006947100667388795
0.0006946981921037709
0.0006946892048103059
0.0006946814714668959
0.0006946782699156495
0.0006946594665692141
0.0006946530203346679
0.0006946450320861608
0.0006946177013615884
0.0006945216365553675
0.0007000189465740103
0.0006945075035915682
0.0006945023008442797
0.0006944826831567497
0.000694418629837934
0.0006999645099224905
0.0006943961806916699
0.0006943916535273598
0.0006943758239262854
0.0006943904825893465
0.0006943650879205898
0.0006943560671477944
0.0006943475864484849
0.0006943376996816353
0.0006943105296076668
0.0006945316961723957
0.0006943005276465741
0.0006942940704833256
0.0006942733231973808
0.0006943554506076977
0.0006942625882062625
0.0006942543762298303
0.0006942477380177392
0.0006942215943734342
0.0006942553625081116
0.0006942096932547326
0.0006942006732146844
0.0006941899349650615
0.0006941790956634386
0.0006941695782496371
0.0006941588674804211
0.000694149649203446
0.0006941396980574832
0.0006941303387715259
0.0006941204152198788
0.000694111814707854
0.0006941027976023473
0.0006940941283528623
0.000694085340198769
0.0006940756183086427
0.0006940702266490795
0.0006940645402804257
0.000694057625229505
0.0006940299901237457
0.0006940245341950924
0.0006940077658247334
0.0006940595507847203
0.0006939934095125944
0.000693986005257885
0.0006939803354303331
0.0006939730116875542
0.0006939452841149274
0.0006939753516350677
0.0006939343734927439
0.0006939245004139449
0.0006939167304798044
0.0006939132089435751
0.000693910256715502
0.0006938915756072861
0.0006938856297887819
0.0006938797920935658
0.000693856746922128
0.0006937699776454753
0.0006969595572493548
0.0006937597495191294
0.0006937547047068948
0.0006937341495613092
0.0006936557844974267
0.0006933726079437763
0.0009246774087610654
0.0006933420046975058
0.0006933376544451253
0.0006933343444839868
0.0006933218327684898
0.0006933083723500433
0.0006933342824963495
0.0006932988032781195
0.0006932905993954352
0.0006932871796940243
0.0006932635687264543
0.000693187259245498
0.0007011393849727932
0.0006931734285503532
0.0006931687834777489
0.0006931650467113526
0.0006931505018921702
0.0006930936754270256
0.0006928926708492655
0.0008755599328861829
0.0006928570190372074
0.0006928509635859559
0.0006928466616468731
0.0006928365742466802
0.0006928290750022881
0.0006928671773465678
0.0006928156586000767
0.0006928108385400034
0.000692794522440976
0.000692832832963397
0.0006927870868137509
0.0006927808410598368
0.0006927746866153273
0.0006927573507099494
0.0006929138787704625
0.0006927464165693564
0.0006927415755087485
0.0006927262470946549
0.0006927707457012877
0.0006927175191288049
0.0006927119945991378
0.0006927048934556312
0.0006926851520611677
0.000692874972186952
0.0006926778973813663
0.0006926733629653015
0.0006926582714797958
0.0006926500424571103
0.0006929710182673743
0.0006926330728078689
0.0006926289456774537
0.0006926159662700715
0.0006926172379391748
0.0006926067365508048
0.0006926013004074916
0.0006925917901330347
0.0006925874546387378
0.0006925801609573012
0.0006925810700608714
0.00069256497534953
0.000692562027724053
0.000692543733403439
0.0006925495200907905
0.0006925367640856495
0.0006925279707037935
0.0006925228082272916
0.0006925114723075332
0.0006925052116857344
0.0006924971290427351
0.0006924898471380447
0.0006924825341815266
0.0006924763510807175
0.0006924668902358322
0.000692461299968028
0.0006924559054883872
0.0006924494039239337
0.0006924438785121945
0.0006924377998176467
0.0006924330872453144
0.0006924280772176994
