0.012004668808786145
0.00791070378916886
0.005190294420195252
0.003552022370765795
0.0025920861084806623
0.0022454199390589125
0.0019393323323981249
0.0016531409454312307
0.0013800750086479519
0.001126634950095684
0.0009103743443630297
0.000850741881466166
0.0007990322690235585
0.0007562965967304325
0.0007235801656842455
0.0007018985933142652
0.0006922121607970122
0.0006954116134527677
0.0007122920291169899
0.000743531059841207
0.0007896719482589631
0.0008511044295675951
0.0009280449145986913
0.001251296322293316
0.0017030939729663075
0.0022557367297353914
0.0028642925092380866
0.0034692027684786186
0.004001244382924596
0.0045667705511189816
0.004132315552684507
0.0027300194230099883
0.0011993634909254203
