0.011200833455160653
0.008179045415625863
0.00601684529421892
0.004458635155064061
0.0032709145107939763
0.0027650431086814753
0.0023045910216794585
0.0018886577026318019
0.001522595497566559
0.0012164574792253302
0.0009828968208381306
0.0009234357720353525
0.0008739260469201593
0.0008347678173371564
0.0008063168694742995
0.0007888584222291994
0.0007826237516387335
0.0007877603221785878
0.0008043347650729116
0.000832323874984886
0.0008716113105919354
0.0009219729160011569
0.00098308333063446
0.0012260806766328791
0.0015438878774860498
0.0019108148785380585
0.0022942085057636175
0.002656724547472178
0.0029594367125874155
0.003245378816085387
0.002965454450426619
0.002183470193866499
0.001337312559916981
