0.00663197867801113
0.0042225517450152905
0.002768514234456787
0.00197987291752022
0.0015420347934695933
0.001374040952930311
0.0012127651483754276
0.0010496618248161949
0.0008855348002288488
0.0007291560827137888
0.0005950239266231949
0.0005582240244857983
0.0005264867070678969
0.0005004391821850085
0.00048068641075615925
0.00046778437526739935
0.0004622252232436841
0.00046443468257229004
0.00047474450157880543
0.000493398137095924
0.0005205267230199984
0.000556154251816543
0.0006001805848190322
0.0007797646174484973
0.0010190946018998615
0.0012950086106138237
0.0015758721273988474
0.0018247996872196581
0.0020044227521760494
0.0020416125545038577
0.001635397887112311
0.0011940878524063225
0.0018138012623091226
