0.00880331257952821
0.007429588848647695
0.006025634589244211
0.004547745752420784
0.003076389334865315
0.002391294413040812
0.001769222220282085
0.0012301178849758454
0.0007894819871497871
0.00045642799393247335
0.00023231196637907292
0.00018083934206042374
0.0001402851137004002
0.00011008033733495015
8.956064888909765e-5
7.797454378499769e-5
7.44876378978021e-5
7.819377735135413e-5
8.812166794369691e-5
0.00010325497651064719
0.0001225321641449839
0.000144868964467193
0.00016917274322386655
0.00024312786624014482
0.0002979503875711331
0.0003129571773413664
0.0002789417814617612
0.0002034717983467882
0.00011612838394636782
0.00016350927646457958
0.0012694981365483637
0.004862165203200375
0.012934782708233838
