0.04259236940563166
0.03175849439950945
0.023436499301882963
0.016877893589343662
0.011470704904023521
0.009091277029574851
0.006916958226159231
0.004966578420489864
0.0032755462366555466
0.0018893742705491379
0.0008559515054116229
0.0005974529869390843
0.0003842066136294231
0.00021728317594699176
9.752167510268528e-5
2.550078858143401e-5
1.5157492280204465e-6
2.5556945698446132e-5
9.729164766114629e-5
0.00021604980564926546
0.0003808119470376514
0.0005902033413759944
0.0008424901121631967
0.0018340403934751226
0.003115757841642919
0.004587849239958697
0.0061319402020162395
0.007620024786825608
0.008925589975147252
0.010567242657978704
0.010568356737495677
0.009283757973712226
0.008208399527823318
