0.00981377734422001
0.008274266602801839
0.006667596573540602
0.004981987821232381
0.003327473124618563
0.002566873572875328
0.0018820738708101858
0.0012934741646914993
0.000816162560500211
0.0004581116917002359
0.0002189181514177796
0.00016425878942050165
0.00012130334535642717
8.93958128109773e-5
6.778830317388795e-5
5.5647039283290844e-5
5.205860662593764e-5
5.6042008466095083e-5
6.655795007109999e-5
8.252374155304221e-5
0.00010282372880660029
0.00012632752183383555
0.0001519024196102725
0.00023008699557192092
0.00028982579476294346
0.00031144372434249723
0.00028797584022355327
0.00023050390882684013
0.00017339874629990204
0.00034284841517273623
0.0017030918352650692
0.005747316017728488
0.014527598120092522
