0.10752817734008507
0.08276613396920196
0.0622021536242951
0.04484091627169834
0.030026556981778862
0.023521185265358957
0.01766023486089302
0.012510843351945466
0.008155517866134221
0.004679179071302497
0.0021555128247719435
0.001535506332391967
0.0010282289893187024
0.0006342729292696525
0.0003537404016731305
0.0001862124226793549
0.00013073230911020417
0.00018579566070170417
0.00034934804135833275
0.0006187866339129044
0.0009909749133330537
0.0014622486537732016
0.002028450947183902
0.004248259465101878
0.007132660265704915
0.010513745820834697
0.01421664400369993
0.01807729183443696
0.021961372464945506
0.029521376584196624
0.03707710199972131
0.04621571101219263
0.06000675358548879
