0.7185569512696034
0.6125615628795131
0.497896590786386
0.3795650402420236
0.26384974559473
0.2094557095201211
0.15892951575146358
0.11352438850482116
0.07447782269884023
0.04292152284001005
0.019786851110794812
0.014068085968090338
0.009375605440195167
0.005720747115561475
0.00311030047691635
0.001546459976980441
0.0010268521938931463
0.0015446146821253004
0.003088543398957755
0.005643286450461249
0.009189588658616465
0.013704612890360957
0.019162250715270057
0.04088918604577235
0.0699319812796576
0.10530526129116596
0.1460327817942202
0.19123139630679165
0.24016382238192496
0.34705793731561174
0.4633349625884196
0.5853746755439694
0.7066925005537622
