0.012254818325474426
0.01023887342738894
0.008166523552902094
0.006046810714675721
0.00401549521857586
0.003095343191603983
0.0022730952221868272
0.0015703105838578701
0.001002316407274273
0.0005763897636990589
0.0002905240217230265
0.00022462883283547175
0.00017242468607059358
0.00013314906364980672
0.00010593360005300978
8.98227883183722e-5
8.377662702402366e-5
8.668447716325689e-5
9.737746649168821e-5
0.00011464086308632382
0.00013723138430582482
0.00016388655030613597
0.00019335343365611823
0.0002864765344303133
0.0003638814883140107
0.0004037552769987074
0.0003979572731616088
0.00035758689825460266
0.0003183375916533948
0.0005380549918981292
0.002001881283940299
0.006258905168978368
0.01542601179434605
