0.005697665908230176
0.004238269773179204
0.0030070066140145957
0.0020034730307805226
0.0012236955088189005
0.0009146404443615141
0.0006568239217907834
0.00044764089287052666
0.00028407203945923776
0.00016279618375225624
8.033512381983021e-5
6.0870688320169286e-5
4.520715566080913e-5
3.322265993788154e-5
2.4799251595652994e-5
1.982379530063305e-5
1.8188656033868433e-5
1.9792526712636427e-5
2.4541137596645335e-5
3.2348023964900996e-5
4.313517559217939e-5
5.683378585291665e-5
7.338483539032215e-5
0.0001397222500221229
0.00023066912163793862
0.00034653457369737684
0.0004887030989433883
0.000659662613276546
0.0008629787212691697
0.001385760142950998
0.002102325125717286
0.0030632276958794113
0.004313056842446317
