5.947212056256479e-5
4.7180098168952966e-5
3.7001611729037265e-5
2.8443227878760524e-5
2.1270252470229067e-5
1.8203842899688905e-5
1.550981666875728e-5
1.3214927718663283e-5
1.134507806732632e-5
9.919707275762857e-6
8.94735694806359e-6
8.723481707106906e-6
8.549015334813337e-6
8.423313943128896e-6
8.345550875865637e-6
8.314810352572088e-6
8.330019137248179e-6
8.390199287333644e-6
8.494148577842253e-6
8.640848889074348e-6
8.829269852128618e-6
9.058553246066303e-6
9.32796614960818e-6
1.0374479421315641e-5
1.179085432612137e-5
1.3635453306459766e-5
1.6038442332333425e-5
1.9228318323349924e-5
2.3559975822595725e-5
3.786367970443072e-5
6.530516597696989e-5
0.00011565644832528532
0.00020213357525467046
