0.008092116548011619
0.006785065995399742
0.005403732575258058
0.003995329560350813
0.0026761871999988474
0.002093738510010046
0.001583788445789991
0.001157882986135339
0.0008225624223207051
0.0005785271736684638
0.00042032268964037334
0.00038485976054608573
0.00035716788382511577
0.000336637994025224
0.0003226146234636129
0.0003143993574740156
0.0003112591357840033
0.00031243784303364164
0.00031716573704898554
0.00032466827045640745
0.00033417983704375764
0.0003449536577305734
0.0003562774247024003
0.00038720752968973704
0.00040352218034267473
0.000399806040438766
0.00038285368379925577
0.0003754108418854707
0.0004196756438665794
0.0009473430065412014
0.0027929742502690313
0.007209719530655467
0.015828804492716175
