0.023135044255415016
0.017740966701700667
0.012802336982930762
0.008571517508228377
0.005234288457427794
0.0039276771867542415
0.002859962085358325
0.002019087297436495
0.0013860627611435028
0.0009368022566159651
0.0006445107682571671
0.0005773006556811788
0.0005236227565230678
0.00048260879019068614
0.0004534615881378601
0.0004354724990150438
0.0004280335870169294
0.00043065739146658233
0.0004429881270689995
0.0004648199495086991
0.0004961108825601301
0.0005369987472644278
0.0005878147079364515
0.000806384570291363
0.0011479714858163015
0.00166134457872269
0.002419399735143102
0.003521355942877169
0.005094165235585479
0.010301025909265182
0.01960250950792819
0.03491453702004477
0.058333752363887936
