0.014089757569195727
0.01198256911987483
0.009796948987183307
0.0075579749075255775
0.0054199211055930285
0.004456392999893699
0.0035995827984618423
0.002872037349641532
0.002289501547368067
0.0018589821215799218
0.0015775856575928615
0.0015149491617988398
0.0014667768222739186
0.001432224053183051
0.0014103392747551458
0.00140008087344079
0.0014003122624143827
0.0014098243478555261
0.0014273352100904746
0.0014515314018405112
0.0014810461708196776
0.0015145144574997271
0.0015505557730964847
0.0016607891400188812
0.001748862127891826
0.0017897583241769377
0.0017723460564621485
0.0017050273325182053
0.0016212701502837934
0.001693057464413894
0.00292658715927796
0.0068762285099555065
0.015675289367265866
