0.0014640549367074263
0.0008836540107335367
0.000604594564173222
0.00047913793246451286
0.00039995851813401373
0.0003589079687229546
0.0003134933461287903
0.00026457950284231035
0.0002149469463285092
0.000168552608989736
0.00012982303426911646
0.00011937939665035424
0.00011043379123754082
0.00010313587851928929
9.763085081448963e-5
9.406275921275409e-5
9.257645058308173e-5
9.331251115890504e-5
9.642044095808933e-5
0.00010205751699754462
0.00011038850979572246
0.00012160202321315206
0.00013590678449904026
0.00019995638903202995
0.00030313832292150344
0.0004595993383215702
0.0006912380222278136
0.0010305874498188206
0.001523904895520678
0.0032445780619727582
0.006609594273097652
0.012754158071389965
0.023198032433583204
