0.004500945953083313
0.0035054267993842037
0.002493023715678666
0.0015788507007036823
0.0008597136139832373
0.00059100417942759
0.00038459429397103007
0.00023667610141714368
0.00013978331473862848
8.364026491092247e-5
5.64446220299164e-5
5.1758892080644436e-5
4.858477876790168e-5
4.65651248314769e-5
4.538916561774853e-5
4.480311296617412e-5
4.462074717237474e-5
4.473452148412438e-5
4.5126697044206576e-5
4.588060124083304e-5
4.7192642167570575e-5
4.9383571327499265e-5
5.29109862963395e-5
7.837688682854616e-5
0.0001478884276310266
0.00030276275697305177
0.000602599618814148
0.0011274579269157647
0.001979582872495278
0.005190888874808508
0.01151577454882352
0.02255692810585974
0.0401190193403308
