0.003697401490923402
0.0029077949111742663
0.0020819464779833208
0.001324978402325705
0.0007268046413720919
0.000504119367271183
0.00033431204057676744
0.0002141584751989556
0.00013707531134443673
9.392860954882121e-5
7.424692483914974e-5
7.109631623969381e-5
6.906433683434576e-5
6.784916613761238e-5
6.71949985286413e-5
6.690283268612207e-5
6.684005908286217e-5
6.6951656202352e-5
6.727044437276897e-5
6.792881557071695e-5
6.916961058905935e-5
7.135822034115558e-5
7.499269988842094e-5
0.00010180233800893834
0.0001748008434021564
0.00033581589313991245
0.0006445866397317701
0.0011809289759613928
0.0020464611226271856
0.005285957168834121
0.011630619416627241
0.022668273549816043
0.04018879590675151
