0.027215478570545626
0.021264862754280578
0.015609578098324528
0.010550454396201336
0.00637672895436181
0.00468698302540449
0.00327832899055458
0.0021495564682397217
0.0012888195787913448
0.0006746667007840323
0.0002781080752612408
0.00018852535914282154
0.00011807806713171054
6.546253587808026e-5
2.9394779276770144e-5
8.6256229592796e-6
1.9622609897518295e-6
8.287172826138e-6
2.6577476533340416e-5
5.592317072794506e-5
9.554818424473144e-5
0.00014483240484264304
0.00020332436661169018
0.00043259035750348174
0.0007493749944775807
0.0011811357406751322
0.0017812496703882852
0.0026325565685241803
0.0038499422067805322
0.008011121404057187
0.015851915541744366
0.029424336311200006
0.0510653023581108
