0.025945349720102096
0.024013603347420587
0.021645825731086532
0.018994794164619855
0.0163748949274517
0.015194857447658805
0.014161286662125572
0.01331010619156453
0.0126657827487352
0.012238575043011846
0.012022716158491153
0.011994323532685536
0.011985803373462556
0.011995719523053894
0.012022464009298017
0.012064214793491124
0.012119005702064478
0.012184715047549532
0.012259090282747964
0.012339736297076076
0.012424183864185201
0.012509829337029266
0.012594060594931511
0.012811369591149646
0.012919767954697625
0.012852089764503916
0.012552676496457138
0.011984163947323379
0.011134382217501737
0.008705794905036535
0.005895759372915865
0.004042247254046782
0.00520385692758768
