0.0014640550842578426
0.0008836535254606037
0.0006045944939594428
0.0004791381356124558
0.00039995844501422573
0.0003589089027953296
0.00031349331540314607
0.0002645773468158419
0.0002149469620526534
0.00016855245296315546
0.0001298227425294285
0.00011937987841542652
0.00011043449519676507
0.00010313567213726671
9.763089436987116e-5
9.406348148333077e-5
9.257600804457589e-5
9.331265486289819e-5
9.642056356601314e-5
0.00010205640512944703
0.00011038859763917719
0.00012160267742578057
0.00013590739998764478
0.0001999554566439743
0.00030313758428895943
0.0004595987342050911
0.0006912367276159515
0.001030587919804038
0.0015239075213341335
0.003244576228063012
0.006609592763139049
0.012754162405363423
0.023198031677498898
