0.9990929844857187
0.9986811847894189
0.996235701405571
0.9989591157110862
0.9983101151907519
0.9675219275806705
0.9965134422673746
0.9722567914332966
0.9357728244909174
0.9356805882206616
0.9961876295995798
0.9877214706887706
0.7887888246374304
0.6905820790609882
0.45539170244280736
0.46459602505317577
0.45350137941893903
0.9871556818557659
0.7273096433067425
0.9949003969533381
0.6979493521894911
0.5218067614841736
0.4055804551633956
0.39632189477210256
0.3859234615266476
0.3041837311583096
0.2686890601058847
0.2256961228203539
0.919480635435383
0.3288565561678329
0.1583411841231716
0.14802754706452426
0.13558318629799326
0.1293697703638536
0.10747354581789215
0.06950906504854798
0.456726908656315
0.309791754421296
0.06635865635303506
0.06438031419251872
0.06267707402309253
0.06110018021609387
0.05959850308273096
0.05815308898024807
0.05349640450444926
0.09407205796946794
0.05196947721528611
0.051037237554502235
0.0501620395954504
0.047048866446298854
0.052444804924095034
0.04589474540460181
0.044771376841093835
0.04369438937120479
0.04268446309048757
0.041795263725435794
0.04111114634255392
0.04078527057476278
0.03925256061423077
0.038591805574828664
0.03797204508174945
0.03563613293756018
0.028522026405365275
0.5289734333767844
0.055696691672072696
0.026299758638550275
0.025921981396426264
0.02447694578261478
0.01974157017554623
0.3803924900541078
0.021240940919115436
0.018715390432476997
0.018385789703233013
0.018071660945993495
0.01687233431400592
0.01297946353742313
0.31136995239380144
0.016246577521730643
0.012335203863322652
0.012155067645370776
0.011542193190406613
0.012484406720410957
0.011262741481924743
0.010994357447464131
0.010735268220510352
0.010483942912337396
0.010240504538578
0.010005666449203754
0.009781964879160943
0.009572240321689962
0.009385692577186688
0.009232390199426677
0.009141921633085581
0.00913812920653062
0.008720947626241482
0.008609079074889392
0.00850386250659907
0.008103055486605892
0.006813669956973023
0.10155420659230635
0.006877923612195802
0.006625862523092219
0.006563558604655351
0.006506042160646264
0.0062883406644778095
0.005608939316890493
0.08396622136687915
0.005572813141928201
0.005549115815159378
0.005421126888644989
0.0053905410538473975
0.005361829350587155
0.0052507406511265176
0.004864779656870322
0.01240328387895312
0.004831538974905181
0.0048062393333613285
0.004783071574936182
0.004760806160401698
0.004683026396200718
0.004930175925354718
0.00465693913052434
0.004633073892544692
0.00461057934997805
0.004589076173947215
0.004568317855785042
0.004548113410436927
0.004528509590283503
0.0044689324376657735
0.005382048392719996
0.004441946848074085
0.00443019558995128
0.0044191205730356176
0.0043760484830195345
0.004227541204589014
0.010799945869682859
0.004209318311106103
0.004201220876532352
0.004193633290292542
0.004164119872934302
0.004061640473328132
0.009272270367437996
0.0040473729402948355
0.004041608058043433
0.004036196752961574
0.004014799332763053
0.003937004846576386
0.005981741883012481
0.003928709839398581
0.003923411118484321
0.00391850728221399
0.003900244645765494
0.003910562292700925
0.003892647043465758
0.0038877250665417806
0.0038888680266930264
0.003876973866605238
0.0038722947958483855
0.0038679681568145052
0.0038517086577995463
0.003853136600456608
0.003844208061711263
0.0038445452220798315
0.003836903430112115
0.003831461965987437
0.0038265125115566345
0.0038217293167773225
0.0038047388126308257
0.003863530152409256
0.0037985290136312577
0.0037927842680107737
0.0037873300702306323
0.00378202382420173
0.0037768321310777675
0.0037716687339868216
0.0037552348837299188
0.00395219877676195
0.0037479596383516167
0.003743953369781061
0.003740245603024328
0.0037263387232520095
0.0037313413742869894
0.0037202788859299063
0.0037175417258958343
0.0037247040407075716
0.003707236546993342
0.0037037487099087496
0.003700477347884923
0.0036877166670915007
0.0036412542640702483
0.006318186461439612
0.003633725088386497
0.0036307715853725053
0.0036207074679766027
0.0036343021795258723
0.0036156226726752894
0.0036106144100661597
0.003605681419651563
0.0036007766245164663
0.0035959032448905637
0.0035911007018166186
0.0035863394618670386
0.003581575068088705
0.0035768243393730637
0.003572112373478986
0.0035674130421306516
0.0035626821291833144
0.0035580213398440086
0.0035533688383898032
0.0035486932008418903
0.003544027192883048
0.0035299448662077793
0.0038303988322669347
0.0035228836824945375
0.003519921436008433
0.0035170901936367183
0.0035060847100253922
0.003464057320635261
0.0033311300821785017
0.33622919287373454
0.005164444928896561
0.003290284891224071
0.0032879506720261964
0.003286001970456476
0.0032786409155097784
0.003250482596052706
0.0031614506473444104
0.13556449832036782
0.0035236353253401687
0.0031314638143273843
0.0031296112419315625
0.003123127530857639
0.0031235933944126493
0.0031193359457148406
0.00311603957290163
0.0031136126505241224
0.0031127554213141173
0.003107400083352585
0.003104936189791685
0.0031027476375600216
0.003094035111560478
0.0030645389656803745
0.006924255488474751
0.003056562192329415
0.003054780352185482
0.0030476384737522233
0.0030196938240750204
0.0029170019756435406
0.06452946652712699
0.002929196998497696
0.0029076920353040547
0.002906005376184795
0.0029003610670754743
0.0029126582435017867
0.002897209217914809
0.0028944354404231154
0.002891775192117141
0.0028891941916364683
0.00288667568684553
0.0028786313173714273
0.002970767838330113
0.0028748388214969722
0.002872808707732488
0.0028708850350789294
0.0028635771073566296
0.002865573222587625
0.0028603399405278673
0.002859242587679056
0.00286547819650651
0.002853233562282842
0.0028514600820523928
0.002849737801926211
0.0028430443039507147
0.002817567011266009
0.002736046333386144
0.17435281384423285
0.003395502364530012
0.0027119254561900896
0.002710602515254179
0.00270942807523622
0.0027047723567023008
0.00268668876421424
0.0026206262435605754
0.04337708759539116
0.0026223303445975787
0.0026131318776709267
0.002611863819450222
0.0026078406154057543
0.0026190509802852535
0.002605468594236382
0.0026035309964811404
0.0026017194029086532
0.002599952080321377
0.002594210695847421
0.0026421653821486757
0.002591654199508908
0.0025900192211029682
0.002588493438121786
0.002583206907525115
0.002597156233975051
0.002580978593783978
0.0025788915467426787
0.002576896914794402
0.0025749266207218957
0.0025729684504964268
0.002571059942772902
0.002569141511490902
0.0025631200572983626
0.002653866808342953
0.002560263247181671
0.002558872973630999
0.002557558082184108
0.002552457628501481
0.0025342279950307245
0.004112370113043051
0.002530588698498981
0.002529483374584529
0.002525316429529967
0.0025093187085810653
0.002458810945687895
0.10708074102389481
0.0026424382919629785
0.002442020186281091
0.002441116976228952
0.0024380090761653705
0.0024395703256077095
0.0024361854755737267
0.002434359660715757
0.002432497161667213
0.0024307245690798895
0.0024288844393842157
0.0024271118004094427
0.0024253156813943133
0.0024235362610977584
0.0024217409086826347
0.002419973293426747
0.0024182469207351676
0.0024164578446690954
0.002414703936952478
0.002412980264257958
0.002411250204755244
0.00240956794774827
0.0024078785118407664
0.0024062048539009173
0.0024045725451994904
0.0024029281178472583
0.0024013370685817548
0.002399767215798765
0.002398230143354496
0.002396734811463963
0.0023952773765616997
0.0023938707944040627
0.002392536171846038
0.002391271275910045
0.0023900423904695267
0.0023889603968432205
0.0023842142717909187
0.0023832454503824874
0.0023802469923829284
0.0023895147562312813
0.0023784397061374363
0.0023770196972031643
0.002375690776884487
0.0023744148566080536
0.0023698883165773066
0.002387545929243229
0.00236818432358471
0.002366642617404824
0.002365210519451877
0.002363817104325816
0.0023624526796067746
0.0023578698273181153
0.0023983539138666687
0.002355968422300292
0.0023547561708044396
0.0023536336497222976
0.002349648286195438
0.0023593266045561223
0.00234802536787726
0.002346452682470912
0.0023449278500730086
0.0023434379810159944
0.002341973346194126
0.0023405012663739178
0.0023390126537161104
0.0023376049722547143
0.0023330081072808206
0.0024004382016825643
0.0023308899790120963
0.002329856763472027
0.0023288627090195524
0.0023250508107743872
0.0023115141837559694
0.003591984809584392
0.0023086842296619614
0.0023079147490700502
0.002304829540045794
0.0022924959276836576
0.0022446119913568374
0.002075431795220184
0.28912954556016107
0.0024183640736992196
0.0020724330024777804
0.0020719509278902537
0.002070125012237245
0.0020688629308411866
0.0020822196472581878
0.0020671456561181523
0.002066558694206022
0.002065997672471287
0.0020637433717791143
0.0020551281031085944
0.002025095409401656
0.04606171460777925
0.0020360721000234894
0.002019725687970708
0.0020192569093238633
0.002017407221903189
0.0020110447493149053
0.002387139000455951
0.002009683306532506
0.002009193322519476
0.002007371825247295
0.0020064235378371986
0.00203123262438204
0.002004453690509722
0.002004012187426185
0.0020022737228151954
0.002002075046994456
0.0020390065877126107
0.001999425256586862
0.0019990021569695204
0.0019972574540549903
0.001990604934527296
0.001968711899259734
0.04316236607467788
0.0019795504528024588
0.001962507648166689
0.0019620971784528596
0.0019604884320214566
0.0019542412369617512
0.001932701545531934
0.026395482357143896
0.0019326220079511902
0.0019288339865549675
0.0019283474183651728
0.0019267646513850822
0.001929226437688003
0.0019259855571909235
0.0019252520901182346
0.0019246023679891922
0.0019239239535824293
0.0019232833170998997
0.0019226696238912044
0.0019205037917426893
0.0019369554263353184
0.001919705510605163
0.0019191239082785305
0.0019186098334848523
0.0019168896363415122
0.0019255219056416584
0.001916073695049425
0.0019155092793162187
0.0019149437048406326
0.0019144076005171429
0.001912431387533331
0.0019157973454584365
0.0019117144813249887
0.001910973170846153
0.0019102682499829715
0.0019095622404735613
0.0019088757130061862
0.0019082225810959086
0.0019075567403861737
0.0019069625382324151
0.0019063755932465787
0.0019058384681465146
0.0019053626854652062
0.0019049269960229598
0.0019045920866087584
0.0019028196652070006
0.0019024121096619662
0.0019020127703384127
0.0019004746312017984
0.0018943053793384346
0.0018712769143488517
0.016694110465001244
0.0018698607692436142
0.0018688640239321597
0.001868076526039486
0.001867417687422157
0.0018668224682017454
0.0018662058679564386
0.0018656323154198073
0.0018650580578213893
0.0018644944866195168
0.0018626039083729506
0.0018807915613338055
0.0018618384091199647
0.00186137253027574
0.0018609386955759089
0.0018593271942611844
0.0018607281564853029
0.0018586454934441665
0.001858052959549883
0.0018575435052832212
0.0018572752861636954
0.0018573571766630215
0.0018558206209579042
0.001855420972567079
0.0018550472582110622
0.0018535464586096895
0.0018478735620924835
0.0018290997044769775
0.049814131193220756
0.001842798631772835
0.0018238018236188536
0.0018235276189119132
0.0018222804295209838
0.0018175081442086682
0.0017996928910820609
0.013055402917206527
0.0017980587853390628
0.001797332207903568
0.0017968104650054606
0.001796342127755035
0.0017958842929090002
0.0017944517768095913
0.0018060572364020366
0.0017937609671113686
0.001793354806790104
0.0017929469564723632
0.0017915328331715719
0.0017936276235733795
0.0017909439128653837
0.0017903497332716345
0.001789792019276648
0.0017891902839739515
0.0017886364651210629
0.0017880380602849355
0.0017875008531766934
0.0017869253472322377
0.001786353765228954
0.0017857900855386966
0.0017852030863082513
0.0017846626378910657
0.0017841077579826559
0.0017835654493897346
0.0017830107031309161
0.0017824774805620947
0.0017819412359327824
0.0017813996921061115
0.0017808885807897856
0.0017803706146406473
0.0017798587948659739
0.001779368613759158
0.0017788679664727525
0.0017783866717909214
0.0017779505207485835
0.0017775176296860873
0.0017770957425927714
0.0017767104210703044
0.001776334247203415
0.0017746441731719687
0.0017743280483484836
0.0017733211920477054
0.001775932130474167
0.0017727549905517392
0.001772248711507829
0.0017718102093774446
0.0017713671403865039
0.0017698885719487079
0.0017806246147414884
0.0017692837094901992
0.0017688582677429787
0.001768449931530247
0.0017671196368129194
0.0017712148081306944
0.0017665428131070637
0.0017660313792691174
0.0017655420204819583
0.0017650701759150955
0.0017645962509597601
0.001763120867439183
0.001781592163814294
0.0017624110615955813
0.001762049831401158
0.0017617015689708193
0.0017603752349452662
0.0017555727925552267
0.0021825580870589167
0.0017545961369810348
0.0017543242291524486
0.0017532213638072336
0.001748815852125607
0.001731362999182584
0.0016641509130154164
0.0014742490867806213
0.959897548462953
0.2692015564976077
0.039966980963064225
0.0015046326432401336
0.0014595005154893759
0.0014589783809219603
0.0014571001528778105
0.0014566951276345774
0.0014767372320959593
0.0014549123932364738
0.0014546133741715206
0.0014534603076093444
0.001449482148923098
0.0014550846117420968
0.0014486825347248544
0.0014551297041185962
0.0014479355646925818
0.0014476722284723076
0.0014473746088563555
0.0014462983718273592
0.0014421533911191387
0.0014287689835942863
0.03070303412625708
0.0014330127693095718
0.0014254310166881834
0.0014251546832572126
0.001424054549485132
0.0014231593782910723
0.0014280817035878246
0.0014225171012269278
0.0014222201854278693
0.0014219472501664776
0.0014208881386771344
0.0014171358419978741
0.001645852795557956
0.001416492657299484
0.0014162647106032433
0.001415378045498017
0.0014122193461821864
0.0016029817842368455
0.0014115902436727668
0.0014113727705660217
0.001410510524796016
0.0014071723162457639
0.0013958640539118439
0.019645409775730704
0.0013954450735437773
0.0013932361346627453
0.0013929862957700045
0.0013921983724700104
0.0013925555630543984
0.0013917694906850908
0.0013913790475914567
0.0013909821951013646
0.0013906439745877686
0.0013903218955432783
0.0013900593722322996
0.0013898523356084547
0.0013897487382138474
0.0013887726107015275
0.0013885298046465433
0.001388318951219436
0.0013874184106257847
0.001383894531426566
0.0013711646254194187
0.015174075563927247
0.0013702254692252724
0.0013695144228962342
0.001368909123421802
0.0013684217952611988
0.0013679604459311268
0.0013675668507351912
0.001367166060085634
0.0013667989745841935
0.0013664276618092774
0.0013660673577027271
0.0013656899346892182
0.0013653536700650726
0.001364995570628691
0.0013646516256875518
0.001363556655332221
0.0013813001663227076
0.001363019940517518
0.001362789022749833
0.0013620638062588064
0.0013645485969617233
0.0013616503935344748
0.0013613497668173435
0.0013610666014232664
0.0013607777660366027
0.0013597112310951842
0.0013611285041680854
0.0013593186301858462
0.0013589437399438853
0.001358591124184294
0.0013582736472600443
0.0013580071548177641
0.0013578101473701865
0.0013577146438085164
0.0013568962512722216
0.0013566543099124972
0.0013564356937707522
0.001355578114916045
0.0013522226449938501
0.0013404059497201803
0.020275900674749547
0.001340522625459195
0.0013381147729046305
0.0013378921151673828
0.001337215835750638
0.0013377615875708182
0.001336834738072168
0.001336478773711347
0.0013361064190237637
0.0013357416326322813
0.0013353537931048431
0.0013349874842655263
0.0013345899409176187
0.001334233704415877
0.0013338670514145834
0.0013334873509402434
0.0013331309820014958
0.0013327458664121328
0.001332395289257049
0.0013320083389872228
0.0013316302793329737
0.0013312468004721967
0.0013308968267560783
0.001330533758122865
0.0013301753125854465
0.0013297897142707238
0.0013294034110802877
0.001329047248343429
0.0013286820547092626
0.0013283065427038832
0.0013279374915879383
0.0013275670530218386
0.0013271965956521692
0.0013268290136296823
0.0013264608266720934
0.0013260945655578782
0.001325720262485619
0.0013253500421732123
0.0013249850706557043
0.001324594224229314
0.0013242496771967982
0.00132387582957888
0.0013235119994473021
0.0013231448267128076
0.0013227778136740698
0.0013224062944877657
0.001322016343506316
0.001321666664127863
0.0013212776475631793
0.001320938710552666
0.0013205618717173073
0.0013201937590581747
0.0013198298084624582
0.0013194541888252864
0.0013191004934930972
0.0013187169300325485
0.001318359332384056
0.0013179880732678284
0.0013176292401879675
0.0013172566636245886
0.0013168924067013532
0.0013165244576491264
0.0013161547123906048
0.001315789773717213
0.001315425215682564
0.00131504541137617
0.001314696678019589
0.0013143371420609173
0.0013139691077304616
0.0013136052604766357
0.0013132487033186147
0.0013128687461526622
0.0013124924689399964
0.0013121457463624031
0.001311792989114935
0.0013114276372983014
0.0013110525388569938
0.0013107019025632716
0.0013103340162902155
0.0013099804538036497
0.0013096126805887676
0.0013092681799820038
0.001308906703783419
0.0013085506728169882
0.0013081791492777217
0.0013078394266965443
0.0013074718448397582
0.0013071317563913554
0.0013067770213070484
0.00130642224076144
0.0013060805677062026
0.0013057145924697533
0.001305384910727847
0.0013050328606619144
0.0013046701945670924
0.0013043467221628413
0.0013040091507595108
0.0013036752880392077
0.0013033400424424801
0.0013029968973142791
0.0013026681131124151
0.0013023421849071015
0.0013020334305743897
0.0013017094374896399
0.0013013817043661113
0.001301094149494697
0.0013007734718619157
0.0013004969383065834
0.0013001960862850104
0.001299922002775844
0.0012996301978453473
0.0012993775358846604
0.001298236713081713
0.001298016739070429
0.0012973911487944578
0.001298728102472002
0.0012970115991444153
0.0012967068202021648
0.0012964013296408172
0.0012961019843338306
0.0012958132963386548
0.0012947652688097833
0.0012992105641950191
0.0012944158245286053
0.001294110033002338
0.0012938264325316196
0.0012935356427353772
0.0012926079045828542
0.0013001460719606617
0.0012921928743536704
0.0012919608865838983
0.0012917267120032272
0.0012908302377338532
0.0012911109723648395
0.0012904437094048982
0.0012902616316217141
0.0012907117061614626
0.0012896047527360954
0.0012893802514672426
0.001289168227576687
0.0012883342412607357
0.0012852336996687086
0.0014533175284409117
0.0012847423207957287
0.0012845543029346707
0.0012838328226139617
0.0012812364255689324
0.0014741286837871015
0.001280634727129415
0.0012804602717036984
0.0012797628875911293
0.0012770503759255147
0.0012670466005634817
0.009248347876169127
0.001265864236585701
0.0012654280101559445
0.0012651285244748012
0.0012648798979610354
0.0012646222263214546
0.0012636863105454088
0.0012648184534796991
0.0012633301425382104
0.0012629714882998466
0.0012626839625349273
0.001262429808277954
0.001262257912172493
0.0012622006944593145
0.0012614472281398115
0.0012612562169550534
0.0012610477982075707
0.001260247574993656
0.0012571949846433284
0.0012467027562977906
0.023099023420190767
0.0012483625203399962
0.0012441449416659145
0.0012439736688308889
0.0012432791686349809
0.0012407661670303383
0.001367803701363135
0.0012402798475781296
0.001240098269116252
0.0012394017054994655
0.0012367594801498405
0.0013392489614483805
0.0012363342187522441
0.0012361387866711704
0.0012354329477208825
0.001235683623371786
0.0012350846221552692
0.00123477086770446
0.0012345524147113207
0.0012344845797535031
0.0012339608231289878
0.0012337301430643821
0.0012335343861544779
0.0012327047066305608
0.0012298972476333936
0.0015509462615101999
0.001229207158317147
0.0012290495471929952
0.0012284384539433812
0.0012280963948364532
0.001233156929238699
0.0012274170450576882
0.0012272393262330317
0.0012265694478645894
0.001226757561961278
0.001226216447315187
0.0012259139092705706
0.0012257039406837755
0.0012257042336562551
0.0012250868035706408
0.0012248712410974916
0.0012246701749212274
0.0012238555978982268
0.00122095548962603
0.0014105996911267238
0.00122044564273871
0.001220278457219337
0.0012195855074366158
0.0012168457941272859
0.0012062399063689777
0.0011682750362349559
0.4163022969934263
0.00525408493097046
0.0011623193263372578
0.0011621288310303401
0.0011619535360909428
0.0011612631379125382
0.0011585380249519162
0.001148172387129165
0.0011157350297517077
0.3809044268607789
0.026682312067162428
0.0011293238423344398
0.0011036483706196032
0.001103492088827096
0.0011030035512125669
0.0011040331446410256
0.0011026739842716626
0.001102403906167837
0.0011021597025705487
0.0011019344246090412
0.001101098522092392
0.0011048307752762332
0.0011007776426646965
0.0011005218154579444
0.0011002990542120505
0.0011000579640180197
0.0010991957333141844
0.001100642342823921
0.0010988896982734309
0.0010985991039637044
0.0010982828266279387
0.0010979549842172198
0.00109765447946103
0.001097339654289431
0.0010970327529667978
0.0010967359987609226
0.0010964438771727814
0.001096129904596066
0.001095819429534739
0.0010955129597762792
0.001095208815365012
0.0010949019681162908
0.0010945957022945318
0.00109428505164344
0.0010939927039588238
0.0010936909116490146
0.0010933670051826994
0.0010930919929205696
0.0010927760503047224
0.0010924694682103442
0.0010921890072256857
0.001091894560814044
0.0010915863755552313
0.00109127630678435
0.0010909939338916708
0.0010907059189392276
0.0010903917532289475
0.0010901285234405922
0.0010898182367400366
0.0010895323654193656
0.0010892487735274514
0.0010889888340457898
0.0010886961934124528
0.0010884413141465932
0.0010881580153049297
0.00108789505254836
0.0010876327294743748
0.0010873794940320924
0.001087127359961415
0.0010868681554895288
0.0010866229436842234
0.0010863974934491871
0.0010861481204480494
0.0010859288681603907
0.001084956184108421
0.0010847833655979189
0.0010842365276709787
0.0010853149416287788
0.0010839217356186093
0.0010836538430273879
0.0010833962948118003
0.0010831501803175714
0.0010829026915444295
0.001082013500584511
0.0010862719354737815
0.0010817110562296728
0.0010814525056825897
0.0010812389240701936
0.0010810062909153428
0.0010801646320645064
0.0010816265064447217
0.0010798616365198521
0.0010795579723408277
0.0010792551129715777
0.0010789519830688432
0.001078651475752368
0.0010783473378301323
0.0010780416014618543
0.0010777367748151523
0.0010774454357656005
0.0010771364786659188
0.0010768380978948278
0.0010765315315447443
0.0010762381766077356
0.0010759308057367578
0.0010756399116120252
0.0010753331102192343
0.0010750424240001943
0.001074735160161766
0.001074448796456906
0.001074146433192813
0.0010738289191148942
0.0010735535583236144
0.001073238938309684
0.0010729666831538753
0.0010726537067272668
0.0010723831276243656
0.0010720730675354284
0.0010717846413351717
0.0010714988801436842
0.0010712305048575232
0.0010709349664953516
0.0010706689572888006
0.001070394053587942
0.0010701076186662717
0.0010698455469135837
0.001069554213688595
0.0010693066333773427
0.0010690358649305676
0.001068761604475943
0.0010685244272624628
0.0010682555784931047
0.0010680264122010508
0.0010677713842366932
0.0010675504890538257
0.0010673097561952893
0.0010671026833235508
0.001066143395166197
0.0010659752697368408
0.0010654207343077093
0.0010665454865367296
0.001065136349131468
0.0010648762151030389
0.0010646316968554448
0.0010643953740837597
0.0010636198408957576
0.0010699151634764315
0.0010632798996177972
0.0010630758172252008
0.0010628896245727937
0.001062154839754692
0.0010596556563455817
0.0014217831343494858
0.0010589740338204368
0.001058844002808923
0.0010583891077424745
0.0010586141882876765
0.0010580928438115866
0.0010577838941807083
0.001057509328778683
0.0010572099545204106
0.0010569313450007334
0.0010566539087845661
0.0010563656869588822
0.0010560704884134964
0.0010558030332658008
0.0010555132847368531
0.0010552369379314142
0.0010549568433088075
0.0010546767118804201
0.001053834697674838
0.0010712993767815204
0.0010533843008037058
0.00105323132324886
0.0010526336576761608
0.0010523142933381857
0.0010609687050469052
0.0010516628238198544
0.001051514771996831
0.0010509033479406127
0.0010485583660224673
0.0010391212565850627
0.0010023663503356817
0.0008753393317144642
0.8641286241376467
0.37676097800619357
0.03811574930983941
0.0009388401012415115
0.0008634710605254226
0.0008632101435772643
0.0008631041122791894
0.0008627030324851459
0.0008623546245299929
0.0008641269030792431
0.0008620210209626111
0.0008618838047982913
0.0008614675334248645
0.0008632482431494837
0.0008612126149789567
0.0008610569444997829
0.0008609000275912049
0.0008603337708471548
0.0008610512086209554
0.0008601113978533581
0.0008598817903143208
0.0008596678752193498
0.0008594339139177398
0.0008592149256522186
0.000858989589805681
0.0008587709793770326
0.0008585466614077775
0.0008583270528808029
0.0008581025804428322
0.0008578878129491541
0.0008576687164230101
0.0008574525014951595
0.0008572187607468473
0.0008570184312288176
0.000856789479130482
0.0008565900438980423
0.0008563884926564014
0.0008561695595136753
0.0008559463689730706
0.0008557622939657783
0.0008555368472034086
0.0008553610137410073
0.0008551381847820005
0.0008549700981178576
0.0008547541344643417
0.0008545878897771031
0.0008543916607186564
0.0008542210124865002
0.0008540383035219867
0.0008538776117014701
0.0008537005112397855
0.0008535523207670037
0.0008534160080607145
0.000852663102364648
0.0008525620733682571
0.0008521414558568807
0.0008529216361108372
0.0008519285681742317
0.0008517337819369253
0.0008515502408423803
0.0008513774905178906
0.0008508093312452059
0.0008556553299857717
0.0008505735092405597
0.0008504255413959161
0.0008503038908908023
0.0008497804966255407
0.0008478000598134416
0.0009342104208499569
0.0008475387895655051
0.0008474354950591678
0.0008469631070453509
0.0008452759155526124
0.0008397499860620106
0.01428627042256464
0.0008400359267149993
0.0008378624217404429
0.0008377511821694439
0.000837329149725563
0.0008371354591603652
0.0008422740860081213
0.0008366556264786107
0.0008365497911833608
0.0008361421069120745
0.000834447051886622
0.0008278967550453542
0.0008039485849605787
0.23571237377273113
0.0016027127697493815
0.0008014181727347136
0.0008012347108262707
0.0008011720292255275
0.0008008768185728821
0.0008007529770246435
0.0008029273964303973
0.0008003414504543227
0.0008002379622048528
0.0007998320802876657
0.0007983309256776039
0.0008370959724556815
0.0007981267358375677
0.0007979981462491459
0.0007976052599255601
0.0007980711203269264
0.0007974092478768569
0.0007972202041881538
0.0007970175043984784
0.0007968367297260803
0.0007966358428221354
0.0007964375506523957
0.000796251265097303
0.0007960720176399261
0.0007958939085044303
0.0007956814393713652
0.000795512947659005
0.000795307611997309
0.0007951378111691887
0.0007949503581367034
0.0007947472080822027
0.0007945889355203128
0.0007944012100840059
0.0007942175672626117
0.0007936425225598676
0.000805698304907565
0.00079336470588387
0.0007932649049545715
0.0007928771496970577
0.0007913258311391669
0.0007855071434744731
0.004221619287954059
0.0007849504236931426
0.0007848126221091101
0.0007846946216316653
0.0007842571210040505
0.0007844702141151516
0.0007840509382494032
0.0007838965345918769
0.0007837962359512618
0.0007838270064790542
0.000783421340637025
0.0007833122311227125
0.0007831962487304667
0.0007827613331100602
0.0007811309547727241
0.0008699301184150743
0.0007808843087365736
0.0007807928726868418
0.0007804343670430036
0.0007790641763724127
0.0007745295090330062
0.00923633198140561
0.0007737698278618144
0.0007732789867337941
0.0007729527832057714
0.0007726965932121632
0.0007724944398072031
0.0007723079109999698
0.0007721342837544998
0.0007719630253868459
0.0007718034429406995
0.0007716374206414578
0.0007714710686489434
0.0007710034911935226
0.0007792260382726846
0.0007707447968235415
0.0007706547114079698
0.0007702809784757569
0.0007688623262119276
0.0008156582553541236
0.0007686724404549761
0.0007685725456388348
0.0007681824153685235
0.0007668071150325195
0.0008366036361738272
0.0007665677657809344
0.00076648151130293
0.0007661395801264459
0.000764838292185599
0.000800872598363922
0.0007646491731075344
0.0007645558070216163
0.0007641699120316536
0.0007629501962699292
0.0009208175451740352
0.0007625394784173123
0.0007624469389852506
0.0007623709914997834
0.0007620765151203912
0.0007609347395170496
0.0007572405014117378
0.006375560716128437
0.0007561935705131528
0.0007558885940519566
0.0007557447732583489
0.0007556155770950257
0.0007554900065415704
0.0007550294059073814
0.0007559613153287348
0.0007548604628525579
0.0007546862829034828
0.0007545336892077481
0.0007543702344882108
0.0007542136381089581
0.0007540544895484613
0.0007538958787241534
0.0007534322053004416
0.0007626303182683425
0.0007531875175763592
0.0007530978010460432
0.0007527432762846065
0.0007513436121346917
0.0007459403853123936
0.0007273756775352247
0.3100816886442259
0.002927828990231529
0.0007236777871642008
0.0007235888521064382
0.0007235276623868692
0.0007232163224812349
0.0007219678604069024
0.0007171246148903188
0.0006985790035964334
0.0006375820105921082
0.23596948608158885
0.48705197718693455
0.02010475062182432
0.0006567972298485159
0.0006284886977288018
0.0006283124976275145
0.0006282143479864888
0.0006278544565401223
0.0006275559740021031
0.0006278353098295719
0.0006274213611718316
0.0006273022389813865
0.0006271988058486611
0.0006271003750735193
0.0006270066121515372
0.0006266705282116924
0.0006279187011096754
0.00062656288056262
0.0006264813035439243
0.0006263994774784454
0.000626131468894342
0.0006279288775718483
0.0006260193317892404
0.000625933094709541
0.0006257419246962215
0.0006265310925492318
0.0006256263296235964
0.0006255363634783961
0.0006254611772051888
0.0006252092300015888
0.0006254626030469113
0.0006251059755746913
0.0006249920943063314
0.0006248911733301998
0.0006247906020023786
0.0006246858730702964
0.0006245952909916808
0.0006244993876854954
0.0006244373240435475
0.0006243600408184502
0.0006243189264471538
0.0006240980046161027
0.000624040774522272
0.0006239807030614108
0.0006237427677440177
0.0006228092524184214
0.0006194240821265629
0.004646959072617418
0.0006189527262543404
0.0006188317396775833
0.000618768550608273
0.0006186906249358581
0.0006184299018563433
0.0006187686252550062
0.0006183317665064414
0.0006182273518912096
0.0006181277471843383
0.0006180252114520446
0.0006179242099649818
0.0006178267133126747
0.0006177226992182261
0.0006176301568777687
0.0006175214948714869
0.000617436038424013
0.0006173216553315708
0.0006172269361026106
0.0006171223936703996
0.0006170267246202732
0.0006169238286461431
0.0006168259128228604
0.0006167349526622345
0.0006166271672352064
0.0006163265384946381
0.0006226846085177207
0.000616194790016622
0.0006161341679015719
0.0006159355364208086
0.0006151976914685608
0.0006320867962967824
0.0006150897611414408
0.0006150341381175317
0.0006148363176267102
0.0006141350669972567
0.0007151288527694755
0.0006138957872117157
0.0006138465713927399
0.0006138060578587679
0.000613649839365904
0.0006131130720252731
0.0006377219053895211
0.0006129672564658684
0.0006129208749446335
0.0006127688594906866
0.0006127055309204099
0.0006145440683444914
0.0006124739263394519
0.0006124226708861813
0.0006122465256024334
0.0006121178839931796
0.0006133961754023476
0.0006119573844792225
0.0006119064610232705
0.0006117054846245251
0.0006109047260365319
0.000607800480811993
0.0005971946059338817
0.21168363106276983
0.0013131824716524632
0.0005951530976820996
0.0005950216551879883
0.0005949730182061019
0.0005949370442525082
0.0005947991515008466
0.000594303255842421
0.0006077896390017656
0.0005941913756100092
0.0005941468579322429
0.0005939690734479974
0.0005932691910710552
0.0005905385220295045
0.0005810774955486986
0.17058567066389796
0.0009813793099046064
0.0005794679076255305
0.000579316404066943
0.0005792783470362495
0.0005792480841325109
0.0005791300693310797
0.0005787592564184818
0.0006031439365592473
0.0005786114810594212
0.0005785749798136175
0.0005785410407881386
0.0005784069191402397
0.0005778980786442789
0.0005762234661839116
0.003104777207718956
0.0005756702985605378
0.0005756215561906197
0.0005755771254758457
0.0005754005828056963
0.0005747161694557024
0.0005723390160040087
0.004472057792985651
0.0005718871003377313
0.0005717709510305036
0.0005717128774140878
0.0005716692735017181
0.0005714895122004293
0.0005719393946725937
0.0005713954690135248
0.0005713420590440776
0.0005712694749833713
0.0005712185046204965
0.0005709970316831736
0.0005724317886079411
0.0005709188160604173
0.0005708794738639722
0.0005707211394075928
0.000571144423043457
0.0005706498573621044
0.0005705752804957553
0.0005705313028780967
0.0005703306639602279
0.0005711871109971844
0.000570253714642921
0.0005702016791392372
0.0005701719430686869
0.0005699750288569172
0.0005693011792810565
0.0006435342271901012
0.0005691653427038479
0.0005691261950787618
0.0005690895663055251
0.0005689639466019969
0.0005685223382594362
0.0005790542294652479
0.0005684438093540023
0.0005684051840845195
0.0005682439549134499
0.0005676265690327531
0.0005651920854347625
0.0005561553335236558
0.06797000907322726
0.000585713710092306
0.0005555876329700338
0.0005555276645990981
0.000555500799272246
0.0005554070818893919
0.0005553907905915256
0.0005561131694496457
0.0005552258772293373
0.0005551918473198914
0.0005550594888093507
0.0005545475958648183
0.0005528446124279385
0.0037613336504060957
0.0005523506028177749
0.0005522875738521726
0.0005522479441216754
0.0005521090439787324
0.0005528065786873926
0.0005520435272929891
0.0005519859008668582
0.000551866042034721
0.0005524549663434852
0.0005517896602975081
0.0005517485345252204
0.000551708153141095
0.0005515375284140256
0.00055095441704478
0.0006051433406963347
0.0005508471533293147
0.0005508124013988702
0.0005507864918447014
0.0005506819945702013
0.0005502759346478481
0.0005571069893139935
0.0005502012077662766
0.0005501682768921379
0.0005500239032038001
0.0005500014020863864
0.0005531452523613867
0.0005498081935543797
0.0005497685204371994
0.000549740496236184
0.000549631963851438
0.0005491862740830133
0.0005477020251044573
0.0023208725800606955
0.0005473295429991865
0.0005473000560169972
0.0005471716580771613
0.0005466594941806457
0.0005448081139839411
0.0018389173404004255
0.000544561564147672
0.0005445477810180899
0.0005444314614073686
0.000544401034253239
0.000545838999828463
0.0005442467037297671
0.0005442189897309491
0.0005441024569576847
0.0005440738729600714
0.000545407946705323
