-0.59070722772043
-0.009089939160775995
0.39842266509371693
0.05619597162403991
0.002434342962292377
-0.003451693543434234
0.0001509734388506767
-0.0004033141708216226
1.120761056748465e-5
-5.157858837130658e-5
-7.827721941189303e-7
4.199584958453073e-6
-6.564548471477138e-8
1.1241945839929324e-6
-2.2440525540567968e-7
5.776127531970099e-7
4.387832319568963e-7
-6.564548471477138e-8
0.3533443994199041
-0.0007816350072817266
-1.0659882551523212
0.9829521064126779
0.17944514502038333
0.025254230923214778
0.003557440436939438
0.0005016900224630305
7.072040021796622e-5
1.0133864226768985e-5
-5.89728778033205e-8
2.508381278742977e-6
1.7978235949539512e-6
7.401190496719723e-7
6.218817740349936e-7
-5.89728778033205e-8
1.4667961765468807e-6
-5.89728778033205e-8
0.3533450600203529
-0.0007816697475386356
-1.0659616051223642
0.9829502476967885
0.17944556831550257
0.02525584214705387
0.0035591834153353985
0.0005032470485620971
7.199936525585648e-5
1.0472051429052942e-5
1.8823339395790395e-6
1.8295788931227408e-6
1.747394851092654e-6
1.171799038870991e-6
