0.9974570228357974
0.9957429753678947
0.9860740545460055
0.9665098613516616
0.9661006738654827
0.9639740833845757
0.9641613812657862
0.9560487527839676
0.9570788283749804
0.9507753152371062
0.9099079757641091
0.7223000743486239
0.9317691082872581
0.6394668118011211
0.0871386622071394
0.54672275738211
0.03478760909965606
0.028507438994876955
0.02001695615272925
0.014931666464516713
0.010840925912522725
0.010979314935169404
0.00888050820928038
0.006458754942866185
0.004281842273214875
0.0016560539590846912
0.0011552289531345794
0.0009917993876011888
0.0009604939107579202
0.0009586419017130754
0.000984151987593218
0.0009899408076735061
0.000880668737694823
0.0006333756752113784
0.0006070892202289513
0.0005367641142204893
0.0004956533488267301
0.000458674515468771
0.0004391770079378299
0.0004359156164042144
0.00042273900375572326
0.00041457234022690415
0.0004146850596236096
0.00041173649192216555
0.0004164150561247193
0.00041130610966783054
0.00041153326034787385
0.00040122532856884385
0.0003670578531421165
0.0003484825445048134
0.0003054850574389367
0.00029682625501969984
0.000274299812253076
0.00026414153036630195
0.0002566531600686206
0.0002532161615038664
0.0002512258013881441
0.00024894740805103677
0.00024406595842058065
0.0002368684418150857
0.00022236944336567754
0.00022030742036616147
0.00021779660422471814
0.00021709111351247978
0.0002155519245827242
0.00021368260601378752
0.0002113022826878419
0.00020435728998713376
0.00019233933648699075
0.00017345051474909612
0.00016818546390151567
0.00016345326736710852
0.0001579418247928399
0.0001447249568777842
0.00013114924498719427
0.00012217465100777813
0.00011909745507732161
0.00011917956185986123
0.00011853561724306516
0.00011401063271615497
0.0001120526196679017
0.00011021398810817651
0.00010973574070338721
0.00011252957019020071
0.00010954848733424338
0.00010912667349416427
0.00010855139542226278
0.00010600717757908162
0.00010151161771132511
9.747293349871011e-5
9.081731724192021e-5
8.343323317749896e-5
7.499494894031011e-5
6.814703663565735e-5
6.435221236961164e-5
6.299291749151115e-5
6.234038179092627e-5
6.175625663462636e-5
6.168359441799387e-5
6.429794383672194e-5
6.162999782294287e-5
6.163303410472443e-5
6.162592555775115e-5
6.162795546904576e-5
6.162627305367208e-5
6.162726673097918e-5
6.162643030194204e-5
6.162636163248303e-5
6.16264255188792e-5
6.162637309292673e-5
6.162651835878163e-5
6.162640204032677e-5
6.162639993334551e-5
6.16264042572201e-5
6.162640204032677e-5
7.362025287860341e-5
6.13227491531032e-5
6.153829749167006e-5
6.161077058441933e-5
6.162365960782346e-5
6.162576870721859e-5
6.162625947880862e-5
6.162628915357127e-5
6.16263325456945e-5
6.162639375584256e-5
5.4497540447007164e-5
5.318306362817049e-5
5.213352845856445e-5
5.164911266181127e-5
5.053536101251588e-5
4.997385314819969e-5
4.9652871431660195e-5
4.9434125525438244e-5
4.897627681926808e-5
4.80339600602564e-5
4.701300767101513e-5
4.537156373168871e-5
4.3069848724264226e-5
4.0310138446630894e-5
3.6402059526929875e-5
3.5275752740426825e-5
3.517671320540927e-5
4.3128321733587605e-5
3.152888841001511e-5
2.9669154392675257e-5
2.9372423117179913e-5
2.9596424291900014e-5
2.9414106082814584e-5
3.06362707176433e-5
2.9485322680822268e-5
2.9723945171755695e-5
2.9508685845058835e-5
2.9643322477457268e-5
2.9520932601556638e-5
2.9512718928648152e-5
2.9518878811640725e-5
2.9519812969169834e-5
2.9519076384265652e-5
2.9518989240251425e-5
2.9518887784352188e-5
2.9518940448114428e-5
2.9518924566485083e-5
2.9518989240251425e-5
2.930110177273848e-5
2.944581687808201e-5
2.9495844354854306e-5
2.9512247972873773e-5
2.95175862707886e-5
2.9518786688997878e-5
2.9518945849127398e-5
