-0.59070722772043
-0.5825814445982604
-4.167457659459105
0.08486978637920806
-0.07263353528831809
-0.04748744677625913
0.07744244756350827
-0.007261193280284239
0.05119583331559861
0.00271164268254883
-0.002619260245425137
-0.0001553563455086726
0.0017560183211355745
0.00012211590141079226
-2.872496265240998e-5
3.955823613958909e-5
-5.536410752834953e-6
2.4297742551977752e-5
2.435562093339172e-6
1.005458400170356e-6
-1.5637402059412442e-6
-2.2797761069157096e-6
-2.821378182485401e-6
1.005458400170356e-6
-0.023611291382260577
-0.004267582614139724
-0.0007633854615658464
-0.00013619598057149074
-2.58637108859483e-5
-5.484721421193661e-6
-3.5817456175354923e-6
-3.8996225939363915e-7
0.0021824306745430316
0.025166546124720593
0.27296347879621546
-0.9668837600077732
0.5798414067753732
-0.6756733842069987
-0.2842464138403524
0.17879981183978003
-1.9154542243320687
2.91280701688226
-0.6047725818232117
-0.38378026771487733
-0.2782753061909857
0.20402967522935306
-0.34024858341452524
0.3913697071843862
-0.5132503921582041
0.010650325045627601
-0.34137162200340043
0.006621879065521349
-0.1524576118653183
2.7345320942149294
0.33939044464203383
-0.016324634011732043
0.2218828063155604
0.021430070201026205
-0.0011062592275078303
0.013925580614825558
0.0012849541166799483
-4.2623127923406556e-5
0.0008417720667885306
8.953773702683604e-5
-4.128404220433979e-6
5.749729695329192e-5
3.974873235453036e-6
-1.4646956731992344e-6
2.3880208007490134e-6
-1.3070328773803763e-6
1.394766650952839e-6
2.9539978019313406e-6
-3.898478703745489e-8
4.658672395352337e-7
-3.898478703745489e-8
5.880870472723334
0.7558601813445485
0.10317098945629556
0.014471805972611239
0.0020398658073248407
0.0002862732237580018
4.300661347787088e-5
4.381569356559645e-6
1.1794097419387528e-6
3.798844941102497e-6
