0.9974570228357974
0.9948775200386767
0.8741999655700899
0.9995141395780781
0.9985649548632859
0.9976989680854308
0.9991587330001532
0.9983479095666324
0.999003062278911
0.9984859772536748
0.9984133972702063
0.9984472835630451
0.9984732012196033
0.9984510828508346
0.9984490238283075
0.9984499698824402
0.9984493571978521
0.9984497653730767
0.9984494299380734
0.9984493860398883
0.9984493863504886
0.998449390208636
0.9984493906899846
0.9984493860398883
0.9974048884099483
0.9982891251370044
0.9984218640416643
0.9984445785057436
0.9984485513401254
0.9984492503859773
0.9984493702948729
0.9984493874652594
0.9972773696455037
0.9910020057800418
0.9302883244285283
0.3654621686122459
0.7528095871219733
0.3990330947669304
0.45378916676238695
0.9891333150446019
0.9159656395476584
0.34924474569304825
0.40460224212938584
0.43737394125325957
0.3966368712036801
0.2447292461883005
0.9347394857638487
0.00929329574178378
0.0053800295781241125
0.005783349827411244
0.004936928210910907
0.005702554966804163
0.0047064276108789715
0.0815577496363597
0.005283358031323626
0.0045176581258845605
0.0048192702866105
0.0045106348944131125
0.004512403141916699
0.004510432688832167
0.004511886457503944
0.004512158096942498
0.00451197149006477
0.00451212568333953
0.0045121497296556345
0.004512131727188395
0.00451214186487342
0.004512141545139514
0.004512149009345934
0.00451214282755269
0.004512145597679207
0.004512152544507431
0.004512145162422154
0.004512144038070376
0.004512145162422154
0.931687575856473
0.008156562423766445
0.004465780941296793
0.004495481139004276
0.004509607299837348
0.004511780412776445
0.004512094797508581
0.004512133020285969
0.0045121456830655715
0.004512157060490352
