0.9974570228357974
0.9997240055292554
0.9876673361152384
0.9991950083231032
0.9989064733237808
0.9894317428602896
0.9979847208415166
0.9967471411193689
0.9887885134498423
0.9107167551213523
0.21426461180049622
0.3271651320234985
0.03830267417999289
0.015350769946451015
0.013903368637199265
0.013841422620375743
0.5767526139629754
0.0970293951946612
0.013909267682409077
0.013724649189071458
0.4483184857815911
0.013639396545491955
0.0057806678372668285
0.0026867886628393345
0.0023087292705383233
0.0018922913266344876
0.0008614106952538059
0.001150623959685737
0.0006420730452416645
0.00031789071277954495
0.00028318412539229953
0.0002419943709257577
0.0002598609270830776
0.00016326851208464666
0.0002139137838861882
0.0001707081983221559
0.00011752466898190539
0.0001232573573843876
0.00010289240571981217
9.804993375706061e-5
9.472875018617932e-5
9.192828643583839e-5
8.915649087415378e-5
9.039180078618259e-5
8.842972112776959e-5
8.629603493642835e-5
8.36918172825718e-5
8.153319153286764e-5
8.028180507779759e-5
7.931332693439375e-5
7.86282736885413e-5
7.814931145760928e-5
7.63456864677492e-5
7.576196222836007e-5
7.537234834670281e-5
7.492753160159848e-5
7.417519919278304e-5
7.449610508647453e-5
7.476390530630761e-5
7.22306873754408e-5
6.955674754999253e-5
6.891479071113871e-5
6.833914294901433e-5
6.768463441475525e-5
6.799401164159224e-5
6.68947248148033e-5
6.595168693540598e-5
6.612552643936453e-5
6.536522965872038e-5
6.370985163417497e-5
6.388992085271106e-5
6.289693326982926e-5
6.0487018260391157e-5
5.902940467761297e-5
5.844095374490932e-5
5.7200507787125154e-5
5.6345605787266884e-5
5.558789015785992e-5
5.721953814979974e-5
5.421947856854015e-5
5.383723166568766e-5
5.3360820031156386e-5
5.324949907692389e-5
5.229040930038176e-5
5.0968693408814936e-5
5.067739152592177e-5
5.032065683868714e-5
5.023384644931017e-5
5.013476694082364e-5
5.006907495713753e-5
4.999994635723759e-5
4.99468192849406e-5
4.981627222971907e-5
4.969891336081833e-5
4.956880462092528e-5
4.950424997890446e-5
4.944435134401903e-5
4.926974499391834e-5
4.895305216406909e-5
4.82688740415238e-5
4.7123899190759655e-5
4.54727931286647e-5
4.582545775683178e-5
4.4831216882479374e-5
4.383117106443457e-5
4.358692719030888e-5
4.322982217247473e-5
4.2390333007014114e-5
4.277242655514879e-5
4.227795555433733e-5
4.1976299520629645e-5
4.1885457191637165e-5
4.187484400774988e-5
4.188291596396443e-5
4.188497773061073e-5
4.1883611103021856e-5
4.1884547216763934e-5
4.188387044190556e-5
4.188366587032366e-5
4.188385351855395e-5
4.188391055354179e-5
4.186968297026361e-5
4.186346606599445e-5
4.185825597485815e-5
4.186191061122946e-5
4.1863227801086644e-5
4.1863472736047846e-5
4.1863479722348274e-5
4.1855583361727344e-5
4.1788184635016545e-5
4.17063108912874e-5
4.151448352807119e-5
4.128781728018893e-5
4.092941377870085e-5
4.125840499569211e-5
4.052110916241691e-5
4.0170173688958144e-5
3.993018585707331e-5
3.9932195386560565e-5
3.9666441224717186e-5
3.990578634527342e-5
3.944661426946716e-5
3.915755628475237e-5
3.929415651965362e-5
3.8765427926301665e-5
3.861743821786945e-5
3.918917165046665e-5
3.860008955158811e-5
4.020133935805914e-5
3.8617994588985294e-5
3.860144283190925e-5
3.8610538701633335e-5
3.860253854465201e-5
3.860190856702639e-5
3.8601607948829386e-5
3.860188207222004e-5
3.8601917402569796e-5
3.860190740850866e-5
3.86018841583291e-5
3.860190922949647e-5
3.860190740850866e-5
4.215159636022925e-5
3.86373512057947e-5
3.860389709936518e-5
3.860213887296737e-5
3.8601890716361e-5
3.8601884507105666e-5
3.860188189608316e-5
3.860188221121996e-5
3.860188189608316e-5
3.860191375415489e-5
3.860188189608316e-5
3.860188124443775e-5
3.860188189608316e-5
3.86018799528598e-5
3.860188189608316e-5
3.8601920879621776e-5
3.860188189608316e-5
3.8555835874809485e-5
3.8518368068618525e-5
3.850292043033887e-5
3.851434035384571e-5
3.851764078649511e-5
3.851759132256216e-5
3.8517610335409014e-5
3.8517643837554516e-5
3.851764078649511e-5
3.849885144563414e-5
3.8496873693893985e-5
3.849773888697783e-5
3.848314754678617e-5
3.848202777551046e-5
3.847821985369926e-5
3.847353780378482e-5
3.8457623695475895e-5
3.8443840798374485e-5
3.8404750932141685e-5
3.8356339509160176e-5
3.826618719238173e-5
3.814121471984455e-5
3.847461235806371e-5
3.796438928022061e-5
3.77911276170928e-5
3.7452266583526406e-5
3.715635996109912e-5
3.694257456759997e-5
3.7009440969959506e-5
3.686782202855232e-5
3.674873797082645e-5
3.672369389895458e-5
3.669853879495477e-5
3.667815272673236e-5
3.6665004037206295e-5
3.66723168293559e-5
3.6649782167330613e-5
3.665682233050527e-5
3.663794630759387e-5
3.659249671217335e-5
3.6563099105879626e-5
3.651030587109583e-5
3.6495453170193315e-5
3.650206967464875e-5
3.6507961408804857e-5
3.651019234018893e-5
3.651032228441098e-5
