-0.59070722772043
-0.12018080125176087
-1.3368803960102018
0.07285042760199933
-0.1626000254158414
-1.3537778918727763
-0.019469324172466884
-0.023974636800294477
-0.04723316494756338
-0.22722872016636353
-1.0723742592928143
-3.2775426140470794
0.765435878999716
-0.08925645194096571
0.12544784882199939
0.02732778836478799
0.09822015270665599
-0.5704051354815096
-0.0682705917951513
-0.0016577940127463497
1.7057143568525786
0.004491761333815694
0.01943810425764749
0.05708785879106204
0.05923388672418013
0.05097642281090869
0.009349340616115918
-0.09996093545698731
-0.01211774117287285
0.0032965839534544036
-0.004862754307322709
-0.0013031799548270098
0.04719614951504161
0.008944242803095376
0.001766578399714112
0.0008827833783796684
-0.0054935754449371675
-0.0014806581976278114
-0.0006553737799200884
0.003673601570861996
0.0004449839423402765
1.5081171710247055e-5
-0.0016679789590002114
-0.0003016794053484755
1.4900425487162196e-5
-0.0001131912989493129
-7.364327345031206e-5
3.285575571901518e-5
-2.1964467206886645e-5
3.595003875134055e-6
-1.5417511849743354e-5
-4.485179784382946e-6
0.00011628528380058572
8.177947599726301e-5
4.252935452590551e-5
1.934640622581552e-6
-0.00014202693286226938
-3.162756574463235e-5
-1.0182427943121117e-5
-3.0112712770479465e-6
0.00010462532061103957
5.425002284172313e-5
7.988703680258816e-6
-6.139676762916056e-5
-1.5914902410084494e-5
-5.959775747601832e-6
6.636048216318146e-5
1.9313661411310672e-5
1.0227531073286064e-5
-0.00022579402318499545
-4.377455023034556e-5
-3.833628902526957e-5
8.173527408410338e-6
-6.975622017226229e-5
-5.308622939901534e-5
2.497532448002965e-6
-4.0314001679016146e-5
-2.07256134764351e-5
0.0006613003282317479
6.533767655672379e-5
4.1081267981370705e-5
-0.00011853625771378177
-1.3945983556786163e-5
1.0511566315799751e-5
1.2652798934613494e-5
-9.90841714213972e-6
7.26653009791643e-6
-1.3361851036817335e-6
7.709572784843268e-7
-2.240142292275109e-6
1.860423112852276e-7
-9.869624174457803e-7
-7.461538811522148e-7
1.5919684357729863e-6
-1.357465757007622e-6
1.2863557946069665e-6
5.854880504212526e-7
6.586163488052788e-7
7.806096553374196e-7
8.182057724358737e-6
2.6338556035321835e-5
3.0249972167556785e-5
-0.00032727038137588785
-1.403838699754736e-5
2.0152933257931878e-5
-1.5815219064649467e-5
-8.807402130445641e-7
5.775841826745847e-5
1.8080594450542437e-5
1.418731925094574e-5
-2.1615970607804418e-5
4.957103181571455e-7
-9.596237143990433e-6
-1.6873421135237075e-6
3.609210890750513e-7
-6.443306167439457e-7
3.2858211467250587e-7
2.3822995654193373e-7
5.603987528904428e-7
2.116094779615503e-7
-3.0319053901658533e-7
8.950089872695847e-7
6.031041212133949e-7
-1.3948674441788722e-6
-8.827221336121945e-7
-9.790229539542402e-7
-7.00278269931149e-7
-5.54073187610752e-7
-5.065735624830425e-7
-3.839416195633677e-7
-1.6679655530499587e-6
3.029665576739272e-6
-2.3759771911830503e-6
1.143742889374744e-6
-5.4828271854745025e-5
-9.377919978521764e-6
-1.5904997364262754e-6
7.954675917553494e-5
1.2262290007061821e-5
7.489287917152368e-6
-8.561565204381868e-5
-4.833425559777968e-6
-4.041366419844483e-7
0.00015258461583621843
2.1297746478907424e-5
1.2403818103380365e-5
-6.600129478079322e-5
2.101528735133244e-6
-0.0001587477667645903
-7.888136065201888e-6
1.0548390345303642e-6
-4.190385233080569e-6
-8.996151325010675e-7
-5.270925342531856e-7
1.179997678645749e-6
-4.545059197622937e-7
-4.808828160244888e-7
6.468416480223606e-8
-3.20376084341292e-7
9.408866352366937e-7
6.468416480223606e-8
-0.0003200620205100596
-1.4988253678817901e-5
-1.7257370206503217e-6
9.963641437450666e-7
2.177445378982409e-7
-3.9009027430188335e-8
-2.8279118124318247e-8
-3.580646834865661e-7
-2.8279118124318247e-8
-9.690783649495363e-7
-2.8279118124318247e-8
-4.7422313024914997e-7
-2.8279118124318247e-8
-4.2754503798325314e-7
-2.8279118124318247e-8
1.2529660358358329e-6
-2.8279118124318247e-8
3.3260679079718364e-7
3.9244541154905303e-7
1.5704127279546776e-6
6.845386588562167e-7
1.6303406577533857e-7
8.589581670401876e-7
5.140651640252332e-7
-1.9351677221286128e-7
1.6303406577533857e-7
8.751759822525412e-7
-6.60343218674168e-7
4.626192867665719e-8
6.570949347306401e-7
-3.6023216376298976e-7
4.407720091705828e-7
2.5214817958308907e-7
4.130441882424453e-7
5.439413783566533e-7
6.380738236194889e-7
-2.1931961680555384e-6
6.251634892179064e-8
-6.207437269713429e-7
4.195168147809179e-5
4.8804699067929685e-6
4.194231881820339e-6
-2.067450619261976e-6
6.896177849951505e-6
4.6330125236250215e-6
-3.3345951262048136e-5
-2.189332630824132e-6
3.72596624411282e-6
-1.2461656273680434e-6
1.2600117323171016e-7
-5.426168755743807e-7
1.4046418625034303e-6
-1.9879870389956822e-7
1.8025250284760654e-6
1.4185545251432438e-7
-3.622447281015611e-8
6.271891345170817e-7
-1.771389233299326e-6
2.561715144671988e-7
-2.3027290213696724e-6
-8.726649070483258e-7
-1.0235926430424494e-6
-7.93766258575814e-7
6.339314205840445e-7
