-0.59070722772043
-0.7809289795559011
-1.369213457231183
1.735068668559201
-0.5573929237363506
0.5747059905089482
0.15438283578454845
-1.0073078491562133
0.8646319294798083
-0.08645113849376646
-12.82670927487246
-4.543587923404215
-1.5237735441064202
-21.002343142631716
-7.116294994067659
17.198278728476488
-0.6112612670900597
1.582863804584009
0.5092589431622767
-2.031609197332702
-0.5088134789565935
2.029459398383894
0.3129038962352855
-0.003039588294221735
0.17656755126297996
0.05801396364353999
-0.06563167543334775
-0.000703594722797529
0.19291529190340836
0.03450682853929096
0.006388693146917618
0.0009795850423988026
0.0002883685843082448
-0.0059172345765924755
-0.005198751139275699
-0.0006091927860149006
0.003977499769413389
0.0040795814172346866
0.0036144731396944418
0.0027067877059907567
-0.006028263078077619
-0.0034643593073540703
0.002720345327222852
-0.00041221631053892874
0.007048430642760315
0.0007913086740750598
8.809251930710481e-6
-0.00019049735431391304
0.000800231589524047
0.0007713020480715812
0.0010406564122677016
0.0012014477432625787
0.0014226644823599434
0.0008625587478621171
-0.0007796648446125957
0.00039547681056982596
-0.0001199218288848279
2.6896899638459535e-5
-0.00023740762684107918
-0.00015608690111298506
0.0006658261568179743
0.00047297425536266637
4.586417681305224e-5
-0.00017946417378937617
-6.755802934008018e-5
0.00026528073460987066
0.00019349510565597932
-0.00010675632330864149
-8.084388511300871e-5
0.0027389015621717473
0.0014788915414963798
0.0006522995891231243
0.00033480547060692157
0.00036378724965316757
0.001036524684650301
0.001412678511086245
0.0007296175855745983
-0.0018410769126939006
-2.2195206517529667e-6
0.000599126498791616
0.0003546889791413181
-0.0008352828704551519
-0.00034246915150081144
0.003529224538420969
0.00025897262060529865
-1.8813051284095796e-5
6.6582206837279e-5
0.00012447861929794758
0.0003696006503067708
0.000646153902260034
0.0011410074299802934
0.0017002464664639366
0.00233300760929518
0.002814832441212474
0.0029678016591175834
0.0028473065107012686
0.002577890246998019
0.0019520166821272854
0.00038907365199650136
-0.0031965015702912127
-0.0001616892779869526
0.00011009591515637543
-2.492833222957682e-5
4.301261254035908e-5
-3.744315485712719e-6
2.6885314819633833e-5
1.3000678044750654e-6
-1.2028596174370261e-6
-2.8348340924433954e-7
1.334413345423723e-6
-2.1770151653078824e-6
1.2098398827323264e-7
-3.56268782655063e-7
-3.288811487991224e-7
1.2098398827323264e-7
-0.009995559000745346
-0.0011571722825462613
-0.00018255141053414935
-3.0535935036349175e-5
-3.3528875984257796e-6
-8.384398558728833e-7
-2.6019625661119657e-7
4.239765100272374e-7
5.987576280008463e-7
-7.76642806854912e-8
0.00013800800491334838
0.00012954947228841678
8.684118909524222e-5
7.789584059416516e-5
7.058648475972393e-5
8.146246094535613e-5
9.418846634586106e-5
9.509537807546488e-5
7.062050352475761e-5
-2.5779825546398737e-5
-2.6489252234103297e-5
-5.0829946080288625e-5
-0.00011018587915935713
-0.00018782761200828227
-3.167055516580149e-5
0.0012087722841274174
0.00020362644036578848
0.001529378286522231
0.00021449963740558875
-0.000302063159923848
-0.0001798289238845339
2.7112239628537533e-5
-0.00011255244057589513
0.0006300424237407174
-3.22543582671332e-5
0.00015812457740201503
-1.0882550533641172e-5
0.00010047763535939907
4.582583061579857e-7
-6.1395206354776044e-6
-7.920371141197221e-7
-6.026523434806037e-7
1.4600969592778491e-7
8.739376257740905e-8
-1.2027928901874865e-6
-2.5836436835563383e-7
-1.062341571583217e-6
8.739376257740905e-8
-7.322865507859396e-5
-2.5081635277486147e-5
-8.599680894406047e-6
-3.6315764173619003e-6
-1.5873954074620321e-6
-1.5293023984335559e-6
-1.068758507302009e-7
