0.9974570228357974
0.9968874117078154
0.9971271748425048
0.9969353403158996
0.9968955861356208
0.9968913901169351
0.9968939541164744
0.9968935585265108
0.9968938560821589
0.9968938081661044
0.9968938469187566
0.9968938482556349
0.9968938459638671
0.9968938484541797
0.9968938477765827
0.9968938494092344
0.9968938477053031
0.9968938459638671
0.9984030809521005
0.9999130505554527
0.9899754610599715
0.9931420637360794
0.9968393807380275
0.9968858811193401
0.9968926898354774
0.9968936795889012
0.9968938228068823
0.9968938456594668
0.9968938416996884
0.9968938481156296
0.9968938487614131
0.9968938446266381
0.9968938455693683
0.9968938416996884
0.9968938485274913
0.9968938416996884
0.9984030793137131
0.9999130504568543
0.9899754047484858
0.9931421087476121
0.9968393797141724
0.9968858818142032
0.9968926911302618
0.9968936826322711
0.9968938221497781
0.9968938409677972
0.9968938434227144
0.9968938473731853
0.9968938480969178
0.9968938464097891
