0.9976600768412621
0.9960645050751906
0.9875105258642137
0.9825680239219455
0.975326709506932
0.9762396350601004
0.9753615895064703
0.9963987695052469
0.9993020651606556
0.9999052292336523
0.992606187769715
0.99435692938538
0.9974789932650658
0.9759715593464067
0.9753897162885693
0.9746230400735701
0.9750406228367794
0.9752643582467839
0.9705324269013769
0.9457115819862065
0.7404015761591278
0.19628513946568055
0.12968030695670935
0.028393227208086624
0.03782376163551082
0.027003208501136244
0.022546772483433175
0.005850913953498904
0.004778163150150061
0.003760509466055384
0.0030323452639223203
0.0032012472051411445
0.0019169276478085973
0.0007014584483668318
0.0005788558795857268
0.0006352906631468258
0.00044040650891363775
0.00031587359584228647
0.00031039436536001164
0.000310588886288099
0.00027803946001148105
0.00022653145770629157
0.00020902150553325782
0.00017876961762008925
0.00016944331002061164
0.00017491335685504428
0.00017055507981722506
0.00023542471960968925
0.00016972135138743072
0.000169713214551781
0.00014431903383999023
0.00011622772653685498
0.00011331341692510932
0.00011900448548746168
0.00010683479784034944
0.00011004840020983897
9.64998515593507e-5
8.199142595283204e-5
8.002004363782955e-5
8.413586480388036e-5
7.662312797862558e-5
9.951815961395383e-5
7.59822500485674e-5
7.635834492691895e-5
6.662488546443912e-5
7.335063346208814e-5
6.300356612637392e-5
6.952587061814786e-5
6.286113331105403e-5
6.70770387785069e-5
6.899764453621726e-5
6.941623096218263e-5
6.950360033680658e-5
6.952154239675545e-5
6.95253160545306e-5
6.95257923090109e-5
6.952606226873215e-5
6.952577752333822e-5
6.952587673514365e-5
6.952577154950568e-5
6.952577752333822e-5
6.95257923622461e-5
6.952577752333822e-5
6.952577328384058e-5
6.952577752333822e-5
6.952577034508023e-5
6.952577752333822e-5
6.952576151370016e-5
6.952577752333822e-5
6.952578158558875e-5
6.952577752333822e-5
6.952576365082397e-5
6.952577752333822e-5
6.952577005381322e-5
6.952577752333822e-5
6.952575770685643e-5
6.952577752333822e-5
6.952577202523624e-5
6.952577752333822e-5
6.952577100788337e-5
6.952577752333822e-5
6.952576265351063e-5
6.952577752333822e-5
6.952576268293154e-5
6.952577752333822e-5
6.952576551122469e-5
6.952577752333822e-5
6.952575869101363e-5
6.952577752333822e-5
6.952575983570908e-5
6.952577752333822e-5
0.0016632034934637163
6.325260995143633e-5
6.799026924675378e-5
6.925838851778998e-5
6.948087860914054e-5
6.951866934584716e-5
6.952498469503521e-5
6.952598175757885e-5
6.952623812572778e-5
