-0.5993371355440256
-0.9565709107666543
-0.8502240243194723
-0.5607524485063848
-0.6628900651404278
1.8665628389169706
-3.0997048793788764
-3.9528931880731903
-0.44396804253288613
-1.7464325062436346
-0.9183939719443615
-3.1319135985493234
-2.775667290761499
-6.502992996664489
-6.179783334645082
-6.371444194622996
-7.001229850110798
-7.27826238819424
-1.0539284753479885
0.3813310473396806
2.2824207323188532
-6.111155183795243
-5.639398420379965
-5.659834129417734
-5.726942700107436
-5.773374240332933
-0.31596658528953836
-2.4366451032030194
-5.380195309552672
-2.5513544268625203
-5.062398327274593
-2.5609146111159204
-4.798512281171027
-2.5064689112514404
-4.575380374585621
-2.4098290804823836
-4.3849222944303685
-2.283227082971303
-4.222219650166086
-2.133774145756154
-4.0843161500130405
-1.9652349694227056
-3.9696794307364356
-1.7794213479340322
-3.877651858615469
-1.576696849345591
-3.8082514128310643
-1.3562389164563262
-3.761890065348084
-1.1166241757259117
-3.7391515911676914
-0.8557238680151051
-3.740620807772885
-0.5711960277410062
-3.766521965979668
-0.26084121323059534
-2.130441370389137
-2.180468130420461
-2.3747113899435717
-0.4198796333735314
-1.4699993738370345
-2.7375460846881263
-0.42405879049205847
-1.733493217463809
-1.9201036753270497
-1.845256909707233
-1.541644230537107
-2.5939186044597435
5.122522714753731
-1.5220533836536987
-1.5837324948396907
-1.8239040793247774
0.21657626970227897
-1.1987815090708367
-1.6364553320988175
-1.2398161473982565
-1.4995921679924786
-1.2437348890816722
-1.3948181129361683
-1.226192069306436
-1.3106952975336352
-1.1964431026581441
-0.7292876995906905
-3.626081771738887
-1.2390510170660718
-1.0551421601677862
-1.0916326054456513
-1.2351242894475816
0.40934352060725004
-0.8089520603739665
-1.115042081085671
-0.8330003062079286
-1.0244987513912815
-0.8357363781558209
-0.9536378887054314
-0.8254209245961244
-0.8960583585442016
-0.807268978380135
-0.8475896279295373
-1.0059849414424915
1.5791655260719903
-0.6528769900273751
-0.7622368739670123
-0.7088499422445871
-0.49321604679304465
-1.6164769762604756
-0.7684897945948331
-0.5922553132748785
-0.6760097320064263
-0.6102599834632979
-0.6309264087653855
-0.7127298183558105
0.46332875691991143
-0.4623730082278925
-0.6307598022518668
-0.48704773143959496
-0.5764612220974193
-0.49230875583993644
-0.5379799622475872
-0.4871549058653642
-0.28201985971712
-1.743396631241883
-0.5138808051467818
-0.438880190064264
-0.45272433433840653
-0.5077401180893623
0.071831746837173
-0.315071249705134
-0.521668714004657
-0.25790810454786345
-0.5491265184376253
-0.1863477985091426
-0.5947791042702706
-0.09423709702185575
-0.3373879737039364
-0.36659766551256395
-0.35808720734414656
-0.32402246862972917
-0.18741356916030555
-2.0556589337502906
-0.3232757415815663
-0.24178666861509326
-0.2811544835632401
-0.2534316272322696
-0.1419661298469344
-0.9153663067804937
-0.2812417172448773
-0.2280568301931132
-0.242997584075445
-0.3024723012755092
0.2321762497305321
-0.17749524973920805
-0.24898446859113446
-0.20045958257440824
-0.22533501148104731
-0.20544789761210525
-0.12563024417515375
-0.6993599566660949
-0.23873268532423722
-0.1728159196158601
-0.205267518977657
-0.18373056980611993
-0.09723761216858538
-0.7180443215324364
-0.2118342846451291
-0.1642505418811963
-0.18028063063958713
-0.24408288095799394
0.3073351871532274
-0.13291486869729885
-0.17835364832800932
-0.1562968946259955
-0.16336088228394013
-0.1915433415859082
0.0881187854961138
-0.08936655506587074
-0.24841321561575058
0.019727130705293573
-0.1246741539823372
-0.15077612647676553
-0.14344244783251128
-0.11407891416989979
0.003862845311031749
-2.6903704375474042
-0.1336264477844591
-0.11694070619432402
-0.11797689688248252
-0.12212178843629819
-0.13865715195104905
0.7548896573546153
-0.05748458478825992
-0.15225915801230078
-0.03611510708587981
-0.17284098072399232
-0.0064525066249291815
-0.20335844565877187
0.03519956693527197
-0.08164567779303304
-0.09653627011182259
-0.09406114983180373
-0.08416050321689215
-0.04453970100935447
-0.9347677372356693
-0.11633978546946332
-0.05585187478800155
-0.10477095086155444
-0.06323989324437981
-0.09650203947547432
-0.06794941274232964
-0.09051012220109564
-0.07083801521621039
-0.0860875883539572
-0.0724937068516731
-0.01797169391640684
-0.5356563175593962
-0.09558839904143353
-0.06884494565241453
-0.07741739037083624
-0.11162747792852666
0.14605156377937706
-0.044432325154816155
-0.09476480814409335
-0.055761647143257556
-0.08466169112722129
-0.06196568393602415
-0.07848625912527721
-0.0652178261854701
-0.011997888042163774
-0.5024019892697041
-0.08636328398131794
-0.06324052478022829
-0.06995890389374367
-0.09678077260020106
0.09893117156363322
-0.03454072895627752
-0.1014543122665548
-0.027713318665200597
-0.10715919317105232
-0.019806089077303638
-0.1140742490442735
-0.010617462826877928
-0.12241806574933442
0.0001007174056096141
-0.132438012294123
0.012629179457598732
-0.1444379983050743
0.027304453757695593
-0.15875381582930576
0.044517909453619144
-0.05331809239519571
-0.06232398237991475
-0.09825735194958816
0.10742702587714117
-0.0390989785306256
-0.0727761850976951
-0.05302948989576435
-0.06401728232723256
-0.10784024424924
0.2840263479341236
-0.04332391118654192
-0.06349075850342381
-0.056869547846505206
-0.030348906028554466
-0.2080239384268789
-0.0840137689500208
-0.03116338468037834
-0.082184278195116
-0.031929749743988864
-0.08042507440844487
-0.03265154414831592
-0.07873198571362451
-0.03332914286530804
-0.0771042129022534
-0.03396608347956463
-0.07553916909084385
-0.034561575440561286
-0.07403483317931538
-0.03511677601354406
-0.0725882070119267
-0.035636103633118435
-0.07119701870072856
-0.03612133407742368
-0.06985787082743251
-0.03657022256132729
-0.06857219428791839
-0.036985795956736255
-0.06733526053565374
-0.03736999431455414
-0.06614516783650749
-0.037725079756279145
-0.06500123436878329
-0.03805129029515891
-0.06389959396997122
-0.03835033048003763
-0.06283909659303488
-0.03862310739536262
-0.06181955120296076
-0.03887168347982406
-0.060836598726791265
-0.03909826811595691
-0.05988760478638538
-0.03930499478889397
-0.05897420174659149
-0.03948716442308668
-0.058094722898017974
-0.03965079648208376
-0.057248081885015296
-0.039791816892745815
-0.05643376330946499
-0.039915569259359414
-0.0556489215615165
-0.040020024288272255
-0.05489375738603462
-0.040107335522182264
-0.05416367995338381
-0.04018267889892421
-0.05345700637615799
-0.04024368579586463
-0.05277520891697454
-0.04028975669311107
-0.05211847768685254
-0.04032099740160486
-0.05148598419795221
-0.040337906940501884
-0.05087714340659961
-0.04034174658043313
-0.050287883055445064
-0.04033557819866818
-0.04971714743507988
-0.04032046373874055
-0.04916574240817103
-0.04029414430066921
-0.004737549652579632
-0.384918324959215
-0.053561380786213364
-0.04150498090128797
-0.04434942811639586
-0.05571407622305535
0.02134419799103304
-0.3724659231890913
-0.04843071299375239
-0.0424083938447591
-0.018290517239588886
-0.14904904117263745
-0.05656759057293955
-0.03421845558247069
-0.04702241539557321
-0.03944125172507706
-0.04367886572494343
-0.060617157595085444
0.0902417392642607
-0.02466564062638307
-0.0565360183138691
-0.027883816366435128
-0.053235114039643296
-0.030405231587662482
-0.050561805903841156
-0.03236824562361579
-0.04839098228461775
-0.033888952181673385
-0.04661825396791894
-0.03505912090940466
-0.04516318786187126
-0.03594742711491929
-0.04396496119252425
-0.03661475227193394
-0.007161452406594494
-0.3095021237768425
-0.04793889941111705
-0.03729210912450751
-0.039963698573518336
-0.05063858747545466
0.022345212074926308
-0.016303960757201457
-0.08325676136883657
-0.050278405950127204
-0.03308598093570713
-0.04161325568110795
-0.03720708797027516
-0.019576182483886363
-0.15938438756517104
-0.051282573684241196
-0.029121952204156143
-0.04437177247062588
-0.033636772100745935
-0.04095245952464661
-0.035725775644101024
-0.014808775969577479
-0.20508273136939958
-0.04742117304226622
-0.03295955354681113
-0.03922992224848416
-0.03637010314665206
-0.0249242341407394
-0.11087972045191351
-0.05468019963261852
-0.010151553790754829
-0.07597120772208213
-0.0445801692274536
-0.034236005057615496
-0.037243117530056644
-0.049262377913868644
0.03542692175668312
-0.020645532826403686
-0.05473209127801387
-0.013643357950633601
-0.0626674735276955
-0.003669768585316277
-0.07414579563196295
0.01058388798434253
-0.030736583216741123
-0.036256142320887225
-0.03549078103664037
-0.03242498843553077
-0.02016162990884562
-0.35583747866926724
-0.04624467030313308
-0.02493527473636442
-0.042111285424780695
-0.028035915921571255
-0.039332455783899996
-0.030032382626482047
-0.03745714802454743
-0.031300454038204785
-0.03616998765750189
-0.05562687323074186
0.14518272461555787
-0.026698064211428858
-0.03576401876989415
-0.03283802354611469
-0.021127106053109634
-0.10088860114670506
-0.045241068316135384
-0.021395530766516704
-0.04468906664695717
-0.021651079441113632
-0.04415162723570762
-0.021896392957542064
-0.04362726378957033
-0.022132777527894918
-0.04311363373767391
-0.022357517978693047
-0.042617982409844206
-0.022569257541904794
-0.04213474132009218
-0.02277388889091054
-0.041661036311404304
-0.022971092765904158
-0.04119695202624923
-0.023160256880360892
-0.04074627486599444
-0.023338444946427592
-0.040307916437937276
-0.023507589580013893
-0.03988082256454165
-0.023668162944338215
-0.03946402482367142
-0.023822447141698764
-0.039057458348998535
-0.023967431705996765
-0.038661367533756756
-0.024106232209704672
-0.03827478399664313
-0.024235526819105235
-0.03789886563384965
-0.02435992267651519
-0.037532496890120136
-0.02447585731864688
-0.03717481596197439
-0.024586055453942494
-0.036825348471291354
-0.024689389182728224
-0.03648586832395401
-0.024786954990360623
-0.03615293428410591
-0.024879237283846774
-0.035831506131603595
-0.02496206744340449
-0.035517512868664315
-0.02504042883523668
-0.03521173937443802
-0.02511156942752684
-0.034915728243478265
-0.025180031133220985
-0.034623387010172195
-0.025242817220058573
-0.03433905447491496
-0.025301905397873112
-0.03406021528402553
-0.02535638670548735
-0.03378925876012451
-0.025405411067091647
-0.03352617297798069
-0.02544951972903597
-0.033269126032298584
-0.02548846283775254
-0.03301927492135885
-0.025525870167414755
-0.03277071610378241
-0.02556234049776498
-0.03252888824712991
-0.025592130322122344
-0.03229331276364619
-0.025617976305634713
-0.03206699487682856
-0.02563708324793425
-0.031846209487557224
-0.025654947261761877
-0.0316282274415962
-0.025670550294861958
-0.03141545309630648
-0.02568257434538969
-0.031206428681471353
-0.025692873557133962
-0.031004082902103013
-0.025699635805159434
-0.030804187829378573
-0.025705387416134293
-0.03060880699781405
-0.025708309040610305
-0.0304185736242084
-0.02570519963135296
-0.030236789578564155
-0.025699198977876352
-0.030057248847834884
-0.02569277957854832
-0.029879253725829547
-0.025685381709277165
-0.029704983679673832
-0.025677484292765822
-0.02953307367381938
-0.025665473067133276
-0.029370394415518305
-0.025649790022885248
-0.029208604777340833
-0.025632809056717533
-0.02905056596241097
-0.042711467556271546
0.11244351861746352
-0.023404466677169142
-0.02800534392122608
-0.026866336489846713
-0.022315473933395183
-0.004092105521707195
-0.5721636052494894
-0.02882641742120845
-0.026272831686572518
-0.026509427667554906
-0.0274554439142535
-0.031234715368898054
-0.04633070074608999
2.1775080418459662
-0.023284804739036824
-0.0246909259690394
-0.030319240290067422
0.00047009352532616813
-0.018831097274133134
-0.030063661002972156
-0.018965547045399173
-0.02981395276893316
-0.01908947480113883
-0.02957550820984542
-0.0192079338990266
-0.029340739090280638
-0.019322187651746776
-0.029113128255282283
-0.019431147341769327
-0.028891051106549086
-0.019536268807247504
-0.02867304302092501
-0.019634622701928926
-0.028465720231278205
-0.01972765983396592
-0.02826075269956914
-0.01982066909594427
-0.028059540956054015
-0.019906537921760396
-0.02786607660262775
-0.019987740273265154
-0.027677972847061246
-0.020064829658896187
-0.027493739911786743
-0.02013976754928405
-0.027313786907837312
-0.020210922257477427
-0.027137435415950567
-0.020279330559661538
-0.026967674340183528
-0.020340413505173474
-0.026804390720999625
-0.020398596054357003
-0.02664442848295322
-0.02045416432574135
-0.026487548335434475
-0.020507800297709187
-0.026332055827145675
-0.020562539292861403
-0.02618102837130278
-0.020609505848473125
-0.02603536809331314
-0.020655163315359524
-0.025891310485774907
-0.020698608885676678
-0.0257536584200857
-0.020736818453457203
-0.025619679187657687
-0.020774141727895597
-0.02548693582293867
-0.02080954221645268
-0.025359691562367906
-0.020839588214435944
-0.02523557721155275
-0.0208711387444783
-0.025109533344630734
-0.020903070284557828
-0.02498850814106185
-0.02093020685503114
-0.02486894663862854
-0.020958317450722328
-0.024752887641224956
-0.020980356333974656
-0.02464267006960807
-0.021001542860575043
-0.02453144763542158
-0.02102355411060943
-0.024423526049401276
-0.021039307896390445
-0.024322205140256615
-0.02105500574759465
-0.024219819065074196
-0.021068967965017546
-0.024121530639031614
-0.021080903714362713
-0.024024968821817552
-0.021092300779490154
-0.023929204374869402
-0.021103482598070863
-0.023834007775575504
-0.021113969632278875
-0.02374526516912873
-0.021117588686492515
-0.023658701439095826
-0.021123220994240247
-0.023573126047118816
-0.021127520364182514
-0.023487278624948083
-0.021133625698663866
-0.02340303351918252
-0.021134208389821288
-0.02332638114467322
-0.021133098275578285
-0.023246299170022012
-0.021136161134035266
-0.02316724365706587
-0.021136160051770454
-0.023089770354185794
-0.021136978372128502
-0.023015130864634553
-0.021133893575650233
-0.022942236863908266
-0.02113063175309236
-0.022870227747820705
-0.029833692856719815
0.0488712265326261
-0.020033474738125848
-0.022350775227977012
-0.021784938484486954
-0.019521307708804347
-0.010463628304527515
-0.29736575656275144
-0.02286367512379684
-0.021514522685574463
-0.021652027415328075
-0.022195484374683255
-0.024374849415742045
-0.03307896804301643
1.1822836355972415
-0.02010730692801927
-0.020870102262816527
-0.023924587045975988
-0.007325348192303626
-0.017733205283810984
-0.023755063481803496
-0.017846093680854023
-0.023591195387444384
-0.017956799254105205
-0.023434776222935903
-0.018056740052154248
-0.023286845145210722
-0.018151002377163574
-0.023144606881076033
-0.01823996645153813
-0.02300667515991592
-0.018327017316036986
-0.02287174033760011
-0.01841069700487271
-0.022742680388076808
-0.018484580382570438
-0.02262183499552757
-0.01855751310253379
-0.022501350496601076
-0.018627929140505536
-0.02238467966729594
-0.018693567428947226
-0.022275805536901394
-0.01875279897548684
-0.022169929726256078
-0.01881103220315688
-0.022067358532939323
-0.01886262536704927
-0.02197204809019419
-0.018911184048579877
-0.021878506825811044
-0.018955004651379385
-0.021791682209217518
-0.018997031214177906
-0.021705602214581284
-0.019036431015778663
-0.021621060765515204
-0.0190740581214206
-0.021541364510830635
-0.019109197411060846
-0.021462612598875844
-0.019144075510969572
-0.02138423534913038
-0.019175840965877527
-0.02131411867442153
-0.01920180993491473
-0.021245141766685103
-0.019227191220908442
-0.021178394068382067
-0.019250637004247492
-0.021113044543078732
-0.019273935362940607
-0.021050894280789458
-0.019291411133754557
-0.02099104436865327
-0.01930870451592704
-0.02093657474617113
-0.019321602916326595
-0.020881521732803665
-0.019336368224348536
-0.02082868348243283
-0.01934676048663525
-0.020778344857104863
-0.019357130119031955
-0.02072837473808254
-0.019365461725805198
-0.02068235844620006
-0.019371726653578145
-0.020638221963930305
-0.019380628335394126
-0.02058806021842308
-0.019390355944954918
-0.020541000936575092
-0.01939977353952696
-0.01482592998675298
-0.06500906952055817
-0.02115101635651005
-0.0196088275271196
-0.01997581325062427
-0.021441953186362682
-0.027303360917914413
0.17067947600779454
-0.01900953200602971
-0.019856593683400432
-0.019763970325092473
-0.019389854344761738
-0.01790241788810227
-0.011951481026392154
-0.6824523443161623
-0.019988511468231145
-0.01930386269864239
-0.01656511940549005
-0.03159137826392541
-0.02097298579601788
-0.018364922536909727
-0.019894275041447914
-0.018983906160765802
-0.019512128691313833
-0.021624399566114564
-0.003039717458353484
-0.017376027618339448
-0.02084398197941043
-0.017992938921608644
-0.020317657926631743
-0.018400627867884108
-0.019960958051515647
-0.018673649842643775
-0.019716202139702124
-0.018851730653795966
-0.015389487459678275
-0.050101735172602316
-0.02032837092880191
-0.018879538955187795
-0.019297097292689292
-0.02096802523622407
-0.009421006427441056
-0.016811346550195193
-0.02231003562089554
-0.014996386203772558
-0.024681111757408114
-0.01181759108328397
-0.0183808942796251
-0.019257551435017273
-0.01913118974427167
-0.018622672268660018
-0.01658839202981073
-0.008451394897131308
-0.9654263208158695
-0.019172237690105357
-0.018836686201066166
-0.017492840429241454
-0.02440355615618452
0.004409819927026342
-0.018213888239428926
-0.01888492607735359
-0.018806215104640322
-0.01849997603376643
-0.0172748106448995
-0.012370405788697275
-0.5814137350142228
-0.01906188690055592
-0.01854928305726635
-0.016510604454429336
-0.027619240625900935
-0.020002269417727234
-0.017588017753698327
-0.019247391801258947
-0.018100776779145532
-0.01888297156271985
-0.01833937081521813
-0.016161111218009828
-0.03627248901026733
-0.01974566571508457
-0.017936930372284464
-0.0188388047708576
-0.01838567983976671
-0.016563305006790867
-0.03127748565677868
-0.01996526121471938
-0.01745139270848782
-0.019300299421394357
-0.01793284447849767
-0.018936060159143495
-0.018188977683119858
-0.01873489036437262
-0.020916472178979045
0.0001782188573913388
-0.017356527541533513
-0.01901192275301926
-0.018236660302682867
-0.018592514729228134
-0.0200192481782839
-0.008644898033936766
-0.016730794378849324
-0.020399443111294945
-0.016292027320842235
-0.020875649258135374
-0.015742202125541737
-0.02147469251870472
-0.015056734318249661
-0.022225569883051664
-0.014200093519887285
-0.02316870068816137
-0.013129413702315766
-0.024349945354999816
-0.018926237750548403
-0.018378254980093836
-0.01618760438988023
-0.02836958333472549
-0.01958260559276041
-0.017800967785399722
-0.018731249404619177
-0.018236884654062743
-0.01627754871413354
-0.032397116355571964
-0.019604843874920164
-0.01770190232604019
-0.018786177980667007
-0.018161299952553337
-0.015665718256221817
-0.03693053627974776
-0.01930921001382897
-0.018051845243353352
-0.01848164949780021
-0.020204947844254362
-0.007807106126154704
-0.017019111506941412
-0.01933407566233938
-0.01764458683350695
-0.01886898854028757
-0.017973739939689877
-0.01862089356525494
-0.02120763152666862
0.003633864273092045
-0.01747371997145434
-0.018590685507514318
-0.018253599079088537
-0.016903729112577315
-0.026110643821122766
-0.02003554721216394
-0.016240312645233363
-0.02082124966728638
-0.015276003758841982
-0.02197438577940307
-0.013867832661117187
-0.02366038216833292
-0.018840247541260607
-0.018233167345926414
-0.018307494345644194
-0.0186011548661858
-0.019771046098478018
-0.02445225600537826
0.5923666725428373
-0.017832262700072307
-0.018176991403951712
-0.019557735919446966
-0.012168438017686908
-0.0165942716623813
-0.019878369573831992
-0.016229067803684036
-0.020273731264685433
-0.015777109029068363
-0.02076527447879006
-0.015221689179116937
-0.021372326170951625
-0.014537755512670758
-0.02211879725405442
-0.01369830405159958
-0.023041191137277872
-0.01859632639177183
-0.01807494074542691
-0.018129240540315807
-0.018346395564380114
-0.019207368756490355
-0.022658289567065337
0.4231011635953972
-0.017602206394823787
-0.01805181857609035
-0.019848212094796945
-0.009831380008043615
-0.016937345028232034
-0.018631343903358213
-0.017641384790503693
-0.018215949463841627
-0.017879891780485338
-0.016532585364062633
-0.028099382795262955
-0.01930785904660759
-0.0168137622198533
-0.019050086734241394
-0.017038120940628988
-0.01884050054133726
-0.01722076221777579
-0.018669161467391854
-0.017367761386490425
-0.018531957188205803
-0.017482386349427954
-0.01842316826970749
-0.01757433523840699
-0.01833261943545402
-0.01764911077579801
-0.01825880714534953
-0.02069866863472357
0.005296221412848388
-0.01727665701918138
-0.018131862020950844
-0.017916163986157214
-0.017053722332370777
-0.013605538120436664
-0.12669430351461147
-0.018362430256451425
-0.017891166570238197
-0.01601357248854304
-0.026532522691911285
-0.01888007845498542
-0.01745760884546255
-0.018160501803110306
-0.017809360273604618
-0.016407984905770404
-0.027708703740005496
-0.01911610247992973
-0.01697038595944077
-0.01866571136944548
-0.017320775813738077
-0.018381910028010238
-0.017540876597666916
-0.018203251359848512
-0.017675338841786986
-0.01556838683653731
-0.03645108355944684
-0.018670932664466188
-0.017645131260911783
-0.017983744141285334
-0.019335159165114288
-0.009745306789076025
-0.016650452386993378
-0.0189653308883879
-0.01696345677079768
-0.01868825165661998
-0.017197249341246747
-0.018480271901243628
-0.017371519836771383
-0.01832513968807313
-0.017499352821213558
-0.018209924187483302
-0.01759295076719224
-0.018121727367338688
-0.020241665595525905
0.0018762333762833638
-0.017129194026123132
-0.018100740759819576
-0.017795095171736847
-0.01657031864450628
-0.025048172048440984
-0.01920090840248214
-0.016475583352302568
-0.019290109930479877
-0.016378207908941053
-0.019384169256450826
-0.016273004957432363
-0.019486617618833302
-0.016161192417077964
-0.019596420763700835
-0.016041171122192784
-0.01971337152833302
-0.015914357909995784
-0.01984009287818708
-0.01577609324641693
-0.019974226538351052
-0.01563110396691376
-0.02012024031805691
-0.015474585237624105
-0.0202749640683577
-0.015307568460962168
-0.020441085508436575
-0.015130389745866482
-0.020618153448598478
-0.014941553826002426
-0.020807525577554765
-0.014739253734383825
-0.021007717420918733
-0.014527603419009128
-0.021223102427693236
-0.014297486741600316
-0.021454094534114898
-0.014052981266250804
-0.021701053990505998
-0.01379053037574382
-0.021966744415300696
-0.013510586614041831
-0.02224856398908841
-0.013213636998404442
-0.02255090751774108
-0.012893962113876662
-0.022874146000904316
-0.018129457983908435
-0.01777971108079418
-0.01637970246558489
-0.023937736085574864
-0.018950270346261903
-0.016859338523334027
-0.01855645263432156
-0.01717362721779199
-0.01829657822103376
-0.017380646223463785
-0.018123317813829268
-0.01751615424203361
-0.01800803440700565
-0.019976482107310206
-5.874558882962247e-5
-0.01703521577827856
-0.018035279967847866
-0.017692800349041707
-0.016322122964781877
-0.026044795540412575
-0.018881007460027403
-0.01693069327512198
-0.018413221251815843
-0.017281487138823236
-0.018142759275380727
-0.017484604910193463
-0.017983722545451667
-0.01997680432343373
-0.000467677465906603
-0.017035544014851144
-0.017999287419702206
-0.017682438492387854
-0.016413345882094504
-0.025322889275097644
-0.018931667631165272
-0.01672285698347265
-0.018656740656226873
-0.016958806739610647
-0.018445177367758955
-0.01713868817426368
-0.018283340996741594
-0.01727670052827971
-0.018157208930217036
-0.017384218121576523
-0.018057283202645213
-0.017468222960882455
-0.017978676299560972
-0.02002975816919979
0.0015114127541840038
-0.017050280851601755
-0.017937993947021256
-0.017672646884713282
-0.01660992800793112
-0.023876788372705238
-0.019109368169618904
-0.0160245509856719
-0.019822858615096813
-0.015141976044491436
-0.020903328191062533
-0.013801956155900224
-0.01723662484993438
-0.017796778403508365
-0.017709665968412374
-0.0173586285251767
-0.015963663574765915
-0.010380532734361908
-0.6985262717038302
-0.01785906420562209
-0.017654321644358838
-0.016834326276789647
-0.02105643634441482
-0.0035704588430825975
-0.01722030125000589
-0.017707349432835286
-0.017645796721325612
-0.01739900800590618
-0.01640667707065469
-0.01244156583489666
-0.4947221263450344
-0.01786766310405834
-0.017585888065795786
-0.016456712949886515
-0.02245248578235681
-0.018836452048289393
-0.016247316656671354
-0.01905973585198633
-0.015999339853054826
-0.019323953558708744
-0.015706882280563692
-0.01963824163739766
-0.015363531627826959
-0.02000510154636798
-0.01495925730705857
-0.020440781571527934
-0.014482217386418765
-0.02095348578783187
-0.013919169750710624
-0.02156140782760982
-0.013255656307233103
-0.017258440636496224
-0.017605184267639042
-0.019000441934540424
-0.011306227719055496
-0.016636175160501043
-0.018200330092817317
-0.017164312448548755
-0.017846596665732545
-0.01739536740348571
-0.015585849428592927
-0.03205608231847881
-0.01825726799327958
-0.017332828048376138
-0.017650497559192836
-0.018921682589372574
-0.009798082519440789
-0.01658449196393293
-0.018274760617378545
-0.017050422750167826
-0.017933234873609052
-0.017295260142285232
-0.017754459591286118
-0.019592295213091374
-0.002038873145015876
-0.01690178655887115
-0.01776791877506282
-0.017488143816500247
-0.016368254685876105
-0.024198813227528083
-0.018671898738788918
-0.016493553033493483
-0.018550773384107367
-0.016605261895306787
-0.018440629087181835
-0.016706098924841314
-0.01834200194807779
-0.016795293912167573
-0.018255259710755003
-0.01687357216154085
-0.01817542797251125
-0.016946707948246258
-0.018104072143200096
-0.017009599714645295
-0.018040349539742456
-0.01706657936836992
-0.017981497453292656
-0.01711972936966437
-0.01792872177813584
-0.01716307923789515
-0.01788760788221268
-0.017199556167062202
-0.017847697059888153
-0.017234099488091615
-0.017811928699641117
-0.01726421790811992
-0.017779552221433934
-0.019841383833512284
0.002700030865085119
-0.01696357343239981
-0.017658712316292752
-0.017492663826752974
-0.016818217301210584
-0.014132413841745612
-0.10191968701889816
-0.01789148335750605
-0.017469305585592714
-0.01751607478893416
-0.017700947692527443
-0.018439756469054186
-0.021400586464969697
0.3571649797618346
-0.017159807996228404
-0.017491767720613765
-0.018820985104990588
-0.011510214982307735
-0.016545815260462962
-0.018088073713557827
-0.017040445348505538
-0.017750492055069147
-0.0172679501743934
-0.017591734334529693
-0.018895707677956997
-0.0068341154979282715
-0.016610965852808784
-0.017958186145031488
-0.017159046684242996
-0.017632891632243887
-0.01735217881320362
-0.01622596282290679
-0.02597584091489022
-0.01844042527115086
-0.016654953300352007
-0.018093052940751725
-0.016931249370204474
-0.017869343525464244
-0.017109443605051768
-0.017721234929514735
-0.01722633583887923
-0.01762279235897251
-0.019214139522763896
-0.003203102825152269
-0.01676329163244494
-0.01770262762363173
-0.01734116113253797
-0.01589529878223425
-0.026576022802503325
-0.01821437307067964
-0.017049361194154688
-0.017632133848547477
-0.01733999595775885
-0.016166162381221514
-0.0256847942680832
-0.018376308056773406
-0.016733405816195725
-0.017951796424903573
-0.017045216829611194
-0.017716435333783084
-0.01721943092977977
-0.017586029935786056
