0.9974570225374297
0.9956673550569108
0.9861958284789487
0.9847542851767657
0.9748304725135466
0.9764412710119631
0.9748384178946683
0.9983525193010913
0.9982260409710312
0.9514024228830722
0.9538559727318661
0.8929711859884538
0.8454574080445536
0.6871477253209317
0.9973839049951299
0.9868223819606285
0.6153769135657137
0.5803955034531243
0.5860845557413326
0.5317559119996
0.518533328381898
0.5046629129385163
0.44939354662265607
0.24423879637240864
0.6538873497706406
0.21638979793530616
0.3283968065955399
0.20739150571909726
0.2012719530725643
0.17753157490895316
0.09585493838385528
0.11107159535146671
0.08578650507635666
0.32825891811220237
0.07031006810439988
0.06931506791930098
0.06698473179840925
0.05811350665279097
0.030034377078277052
0.875901217646822
0.030409118812410707
0.03062739716338747
0.030381190567458083
0.029662888716193492
0.024375473919526824
0.03598204643994257
0.025096236618939116
0.025115564370595977
0.024810428654711614
0.0236816792446225
0.020646783253393308
0.942363207839835
0.023338216893329322
0.015434939449915419
0.015811480780525744
0.016083545683395095
0.016229983637454648
0.01627813925499977
0.016577035217770375
0.01492964100801425
0.015366241706276984
0.015041624653799324
0.015244085635626958
0.01435276411195685
0.011353943824525259
0.044706595009771255
0.011804499044795691
0.012089167963987735
0.012228865172947023
0.012271636343428427
0.012244226675623082
0.012254144959548241
0.012265705460213217
0.01225568533185234
0.01226233449974301
0.012256391200382966
0.012255765372395588
0.012255706211611705
0.012255744137649627
0.012255714355337455
0.012255737183857807
0.01225571901313649
0.012255717072182981
0.012255719755488226
0.012255718614431532
0.012255719207798998
0.012255718614431532
0.010565200941210162
0.01155643134148887
0.011997634012504754
0.012005016366890997
0.012035193378775622
0.012166156503515158
0.012088946180025095
0.01213981641580053
0.012106673801138834
0.012128653067895456
0.012113544375554286
0.012123593308581038
0.012116475400199
0.012121215712792344
0.012117767317231687
0.012120065548604453
0.012118368139267477
0.01211950007850593
0.012118645509154535
0.012119212380928057
0.012118783580059245
0.012119071353225541
0.012118853807102536
0.012118877220515079
0.012118972798469518
0.01211889714037584
0.012118946148092946
0.012118907490371256
0.012118934119965286
0.012118918270366541
0.012118909977136494
0.012118915015257192
0.01211891770550877
0.012118914109411516
0.012118915015257192
0.012139693772563853
0.01212128225590392
0.012119209402492503
0.012118951899306563
0.01211891792437192
0.012118915830891974
0.012118915246607909
0.012118913948278853
