-0.79358364573257
-1.1307043384805304
-1.4351107151160916
0.4132023879076555
-0.051391553515123915
3.7751523507881104
-3.4183948952218683
2.352179371654214
0.36618964809052623
0.05324415681753669
-0.17371767640672328
-1.928056959660895
-3.480604301554388
5.701724079474146
-3.9239063853376184
-2.8123906922300757
1.0332226391035857
-0.43617669516515467
0.022924624712637894
-0.13161174153355368
-0.0374571737750677
-0.02165749073921541
0.04561907486718443
0.023361973453997403
-0.14948090576623596
-0.042652622721340856
-0.020985047544878465
0.17474831863145854
0.018883310757273623
0.0032664261191890647
-0.11089728386670056
-0.01769080524336451
-0.002093631511733874
0.001299425168158315
0.0011504254484809085
-0.0024661735316708205
-0.0016637712096364604
0.0031055862391111467
0.00015370259283426765
-0.0011147377256370012
-0.0011877156840022472
-0.00043605199461609084
0.0009817794098391532
2.401997925066839e-6
-0.00022833909594015248
-4.988339324060095e-5
-1.021154222853909e-5
-1.8852835306726843e-6
2.562505987133038e-7
-9.094986951024746e-7
5.692942895804123e-7
3.7994678499535375e-7
-8.399079236045064e-8
2.1105568589337817e-7
-5.2749671880782244e-8
9.942931643133725e-7
-5.2749671880782244e-8
0.012242570580574845
0.0020987148924765052
0.0004046531501982263
7.970945235400563e-5
1.5261032791798836e-5
3.2627678773629042e-6
1.047299671932901e-6
-1.4793781816740292e-7
5.689207116472126e-7
-5.021619702224778e-7
2.1616661324622183e-8
0.00032429651126694725
0.0011964561048900633
0.0013428871332943
0.0016110357791115418
0.0013813638387065708
0.0009958205904531516
0.0007966117940372885
0.0006511356727372152
0.0006512313834068978
0.0008745525958735274
0.0006993944058665013
0.001250491867562343
0.0007827230256387833
0.0007129988242583646
0.0007029937823714327
0.0006988654627208681
0.0007000688120144952
0.0006990816150149131
0.0006989433075623381
0.0006988654627208681
0.0007001737531147335
0.0006988654627208681
0.0013950831149447038
0.0008145126654693597
0.0007220043532491433
0.0007038775226945809
0.0007013263078301446
0.0006990650858927388
0.0006987565056826423
0.0007005969806967481
0.0006987565056826423
0.0006998219861122339
0.0006987565056826423
0.0006990291611521364
0.0006987565056826423
0.0016829883356718337
0.0008186351570185174
0.0007178031065791307
0.000701741315065797
0.0006992908033399368
0.0006990066989924512
0.000699778581527903
