0.9974570225374297
0.9944963884807866
0.9834014903473236
0.9979550796422552
0.9705856642380902
0.9812762427854822
0.9356014382312046
0.9057856799398768
0.8143895031116337
0.9996192316531607
0.9957602288586487
0.7204686905758788
0.6914657048703474
0.6627107169395334
0.6340526238532478
0.6111793126803426
0.6048818645081923
0.6195931775603659
0.5454546783795773
0.5279491907256549
0.5110561235275868
0.44820855577688057
0.5440154582814307
0.42719571933316985
0.4085589511044485
0.39038589174948995
0.37625748959099575
0.36652333447175706
0.3626637293055758
0.3323298003161813
0.32244481488688936
0.289549533311793
0.39096067414842567
0.2759851098959316
0.2639675752789401
0.2535626228930502
0.24317545316304057
0.2334713749476044
0.2022578054876475
0.42400168124044435
0.19004758196240373
0.18371397710881332
0.17770849692534896
0.1564062602261792
0.19099802073154148
0.14950677303592697
0.14173268813016693
0.13564396521606914
0.12857878800262468
0.12335802314429822
0.11703158700983635
0.11278966187260808
0.10732364438874925
0.10424914820927184
0.0999396793501367
0.09830416282097715
0.0957503372665448
0.08552094761619078
0.08323269044182868
0.08101673938311815
0.07246867520862954
0.0434848640103781
0.3178479869579441
0.04185513450726297
0.040071519901448305
0.038700165801594966
0.03725365460289365
0.032524306367078315
0.06371926072617179
0.031213770937210117
0.030017388410198853
0.029114976253210245
0.026378899287614777
0.0432744359873663
0.024728295418673274
0.02399257605256716
0.023160920293378184
0.022462898129648634
0.020001550865917594
0.02315113590384399
0.018911093787931876
0.018462773302891478
0.017431501092091795
0.01726986975484346
0.01631421693602375
0.016548926358251337
0.015735025695655214
0.014611991621289788
0.014309423810246413
0.013984013678143281
0.0127351887699938
0.008587516642944326
0.0988703940174856
0.008391783817593701
0.008170931576900298
0.00800929844136844
0.007408218410367762
0.0069304874706939135
0.020581647175192674
0.006539658938326476
0.006444467476019455
0.006077070844222765
0.004821889327843554
0.018564135247972458
0.0046002753470528734
0.004568113759746195
0.0044134677950072865
0.004361222312444846
0.004242376773556267
0.004179894692656672
0.004081990889499509
0.0037711294740307433
0.007866022564954223
0.003741931543760013
0.003698044810667822
0.003529906647756209
0.0029755551109296174
0.03302118252774644
0.002959969273071683
0.0029356172857109564
0.00284031036999266
0.0024926571540263565
0.0026157977559220225
0.002457217332569317
0.0029274229368497773
0.002351401054089819
0.002351830410355138
0.00232234972592138
0.002226070202281605
0.0030132737656727304
0.0022300395297814024
0.00222288336459886
0.0021999839070312444
0.002108029925470767
0.002725612502602781
0.002104064105144854
0.002103491896466636
0.0020969925284219926
0.002073012061629742
0.002001743802576783
0.0021211059002788635
0.002008488920034246
0.0019985999281325606
0.0019596811952527493
0.0018142127361608917
0.0021189270719939035
0.001748609345584795
0.0019076555586280408
0.001753018168667131
0.0017533889256238222
0.0017501198624640946
0.0017387058673210554
0.0016868537571924636
0.001747289814107822
0.0016911726826328577
0.0016887181888425307
0.0016825964867991372
0.0027465986209060933
0.0016415473184940854
0.001656504126299363
0.0016563882267519037
0.0016570800763763271
0.001645875378898043
0.001602477602930863
0.0014513426288599307
0.013909400197290478
0.0014620541748520122
0.0014598210870946926
0.001447698013872678
0.0014431120280391507
0.001444403826601437
0.0014454115439048176
0.001446022876505082
0.001450593843918102
0.0014470911633361894
0.0014461459800618193
0.001424940944691644
0.0014344323582207164
0.0014351045231600912
0.0014396171977063
0.0014362269345402634
0.0014368370789712426
0.0014364282588359423
0.0014361503354816119
0.0014362314772202733
0.0014161012093397707
0.00142322096568398
0.0014240943380848248
0.0014247729842818968
0.0014293527352117752
0.0014266424485808171
0.0014261752254086657
0.0014054607490341375
0.0014144307733374717
0.0014151692851186448
0.0014201627132649497
0.0014163786427927594
0.0014171084116455512
0.001416787605983294
0.0013979992217102444
0.0014082770155051105
0.001408670530151812
0.0014109551050224822
0.001410025397015069
0.0014106816899080998
0.001400101653043051
0.0014064594069863046
0.0014065092896815568
0.0014067750583171557
0.0014089207830335626
0.0014070085014595834
0.0014062429339208316
0.00140682426138522
0.0014069554668699746
0.0014048629686918002
0.0014048534866388795
0.0014048221986635578
0.0014048721109142237
0.0014048160995617787
0.0014048442366395575
0.0014048119484424415
0.00140481080608712
0.0014048131971209354
0.0014048125632802888
0.0014048143106729083
0.0014048096713391023
0.0014048122710983435
0.001404812897859653
0.0014048142412110831
0.0014048142591494006
0.0014048117321514564
0.001404814530603149
0.0014048117321514564
0.0013891762760105952
0.0013985070793814391
0.0014025076283075144
0.0014025082581944348
0.001402513485038448
0.0014027608421454674
0.0014025494130446292
0.0014026706041918025
0.0014025624614421028
0.0014025557345644923
0.0014025629346768875
0.0014025538429401907
0.0014025566770376474
0.0014025576594589029
0.001402554664669542
0.0014025576097156378
0.0014025565758073455
0.0014025544913043309
0.001386261659727439
0.0013958700076693864
0.0014001113235471152
0.0014001158672641845
0.0014001489097167363
0.0014005538117243255
0.0014002115054224107
0.0014004136628869013
0.0014002403618047499
0.0014002239070262656
0.0014002316248794555
0.0014002262428424173
0.0014002259271405082
0.0014002255473795078
0.0014002254112802648
0.0014002254795966174
0.0014002270452829757
0.0014002282289070633
0.0014002248741030732
0.0014002242016559197
0.0014002245372022881
0.0014002266018250387
0.0014002242016559197
0.0013997085485425442
0.001400111126224013
0.0014002028537439815
0.001400219383012269
0.0014002251886773287
0.0014002249740526773
