-0.18410953497135413
-0.181935490614208
-0.17340462783213853
-0.14181988684166222
0.018047320507035232
0.009402338455084052
-0.07528861299760364
0.00044858705929741053
-0.006900682218223759
-0.0007663870467846094
3.3792881325352336e-5
-0.00010355778626072836
-1.1776578561750533e-6
1.6959446009250333e-5
2.3795007821448294e-6
3.779140206347814e-8
-5.493603601857222e-7
-6.964767372998367e-8
4.0581817398106195e-9
-8.059419183172039e-9
-2.870486962253018e-9
-5.528243041226534e-9
2.884499679441722e-10
-0.05017637099745033
-0.005459430934932919
-0.0008311241586046737
-0.00013339244615889962
-2.1596843298136746e-5
-3.500577522801342e-6
-5.68165506547206e-7
-9.449996095950706e-8
-1.312746125046621e-8
-2.000501558335877e-9
-2.6184943975704654e-9
2.3307694333325296e-10
-8.039858563368491e-9
2.1296008013476675e-9
2.3307694333325296e-10
-1.9362345569701202e-9
2.3307694333325296e-10
-7.79414404933248e-9
2.3307694333325296e-10
1.8592021751658245e-9
2.3307694333325296e-10
1.3441951881275936e-9
2.3307694333325296e-10
1.0860226230130453e-9
2.3307694333325296e-10
1.043722738707902e-9
2.3307694333325296e-10
1.2644297058428054e-9
2.3307694333325296e-10
3.4790197250936467e-10
2.3307694333325296e-10
9.575572103408393e-10
2.3307694333325296e-10
-2.582325987300169e-9
2.3307694333325296e-10
-5.93727039046101e-9
2.3307694333325296e-10
-0.05017636850738918
-0.005459425400052652
-0.0008311213232623735
-0.0001334035249331727
-2.1596094311343062e-5
-3.4970718972196085e-6
-5.653102017345925e-7
-9.962930538903657e-8
-1.7747109284376636e-8
-5.076929064987875e-9
