-0.5993371355440256
0.05301530533733541
-0.20192652888524146
-1.6015467577962583
-0.05215379438457285
-0.09563092870971006
-0.3906969684847241
-3.2014606859317163
-5.472258836457021
-5.2067082993618055
-14.167937270656832
7.903610019311301
-1.0020469412125832
-1.8504504400878556
-4.961561346091871
2.077517534353104
-0.039310043914604235
11.293616946082796
2.055092343886745
0.4315961195377581
0.10168857438071827
-0.09508880892367232
0.17904034457474702
0.003953381633350008
-0.21359551900251972
-0.041090210986249626
-0.006406023222196978
-0.00031192251081523176
0.002654882186675116
0.006062017702651203
0.005470676525361673
0.0025672569573399217
-0.02394926745714334
-0.0035393033185613146
-0.00294221802853518
0.009022775553741326
0.0004793039999039495
-0.002925413173936851
-0.00038457133942561365
-0.0018901781296383903
-0.0007214539937375082
-0.0015034686391630788
-0.0008856291841260952
-0.005557217411398592
-0.0016794464699300552
-0.001037768094932959
-0.000915508873970869
-0.00089131577119971
-0.000886598075894934
-0.0008861114897872049
-0.0008865192512242431
-0.0008873373287623923
-0.0008856173879599492
-0.0008865971672792235
-0.0008856173879599492
-0.0008859066381641819
-0.0008856173879599492
-0.0008861205958442835
-0.0008856173879599492
-0.0008858987723682442
-0.0008856173879599492
-0.0008853915687827034
-0.000885537412685103
-0.0008853915687827034
-0.0008856755772822804
-0.0008853915687827034
-0.0008856199672478281
-0.0008853915687827034
-0.0008858093270928301
-0.0008853915687827034
-0.0008856713306098807
-0.0008853915687827034
-0.0008860361503595832
-0.0008853915687827034
-0.0008860361503595832
-0.0008853915687827034
-0.005557329269092862
-0.0016808568633926828
-0.0010360966491389097
-0.0009154201067518459
-0.0008917794330502255
-0.0008869963457451859
-0.0008874903658619024
-0.000886225194678554
-0.0008872830609523298
-0.0008853915687827034
