0.07707306815429452
-0.1692401973043274
-1.852130862309675
-2.552248420653853
-4.544327052080661
0.8588981761008707
-7.128110747928361
-19.839114390973403
-76.29646328633633
-14.545603730597911
-100.7366563209004
-141.6960243836929
107.29771120240487
-109.559240439923
21.857657808527364
-12.504374510110328
4.48498404109461
-73.5514694958381
55.00053302022169
-2.4424293793604783
24.962887222109874
3.9496649127450905
-0.73393427348318
0.20265241504891685
-25.434583946110337
-6.435642466203479
-12.715875597453408
-5.589217241216044
14.831922886921781
2.2672230394001125
-4.128743045560368
-1.2591326391446593
15.489434127882287
2.6331827587608525
1.205305759085859
-6.797513362144264
-4.238396802801488
3.2453908889313343
-0.7103323342808626
-0.20613237332553938
4.171670157510325
0.5284687246079142
-63.825521374057615
-4.304259971793122
-0.34580075976048585
0.010546254503600404
-0.192442005084113
-0.14591083078916545
0.07862398262648768
-0.02744916155598414
-0.04257638811212756
-0.008820257620782456
0.26179340799131634
0.2669956365247238
0.2706771055016018
0.17857418705983963
-0.10402314879068825
-0.018498799337898393
0.17858680974739136
0.03450169261337382
0.0030039731924148233
-0.1612314808101681
-0.16059463986864478
-0.257029463036943
-0.35493823841805594
-0.49099989151027773
-0.5099686056631484
-0.3639813630733479
0.04642152752402322
-0.16852500425560474
-0.0805651993926784
0.7760004541334447
0.08926890057507512
0.020552500365312247
-0.27243728652506544
-0.035593043950312375
0.015309216503618803
0.002394455232083062
-0.22736214473467373
-0.07651542701785752
-0.070771637914449
-0.006588876912222325
0.09877219310315433
0.01587227834296771
-0.3342373650853933
-0.058527004219331706
-0.025675191289070302
0.07530437379036728
0.04673188616856457
-0.1850593859028921
-0.03616011713365847
-0.011280711527625309
0.08491827749762047
0.049464101200520465
-0.45233583938685235
-0.0877572967711282
-0.06621105152425896
0.0543532520371695
-0.01563982242165057
-0.020632944010545152
-0.012427990642236101
0.031441501704439295
0.00870128143506651
-0.109658789340056
-0.0213978312973469
-0.014038891837152423
0.017838895753975317
0.007609543083324964
-0.13858957001213817
-0.02807974363543237
-0.022455245358640585
-0.006502500866206985
0.018090524847862298
-0.13411544472361459
-0.0442810877044272
0.04471730964506065
0.008046939298750675
-0.39812299841672993
-0.041455640939559876
-0.008063809510208847
-0.005521856607918022
0.009428120907466211
0.0021165944991082594
-0.1485785817783639
-0.03568651378136263
-0.03274748786247426
-0.0020821761529064256
0.035851224862102675
0.003348331110994302
-0.05914909604413022
-0.013008710551620702
-0.009928336254118908
0.00018330300703829513
-0.002155317357743212
-0.00017884358188882018
0.0035810308155518307
0.0032856296855229452
0.0004021037943842925
-0.058198684646129734
-0.020425134278761026
0.007262578526254291
-0.0026276391449851747
-0.021740801318712435
-0.025262830644301276
-0.03667506152201584
-0.044937777918845526
-0.055922408873308495
-0.056445336331598185
-0.02931458671800333
0.06641025941526896
0.031062447697921023
-0.06416467729305382
0.004508252632268163
-0.1604638274832631
-0.014163588353945445
0.00023741992268779176
-0.009321011647377777
-0.001149381496173506
-3.15678558346451e-5
0.00011243701294576303
-6.893654010691474e-8
4.145085674636892e-5
-6.850663982220039e-7
2.479785290635931e-5
4.1666274456319e-6
1.3336412075877516e-6
1.1954204995680598e-6
5.9650818743411205e-6
-6.850663982220039e-7
0.002773367870924075
-0.0029894144809140535
0.0007768048139333076
-0.0013170493631863738
0.028757566178538255
0.04540526843720489
0.07018420797935515
0.07207425446046187
0.06618581067270586
0.04797076813785754
-0.009316092709351824
0.027105056606339353
-0.12518576201904744
0.003623598646491834
-0.29482664204610237
-0.026939561645513647
-0.0018842785127757965
-0.0020590294550371824
0.00041755316367054704
-0.019170121625030113
-0.009148836681148367
0.005651131897936696
-0.003685740199515893
-0.002793177995246634
0.00704248940241909
4.327740114853147e-5
-0.050290435491070096
-0.033044188225468674
-0.015391105147681989
-0.007420242330203327
0.01290574670406539
0.0005736613881084697
-0.005607991609943541
-0.003427056659119077
0.005018360199864962
0.00527297446150234
-0.0005767189621288331
0.006970119800878172
0.006416514873580211
0.002839900632073872
-0.0021290450422391137
0.0004289871775568414
-0.022669446182587837
-0.020228433523188673
-0.017263683696358924
-0.015192048862558424
-0.0010850758564511355
0.02259636081893182
0.0022435052984011833
-0.000142029567580348
0.0014450976747237046
0.0001120089547922585
-1.692180072543396e-5
4.547896696472185e-5
-2.3883736062139496e-6
3.1014404039632357e-5
2.6646117198132593e-6
-3.3844433479931556e-7
2.214830662827932e-6
2.376046637830413e-6
2.0653117839797584e-6
-6.832457280625481e-7
-3.3844433479931556e-7
0.11518453933284033
0.014559221075899208
0.002202386441375162
0.0003392574930259729
5.3031562470022924e-5
7.485613763504004e-6
2.029305687906093e-6
-4.923714080273172e-7
-9.543326044385672e-7
-1.1722047144988358e-6
1.9092597011171297e-6
-2.157242324817467e-7
-4.923714080273172e-7
0.11518181809915364
0.014565596790422172
0.0021979744243413486
0.00034291188718741094
5.1736979004735984e-5
1.0349534875487521e-5
2.0978552487263817e-6
2.491239072557469e-6
-8.43547661081933e-6
-5.350214547640302e-7
-4.923714080273172e-7
