-0.5993371355440256
-0.737013148093352
-1.255498336573372
-1.1567592908499233
0.05787253810491169
0.03945182193735945
0.8129667864388609
-0.08603862293119084
-0.29235057768743133
-0.07829503439341554
-2.2531764594416828
-1.0967576734242102
0.020684563251748944
2.960375174585295
-1.6598655237314823
0.5135403160669995
-0.8914091851212007
0.05670209683907595
-0.4012400410126666
-0.09480219575205756
0.8922463783404041
-0.11517355436548603
-0.7792055777511225
0.10954827397282758
1.33862835849471
-4.782822964524426
-0.6804263946943127
-0.05002610766926108
0.023906984290152037
-0.015660682537302635
0.0026756595156373457
-0.007156076786120623
-6.134314706678243e-5
0.0012103887366407872
0.0001380972403312464
-5.641295014139841e-6
1.521254624518453e-5
-7.1988230616352875e-6
-2.5085561662993084e-6
-8.601133620821111e-6
-2.5085561662993084e-6
-0.05452361115593599
-0.12567624632597685
-0.25691131211855434
0.8317384421516938
-1.0220109993550441
5.544456127935042
-0.8000547095126213
4.962914585011883
0.7566672745449144
0.10105701885890135
0.01353596411597655
0.001813745615814169
0.00021877200175245425
2.4225122490865947e-5
-7.803759554722034e-6
-2.0401533372897776e-5
-1.8915966545521063e-5
-2.5085561662993084e-6
