0.9974570225374297
0.9977341802913998
0.9988172562513593
0.9870625915648931
0.9966385167511707
0.9948285781948826
0.9835586034536508
0.8794744021253033
0.5779090642739186
0.4765956586603752
0.9102788765178818
0.7354414120715475
0.9774151572097449
0.21107398290762225
0.8002551965731733
0.2043738638740763
0.19375963571028154
0.8204353448516227
0.16743835781147853
0.18473241229504117
0.19082682150620267
0.021319698393281128
0.012341720296310199
0.0030004197509539976
0.004093638533198829
0.0029317091935423534
0.0029726749115133178
0.002988152743143735
0.0021454067216744033
0.0012804772720049762
0.001066719111227632
0.0005008245612120321
0.0004886978875153769
0.0003801682911692694
0.0003570928879050861
0.000493472397329775
0.00033919148942590516
0.00030362076077516953
0.0003280820077369295
0.00028408459352774473
0.00031648870036432575
0.0002934211875804671
0.0003111713293132423
0.00025211557402776696
0.0002899147265724711
0.00030682192247399875
0.0003103273533010542
0.0003110130221674612
0.0003111415104836146
0.0003111644911672484
0.0003111709762614878
0.0003111712725188953
0.00031117139469777344
0.0003111719145973968
0.00031117139469777344
0.00031117133956520826
0.00031117139469777344
0.000311171364877072
0.00031117139469777344
0.00031117140214603767
0.00031117139469777344
0.0003111712306859693
0.0003111713073938871
0.0003111712306859693
0.00031117123657020684
0.0003111712306859693
0.00031117133687907916
0.0003111712306859693
0.00031117136371955345
0.0003111712306859693
0.00031117132271613057
0.0003111712306859693
0.0003111713865601162
0.0003111712306859693
0.0003111713865601162
0.0003111712306859693
0.0002521156290555826
0.00028991612852502513
0.0003068309115504264
0.0003103228581119999
0.00031101225636531726
0.0003111449022247803
0.00031116836938493986
0.00031117054514484543
0.00031117115208406654
0.0003111712306859693
