-0.5993371355440256
-0.814780467502437
-1.4224576007888783
1.8569092933011473
-0.3351081508781589
0.7257554030901056
-0.11596310585101713
0.012205406561451578
-0.6408779144601746
-0.8629825482644348
2.3939216216218155
-3.6408852765626274
-4.565052379711012
-4.121615074926304
-1.8678079287550111
-1.0091874234842197
-2.0190099296600517
-6.265145008309641
0.651324449950314
-6.473681253042295
-5.908988014830777
-5.880879640456837
-5.702074197216092
-3.9347058555972945
-3.439249395730584
-6.2037962851253905
6.689182821330689
-4.345268967608333
-4.2893964718042
-4.055002077896165
-2.9591306866487987
5.549465463229794
-0.25539422550261615
-5.254107104770818
-2.5194942359750416
-2.0973647897626964
-2.1021369078921976
-2.1184744012241143
-2.1416343609804676
11.76417798554361
-1.349561051838788
-1.0671381734462988
-0.9643642410098261
-0.5448267296718581
-1.4555655617021277
1.3702195920115408
-0.9100657400096435
-0.7463714534277581
-0.6890020275327868
-0.4574683959778019
0.500253531133747
-4.790649577106347
-3.2681665485035376
-0.8917023893418605
-0.635290900108276
-0.47367733713073273
-0.3717724716978176
-0.3067375107363942
-0.04331716840418352
-0.2898855329953795
0.04169362241100575
-0.1831507170722271
-0.03378562343057807
-0.12862715840227373
-0.4961699936927738
4.429744618163116
-0.2553525478046855
-0.1146162348308887
-0.03194446279284593
0.017702851282532624
-0.013328090323178433
-0.001799832922518751
0.011203795100677198
-3.6535419241297773e-5
0.007457114701897149
0.0007669081809954004
5.153938885856258e-5
-1.2908073009004974e-5
2.618871996242846e-5
-6.21040830461676e-6
2.0157541826208334e-5
1.0867173261459716e-6
-6.59895117005843e-6
-1.9675852993521143e-6
5.025589230385151e-7
-5.807153288519003e-6
5.025589230385151e-7
-0.6977688038127531
-0.2247928526228105
-0.07789296570611709
-0.07287161582398531
-0.052736728950755304
0.028053944035930863
-0.018408453432894555
0.012545503481893826
-0.007452244421642342
0.005875392115273573
-0.0032687543352007214
0.0028240190094879014
-0.0014786073720818298
0.0013956484675065833
-0.0006940790536326993
0.0006932283188018974
-0.00032919728951708965
0.0003499170230486367
-0.00016395181957755902
0.0001758628553184571
-8.85097345605413e-5
9.567247151400578e-5
-3.44710347687596e-5
-2.136011384182636e-5
2.9589906371852525e-5
-1.1943359493852395e-5
1.3680573249544472e-5
-8.379166276245941e-6
8.43545490670092e-6
3.32511066401997e-6
-7.3044448293833305e-6
-2.140597399194113e-6
8.090425344054974e-6
-4.331642417179398e-6
-2.140597399194113e-6
0.04472233250584928
0.005658156366718456
0.0007147984642938614
8.858381501930411e-5
1.7085868541527577e-6
-2.1534511705335273e-6
3.5578791036863313e-6
-6.213956254469218e-6
