0.9974570225374297
0.9943641248057629
0.9834675554008735
0.9833304818322149
0.9917840495633297
0.9957516727647789
0.980747023602122
0.9933083759212457
0.9682667634127586
0.9988254836876085
0.9891940869736836
0.9799723662781363
0.9791062283481808
0.9676871810898712
0.9471353900889103
0.8240241260704089
0.26905470516185703
0.9948535463052558
0.9589438861714762
0.5913811954934811
0.7570432825447584
0.23116236709827687
0.07195931594013727
0.02088069358328426
0.01075487083157567
0.007599520583727426
0.004822769348487965
0.0038749222179584875
0.0023566075513944407
0.0015794845281750791
0.001266703925014323
0.0011555082605732014
0.0010445441216713758
0.0009197472102134285
0.0008374072859654302
0.0007991892466549522
0.0007703983895201438
0.0007258738622404892
0.0006659074687621058
0.0006094224306004703
0.0005706548136983902
0.0005406984303450435
0.0005101131527899816
0.0004856419103431153
0.0004739646427687205
0.0004686709022240776
0.0004628419879609824
0.0004522481934300382
0.0004352876574227338
0.00041425365947378445
0.00039708064935178866
0.0003872243563718958
0.0003810934959473933
0.0003743518629845122
0.00036306564601812363
0.0003432763170524433
0.0003136265451008091
0.00028269031447947235
0.00026157246970415216
0.0002465383557725409
0.00022792788350423088
0.00020257425511077676
0.0001778110055425386
0.00016396862567952253
0.00015845027795163835
0.00015424611281383838
0.00014689250339627868
0.00013656187327037994
0.00012645930839882968
0.00011940868195015053
0.00011316729933391612
0.00010385473839552573
8.845650455391318e-5
7.098528655802294e-5
6.043289495583082e-5
5.722158282372991e-5
5.6497479324735256e-5
5.5755348015440465e-5
5.3844402279124015e-5
5.019839114062119e-5
4.474004465282455e-5
4.0354609714465806e-5
3.869383034804663e-5
3.8394625086368706e-5
3.824674607527667e-5
3.7784426741516164e-5
3.677490034598163e-5
3.4440905243293685e-5
3.0497402509488403e-5
2.6458008705820824e-5
2.460729177777843e-5
2.4267413258061143e-5
2.422694467768549e-5
2.4164223081379888e-5
2.3985140401638905e-5
2.3549427773661424e-5
2.2479166909117332e-5
2.0167412598637302e-5
1.6209130836553065e-5
1.2428936762898246e-5
1.1203923859115505e-5
1.1014033911738164e-5
1.0998152497998515e-5
1.099641698959486e-5
1.0991487091660535e-5
1.098055273746068e-5
1.0950640655149613e-5
1.0877368602169035e-5
1.0705633402607884e-5
1.0376379426080273e-5
9.94942194038062e-6
9.656953300019033e-6
9.572143311042947e-6
9.563070041129773e-6
9.559440802109354e-6
9.54732612157283e-6
9.52048325714161e-6
9.450979222114242e-6
9.300644648935208e-6
9.038351993617688e-6
8.762022723707297e-6
8.629475620580696e-6
8.605707854991707e-6
8.603688069985793e-6
8.602690137748947e-6
8.599670709430463e-6
8.591946240144033e-6
8.571325873840685e-6
8.518851221550605e-6
8.389919190665562e-6
8.101466420940007e-6
7.5706046541168526e-6
6.950759091017833e-6
6.6218148030428026e-6
6.559752914470085e-6
6.555052548262719e-6
6.553920963991988e-6
6.552751101285281e-6
6.551659999631809e-6
6.5497125773528175e-6
6.5455753138765616e-6
6.535106935878776e-6
6.508560014717446e-6
6.439844987882193e-6
6.274717173071487e-6
5.9067499201814755e-6
5.466226003447705e-6
1.0103969347752262e-5
5.227301928978356e-6
4.759914379592889e-6
4.7090426382179196e-6
4.675457507541392e-6
4.651548523526561e-6
4.579260979520328e-6
4.550960819693639e-6
4.522549374219587e-6
4.5192209406907935e-6
4.5185161395844275e-6
4.51826499037189e-6
4.517596909003885e-6
4.515992265530233e-6
4.51160169412379e-6
4.500458601397472e-6
4.471817348417062e-6
4.400719625929916e-6
4.233866821246046e-6
3.93358273503841e-6
3.6872047574076916e-6
3.501547717332798e-6
3.4745923679357915e-6
3.4482157242887723e-6
3.433142674647005e-6
3.4319888863598713e-6
3.4314051609030116e-6
3.4311101852479986e-6
3.4309949032973464e-6
3.4309441696578347e-6
3.4309042556968095e-6
3.4308096831803248e-6
3.430598967346654e-6
3.4300652316798796e-6
3.4286557689111596e-6
3.4250817038117276e-6
3.4158297314013097e-6
3.393174235200025e-6
3.342940688932927e-6
3.255900731191641e-6
3.153411755829616e-6
3.0833072125480143e-6
3.0676094315285063e-6
3.066527815009934e-6
3.0662666199443578e-6
3.0661004276621995e-6
3.066002265073031e-6
3.065948580072142e-6
3.0658913998671267e-6
3.0656963290742745e-6
3.06526371962601e-6
3.064070772995642e-6
3.0611197694985215e-6
3.053778061312684e-6
3.037640440461953e-6
3.0090501954016524e-6
2.9766546151832607e-6
2.956469169257403e-6
2.9496668245698743e-6
2.948487789977694e-6
2.948199298136167e-6
2.9481331982328385e-6
2.948061059437901e-6
2.947931378172175e-6
2.947595415025983e-6
2.946768252853893e-6
2.9446494357321384e-6
2.939222553455245e-6
2.9255440479047934e-6
2.8929580667136356e-6
2.8278555670446792e-6
2.733992935488594e-6
2.640554323751765e-6
2.5871673743349533e-6
2.6452190938774933e-6
2.5707393619400776e-6
2.555404115145432e-6
2.5499553382157814e-6
2.547328703195184e-6
2.546194547758951e-6
2.545460731973037e-6
2.5453056395896567e-6
2.5452294981631596e-6
2.5451988961977534e-6
2.545174270340844e-6
2.545132395503913e-6
2.545026972555764e-6
2.5447927706756523e-6
2.5442327304392442e-6
2.5429163861834247e-6
2.5398749454730307e-6
2.533042425811871e-6
2.5188050722935174e-6
2.491397560921982e-6
2.4682203043635553e-6
2.42804524119844e-6
2.4003981323184043e-6
2.372453111132433e-6
2.359009974028936e-6
2.349088700337454e-6
2.342151223411193e-6
2.336844502126567e-6
2.3355710834227494e-6
2.3345356100490378e-6
2.3342692104799667e-6
2.3341757367512095e-6
2.3340901131319036e-6
2.3340628511614447e-6
2.334045302809784e-6
2.334028096018237e-6
2.333988664449116e-6
2.333886237049221e-6
2.3336321691713735e-6
2.3329624609935706e-6
2.3312682386755768e-6
2.3269791379343374e-6
2.3165360777399613e-6
2.2942698021388708e-6
2.257611341649479e-6
2.216554011669203e-6
2.2088487926508193e-6
2.219617444176869e-6
2.1845315179014335e-6
2.1805229483140565e-6
2.1798249572047013e-6
2.1796339803037412e-6
2.1796058234935245e-6
2.179594064566359e-6
2.179579385697128e-6
2.179557435755264e-6
2.1795115849321256e-6
2.1793982565299075e-6
2.179136085689315e-6
2.1784361585730494e-6
2.176738942316625e-6
2.1725248531279107e-6
2.162958399831716e-6
2.149044248944687e-6
2.12523741838222e-6
2.087753239288226e-6
2.114608412373542e-6
2.065767606973523e-6
2.045071873291171e-6
2.035033056402291e-6
2.025380395731524e-6
2.0216807903317147e-6
2.019333288083569e-6
2.018304010587002e-6
2.018035484330216e-6
2.0179348230175975e-6
2.0178844604146207e-6
2.0178391880176783e-6
2.017779124563468e-6
2.0176658999115915e-6
2.017493028860784e-6
2.017343734395105e-6
2.0172558093944915e-6
2.0172412011909557e-6
2.0172312034660855e-6
2.0172181934285938e-6
2.017212651306277e-6
2.017177876623144e-6
2.0171002973468077e-6
2.016905655155554e-6
2.0164467713912337e-6
2.015304547353658e-6
2.0124706487933963e-6
2.005962400075667e-6
1.993096873653677e-6
1.975344692040082e-6
1.961624125301764e-6
1.96504399124775e-6
1.958448398509116e-6
1.955491371163909e-6
1.9552032246572537e-6
1.9551498381398247e-6
1.9551470898937495e-6
1.95513686074289e-6
1.9551286913888077e-6
1.9551253636063137e-6
1.95510403810939e-6
1.9550749208452345e-6
1.9550307178706205e-6
1.954960879069212e-6
1.9548036723215922e-6
1.954415350002847e-6
1.9534625960160312e-6
1.9510269384515055e-6
1.9447855587606533e-6
1.9295753631576318e-6
1.9034614283097717e-6
2.0248216778817607e-6
1.8946599149582966e-6
1.8923037804485787e-6
1.871748165238607e-6
1.8586269752152162e-6
1.8733825504213542e-6
1.8348838325965566e-6
1.8252293945697495e-6
1.8225443622621462e-6
1.8205001785509545e-6
1.8187376000788902e-6
1.818239592110693e-6
1.8176530528490886e-6
1.8167532639945527e-6
1.816216187278119e-6
1.815836247920366e-6
1.8157358582793215e-6
1.8156766174448613e-6
1.8156464464680333e-6
1.8156317926898424e-6
1.8156233867472338e-6
1.8156130697777328e-6
1.8155993486423938e-6
1.8155641116068821e-6
1.8154656882263254e-6
1.815245080916128e-6
1.814664450372483e-6
1.8132011747606924e-6
1.8094642585397835e-6
1.799750652620169e-6
1.774060594428306e-6
1.789797082374367e-6
1.7517455748738975e-6
1.7143554068566047e-6
1.6840452365385339e-6
1.6770846495428593e-6
1.6731561192084854e-6
1.6735004375600937e-6
1.6669182664186266e-6
1.6655469929349742e-6
1.6605414584480727e-6
1.65815187036511e-6
1.6554326718321022e-6
1.653846805560466e-6
1.653000392898285e-6
1.6522777175342895e-6
1.6516352141504598e-6
1.6514723067961867e-6
1.6514249433496886e-6
1.6513934023576482e-6
1.6513862892697517e-6
1.6513759189540345e-6
1.6513746853297206e-6
1.6513741582513397e-6
1.6513664824469032e-6
1.6513427952835613e-6
1.6513037418564025e-6
1.6512134196622341e-6
1.6510075430686832e-6
1.650515832007926e-6
1.649385472424214e-6
1.6467822550048083e-6
1.6411040283381695e-6
1.630244813699555e-6
1.615243861552429e-6
1.6025758080573382e-6
1.6076922321195397e-6
1.5973033273830595e-6
1.5921887664416268e-6
1.591913552367874e-6
1.5915801165888865e-6
1.591529106614864e-6
1.5915089353057965e-6
1.591498941855285e-6
1.591499143749342e-6
1.5914990238452553e-6
1.5915004107358577e-6
1.5915000255439793e-6
1.5915022167356518e-6
1.5914989155429993e-6
1.5915004224487106e-6
1.591498929753854e-6
1.5914989155429993e-6
1.591498931252655e-6
1.5914989155429993e-6
1.591498931252655e-6
1.5914989155429993e-6
1.5914989155429993e-6
1.591498931252655e-6
1.5914989155429993e-6
1.6042129330484656e-6
1.5914942617656358e-6
1.5914936860594864e-6
1.5914913448766832e-6
1.5914887393497779e-6
1.5914786247739343e-6
1.5914647697456985e-6
1.5914264352434593e-6
1.5913336590678284e-6
1.5910951568498533e-6
1.5905061520049557e-6
1.5890306213073302e-6
1.5855506674267161e-6
1.5780277806132226e-6
1.5706431461537385e-6
1.5647723121681167e-6
1.5522965179926018e-6
1.5493423879409107e-6
1.541713819719348e-6
1.5368950698757544e-6
1.5353610332002887e-6
1.5342835530951504e-6
1.533911913209618e-6
1.533699617417561e-6
1.5336513090602466e-6
1.5336129222109918e-6
1.533619748528281e-6
1.5336089961293098e-6
1.5336190317682963e-6
1.5336014006495091e-6
1.5336277588429148e-6
1.5336177469071899e-6
1.533638069650678e-6
1.5336186996450785e-6
1.5336014006495091e-6
