-0.5743592244455665
-0.7747544988956676
-1.3765435772470453
1.6606133598686148
-0.29872243290546513
0.46843601190590173
-0.10008626997251126
0.04426220650623018
0.363661713744655
0.06710232656383164
-3.1023783254692137
-0.0763554744829967
0.7319823209688107
0.4370204798891614
-0.01783597119663532
0.7016306987598248
0.14860501908627186
0.03586356452931677
-0.021875025226436737
-0.3245929631671806
-1.4811099385514923
-9.301915563131521
1.7754235749361156
-0.8115090924456553
1.1168980589823094
-0.16217456811592657
0.867044250416625
0.3596172314359408
-0.258750820975093
-0.010366636469675273
0.4997082087093589
0.14676800189765324
0.13808471249289406
0.016592627585548005
-0.11207545558691284
-0.019022242389381407
-0.025251894018863002
-0.00492675053500348
0.031364442797257176
0.0032859393347926045
0.006219998979164162
0.004863797934684144
-0.007378028145383584
-0.009761192172213823
-0.007623219802972588
0.0013828884809841608
-0.0036139342309264855
0.06173072694595217
0.007829802416529285
0.0001209334843181699
0.0017872720121352163
0.004655685981947145
0.0020467822101673996
-0.026474585432360837
-0.004384379678338417
-0.0006567365106748143
-0.002879266750853905
-0.007133130095628956
-0.006214131071134901
0.00542399893779251
-0.0004884558382073687
0.0222746824299473
0.0030019627760326695
0.0002576567647571735
0.0034447636697699504
0.0010397623789554693
0.007179938655959299
0.002206830359743818
0.007431060330110495
0.0030781328522760986
0.002380146562728516
0.0022422872209502055
0.0022143336178285424
0.0022084810179039817
0.002207201984034707
0.002207054065385819
0.0022069835404988293
0.0022066510119797002
0.002206776823708379
0.0022069586699411925
0.0022066510119797002
0.0022069339988351243
0.0022066510119797002
0.0022069335889037442
0.0022066510119797002
0.0022069346636028183
0.0022066510119797002
0.002206943755562366
0.0022066510119797002
0.002206951593276832
0.0022066510119797002
0.0022069407907206904
0.0022066510119797002
0.0022066855227373503
0.0022066510119797002
0.0022069343443467224
0.0022066510119797002
0.0022069082593459805
0.0022066510119797002
0.0022069314153165807
0.0022066510119797002
0.002206946724354684
0.0022066510119797002
0.0022066922208589875
0.0022066510119797002
0.0022069398667485854
0.0022066510119797002
0.0022069362491126906
0.0022066510119797002
0.0022069192444961853
0.0022066510119797002
0.0842234563255487
0.00654517963885131
0.0028518643414268746
0.002313373689565892
0.0022247092720761538
0.0022099404890295656
0.0022074009630355497
0.0022070000341257406
0.0022070534329821216
