-0.5993371355440256
-0.9565709107666543
-0.8502240243194723
-0.6574018664060114
-3.0775444627873583
1.4504611375470822
-3.7999865702823086
2.189392586230857
-3.4774032812279
-0.3307938132061492
0.7128504507731019
1.3331798038710923
1.3171369574257363
-2.8856488474583233
-3.4391981579315294
-3.8799339560496775
24.878343732161316
-0.011980022792927062
-0.2147331656156966
18.248407036149054
29.182058807017114
31.21596633424855
16.466420755142877
-5.548130035888119
-0.6134471022519976
0.5391344238853999
0.7346862595373371
0.3320376831680378
-0.358060195824761
-0.4750078107240401
-0.21872782836861104
0.002933298794097089
0.17041723243681658
0.2211053016816703
0.10277295178402199
-0.044840110462753525
-0.15272460889757733
-0.24838271270459697
-0.27579664819193667
-0.1925425784554293
-0.06138720929853945
0.042183714573729866
0.0936660514661018
0.06031511661211838
-0.01521694425327773
-0.06594111373915275
-0.10163361075483432
-0.12845115499608273
-0.1271707265293394
-0.0836381176008875
-0.022142016773231823
0.010455568594305216
0.008155927680248415
-0.014782013531882287
-0.0566073664179137
-0.11039557449471155
-0.14718203364814436
-0.12509670829261219
-0.05598210041101103
0.01458020389405991
0.0864037382924028
0.14088389073570962
0.13212391029387294
0.06365938931278065
0.0046159325018795706
-0.03284146057123428
-0.0686920569426874
-0.07980140165238078
-0.04846197989507283
0.0031126880791116007
0.052289461756526365
0.10174054206434492
0.14024110801736575
0.13046248029208468
0.07167427320923865
0.020945395478393997
0.002483653359190647
-0.009619608740342466
-0.027662720526749302
-0.045197966902280576
-0.0506964876937544
-0.032824317785346425
-0.007012666422777149
0.004763847060918452
0.008761400298977276
0.016215506837460026
0.02549690130642737
0.03678112361079168
0.04215248866326045
0.03128640587565672
0.01112735752505364
0.00016186263956874
-0.0014045152864439537
-0.0028645921080467426
-0.005242963015510049
-0.00882405770801601
-0.013796150251894174
-0.019170907278862826
-0.020339433799522147
-0.012456957603720455
-0.003634607508356433
7.474948857981202e-6
0.0005251563147149043
0.0006131894228973133
0.0006420692839367467
0.000839835661747632
0.001024323461654698
0.001502895694699058
0.002007841054389004
0.0028814513642729015
0.0030912744142800284
0.002030839788949106
0.000604341841951308
0.0006323157160832262
0.0006105418153180753
0.0009445828649025309
0.001184471629444191
0.0019599027247867865
0.0025823878347471002
0.003604541437059955
0.003731557656209151
0.0029639910532309527
0.001440806213937106
0.0013891704019183945
0.0011425795154061474
0.0009236969640850842
0.00031344201808321373
-0.0004896365642198539
-0.0019559491935777973
-0.003918916872132233
-0.005934547002814148
-0.004410224736590973
0.003558433079298435
0.004123294880288424
0.002813749561794539
0.00178474528375948
0.0011965422214010163
0.0005755943567200948
0.00015980476540406954
-0.0003034838023929062
-0.0007039981394514328
-0.0015219640083294558
-0.0019570619159128507
-0.0037232750004610473
0.0007265036494163411
0.005471703912113452
-0.007322817737978573
0.11209573364341834
0.0063792194131977896
0.005759183700945068
-0.010263479222255952
-0.006454130697690605
-0.0037897939016249345
0.0025897504522422996
0.0032167118908286675
0.001080860589416942
0.0002860926120445088
0.00014683775686732866
2.9438558011831348e-5
1.3228264315275168e-5
-0.000116303649067392
-0.000140284960931303
-0.0002736648469360012
-0.0002726559213752068
-0.0003233073982987254
0.000535513523117689
0.008310264640148305
0.010478530323418587
0.0024333074636574475
0.004854067047003609
-0.0055148521062237015
-0.0010190505328092354
-0.000607692071345436
-0.000371981183334891
-0.0002542937015674831
-0.00019511819155921178
-0.00016107489270967296
-0.00012370069608542958
-5.7202602345918456e-5
5.79944074636944e-5
0.00025004077551288355
0.000574316463045483
0.0010936167340018928
0.00191364430343624
0.0031576735297468316
0.004834601070805884
0.006274024914335863
0.005401577309469478
0.0028077625983015508
0.0008330660517550789
0.00019412061744914996
0.0003356057679182102
-4.706960087981186e-5
3.3971632205053056e-5
6.699337752577739e-5
6.85183123416334e-5
6.645290319767352e-5
5.524180906891281e-5
3.365941826618133e-5
9.158145184943304e-6
2.6574877432869312e-6
7.649071078206922e-5
8.22145931867858e-5
-0.0004761233007305158
-0.0006170789476254617
-0.0009192557413541927
0.0001793058081225832
4.4633266500888304e-5
0.00011979634144340055
0.00021072583078725937
0.0003024933309469471
0.00041443166506902973
0.0005601734365059647
0.0007958919810383395
0.0011294587288802997
0.0016776576807362726
0.002650589330053216
0.0043676280900193844
0.005545997579033184
0.0030070038915618203
0.0020524760093569533
-0.007667701048971665
-0.0011146398355503712
0.0010429047376578667
0.001154541501621181
0.0010355169512065519
0.0008092490279976225
0.0005132911828764781
0.00021528289055014878
0.0002798255580268675
0.0002223800264897154
0.00019186558104067114
0.00010948946216037024
6.045439320378372e-5
-0.0001166742872962283
-0.00017451185576890897
-0.0005181235193897839
-0.000488311907202719
-0.0009250514628914646
3.612340611764188e-6
-0.0004710590557838755
0.005859457572775148
-0.0029524932372409153
-0.0007760615121044882
-0.00028326649346628515
-0.001147810175550509
-0.00046552209204842694
-0.0010839537465899608
-0.0006664422838419665
-0.0005428743311056727
-0.0004541129358801066
-0.00018074115524470814
-5.1529513369774365e-5
3.71769511215635e-5
1.9029447477160473e-5
-1.3392323648290908e-5
-5.1740184677604456e-5
-0.00010802426538592151
-0.00019280472213648004
-0.00031895470950364164
-0.0005146558600958927
-0.0007989268899657395
-0.0011668022436669256
-0.0014019663076078408
-0.0006142716168361108
0.00014080802515051207
-0.0007914309812555934
0.007246086158422591
-0.007603117747897465
0.0004367290455875838
0.0004679292879455701
-1.1977709181086008e-5
0.00021135704723626028
0.00032788510461258274
0.00035177425020061756
0.0003181519069014957
0.0002194343590452331
0.00013094278626944102
-2.9285778461534822e-5
-0.00024018463937501417
-0.0005533527745554709
-0.0009505262872195759
-0.0012610237623090507
-0.00041787545697992824
0.002244393045268868
0.0002607407756308728
0.0028129264238816406
-0.01493274251381176
-0.004162178475876954
0.00230766212103154
-0.0005420406556378178
-0.00150315971412767
0.00045402712640223766
0.0005869482430200637
0.00026845045515314027
9.418999051245172e-5
-2.6207704674211288e-5
5.2105166332817836e-5
5.1229165259471194e-5
0.0001155324338298094
0.00018220919544815253
0.00031323372120611805
0.000411449159186409
0.00041292622989882983
0.00036381206009154245
0.00036693672395294766
0.0003772672527571838
0.0003944001704555943
0.00040500490083599037
0.0004098075185368428
0.0003929556291068612
0.0003476247127524636
0.00024362469961307086
7.127518281005844e-5
-0.00010642062215656776
-9.381737251327382e-5
-0.0006806091331473258
0.00044871403712527406
-0.0047324739808355925
-0.0017311521323540922
0.0006488691939577707
0.00014935512580624966
0.00022676357408191552
0.0002461797533585573
0.0002550824272134877
0.0002436452463668683
0.00021591408345024698
0.0001552942052049715
7.870742948525466e-5
-3.7224021171239227e-6
-9.627202915847688e-5
-0.000215110472885403
-0.0003813685103504356
-0.000602725985754503
-0.0008566012667277391
-0.0009307128527658606
-0.000962141869779771
0.0006645292450843011
-0.01915588487819627
-0.003998195071557464
0.0055542808252119725
-0.0020746546389385245
0.004623902071110933
-0.005465160381075386
-5.676259512687253e-6
-0.0029982374519526003
-0.0007411434300255293
-0.001125907009769836
-0.0007358220616111348
-0.0003166154956135664
8.278294207138944e-5
0.0005430976018598334
0.00042334248625453555
1.5287739341405946e-5
-0.000222217680830332
-0.00014738405217687257
-2.0409052583058344e-5
5.4014599926285504e-5
0.00010867212116086952
0.00012284038309532888
0.00013510197766400086
0.00012224996238991475
9.105300400831149e-5
9.228805433375855e-6
-0.0001474698721155424
-0.00044242490595704893
-0.0009555663636432184
-0.0017356092483654009
-0.0012509878194018702
0.012973972494344324
0.002740011794427175
0.0026320452535602695
0.0016417059857433006
0.0009202175927823267
0.00645501887992329
-0.002312131703515968
0.0020833399582360712
0.002293139391964163
0.0008476735937496455
0.0009813906387709803
0.001583435010092448
0.0010921423383066396
0.0004402618525416485
0.0002282613846040874
-2.8901513733497806e-5
5.568468197464986e-6
2.900613881724442e-5
-1.7622814947589448e-5
9.034681499070608e-5
-1.6603741327187927e-5
-7.422344232704234e-6
-9.91586063344538e-6
-3.5227541564019164e-6
-8.308754900422984e-6
-1.723114609783265e-5
-3.82678253499375e-5
-7.375343852567252e-5
-0.00016318547381065864
-0.00029575723334375334
-0.0005222851966216628
-0.0007995042330331024
-0.0009233586715315781
-0.0012905536632904291
0.00014699804149657337
-0.004526353315623768
-0.001973398394651117
0.00025644802017386946
-0.00021662081577549113
4.8691001193067616e-5
3.8965867106128474e-5
1.619216873053022e-5
1.0133268830891893e-6
-1.3251046336938383e-5
-2.2979345016019924e-6
1.2625497514160132e-6
1.2047027815939743e-6
1.3737546632097743e-6
1.194101422058734e-6
1.4216424010239787e-6
1.036538657240865e-6
1.194101422058734e-6
9.975011843716512e-7
1.194101422058734e-6
9.975011843716512e-7
1.194101422058734e-6
1.194101422058734e-6
9.975011843716512e-7
1.194101422058734e-6
0.00026321238162719813
-3.222092038503894e-5
-3.308950092627627e-5
-5.999685922682288e-5
-6.572469446510991e-5
-9.895318699876893e-5
-0.00011949408341066405
-0.00018225884183128142
-0.00024721761339784097
-0.000380665310159716
-0.0005128773801313268
-0.0007400238633252
-0.0006838719083404303
-0.0011708862628372423
0.0014807807846897608
0.00033838049889125236
-0.0042360679217941155
0.0023362257756220496
-0.0013905259077738902
0.0006857614135542795
0.00048079398242767976
0.00011472734952927881
0.0003069009665225599
0.00031947669091532264
0.0004630228336404588
0.0004933362895210051
0.0004767305422987867
0.0004901363898290513
0.0005050264797801094
0.0004911021481860284
0.0004960914504769035
0.0004917976257971031
0.0004935787634491807
0.0004909865197405837
0.0004911021481860284
