-0.5993371355440256
-0.8883849600633228
-1.2840913021827582
0.47307077814657855
-0.3175173307736693
-0.017006842798127853
1.6614159154079589
0.5307189412894714
0.23728167429936828
-3.5497901027223087
-4.17268956678677
-4.205242876438729
-3.9810827591352678
-7.09312654237148
-7.810812837658892
-3.7697881890466256
-5.171030876959138
10.354686973519195
-3.111908212533954
2.4402269666073484
-0.4116863754770195
0.10392032197363033
-0.09958384224343064
-0.03272222497550812
0.024294415208150864
-0.05987393468158341
-0.03242753028877361
0.018059013686167694
-0.010217045716841974
0.0014066921882635633
-0.0025835277136437734
-0.001551902715133075
0.0013335742370998874
-6.14048790187335e-5
0.0005217782075006754
0.0001121404754268279
0.0001530378181118116
-7.995224531717759e-5
-5.3709026352252124e-5
0.0006228577936298492
0.0008063340104471936
0.0020417238356769973
0.002221220266815658
0.0024256256235584664
0.002174851861929058
0.00103069750605458
-0.0008641448397181284
-0.00019795565877591648
0.0011324297996577351
0.00024250619914335274
-3.5296155380248926e-5
4.0262289080822744e-5
-0.00010282024789891515
-8.983095915952692e-5
-2.4226947820279922e-5
6.141497685319022e-6
-8.852994868144395e-5
-2.3177048288554763e-5
-8.410877978655786e-5
-3.825226100564e-5
-4.553511172607896e-5
-2.2592128417808664e-5
5.2040618727151744e-5
8.39902340973824e-5
0.00011160679046031988
9.094004915852066e-5
0.00011407646940068879
0.00012172676999664
0.00013287345218698505
0.00012144343371860072
2.7541640823640208e-5
-0.00021943667207080758
-0.00011773151747190184
-7.706537130540544e-5
-0.00010517514524682419
-0.00034053183062249687
-0.000467443253117504
-0.00046318609523998585
-0.00037730682171532387
-0.00023571690971192929
3.494633757409992e-5
-0.00014435403975746196
0.0006613632539869671
-2.8387780844876904e-5
0.000428620908549484
2.1982764476266037e-5
-4.148275194453523e-6
0.0016396751687596945
0.00016918071094257608
1.8228172494534e-5
-8.563021095149904e-7
1.127136133123182e-5
9.854604874479981e-7
-8.503760166670298e-7
-2.1026029801373914e-7
-1.0631462327271293e-6
-2.2019897941990483e-7
-2.9067310480243706e-7
-2.1026029801373914e-7
0.0032169845058352873
0.0003400655829822419
4.390867947557103e-5
5.322453650753274e-6
-6.350217419827036e-7
-1.038966163811012e-6
-5.308022369143232e-7
-9.62679952561648e-7
-2.8755539603082066e-7
-2.1026029801373914e-7
