0.9974570225374297
0.9962914320068587
0.989779057878112
0.9547564626189913
0.9980200234327209
0.966060915111689
0.996736719800813
0.98483816330998
0.9650787777347666
0.9655598145016414
0.9439176800978617
0.990371254860186
0.9956271130236917
0.9761546419995254
0.9456825994227378
0.9551553581040373
0.9484824998736253
0.9527469836809417
0.9505708945027439
0.9520019508622788
0.9956341228114027
0.9994993900212252
0.9891950067823969
0.9465293913537128
0.9601231286736537
0.9521414225962804
0.9463629042236221
0.9464675329841933
0.9464944156514675
0.9464796456549858
0.9464863823078414
0.9464827455759851
0.9464853604835262
0.9464858349718088
0.9464854328186435
0.9464853786043923
0.9464853957289664
0.9464853881317423
0.946485372370031
0.9464853879423983
0.946485372370031
0.9945492345400773
0.9977024439660642
0.9979836873346544
0.9963911056629366
0.9988977668696883
0.9838662208935149
0.9729603344703099
0.9579459319029537
0.9469302129123404
0.9465259260918444
0.946490481403205
0.946486065308672
0.9464854757774975
0.9464853978368122
0.9464853791157848
0.9464853842838296
0.946485385224254
0.946485372370031
