0.9974570225374297
0.9943641248057629
0.9834675554008735
0.9981690729821174
0.9746119172267032
0.980280775726435
0.9324617796551933
0.897555161026759
0.8479242695801537
0.99785601141238
0.9894879723029608
0.6833972254713298
0.7376999553745232
0.6460270517548208
0.6278989383561961
0.6104690574794134
0.5425682691374893
0.3427599945174819
0.9981903255121342
0.9917189363420592
0.3251739797903477
0.25855453474287327
0.2509140664346696
0.24380285159941162
0.2164223563598559
0.12638967966855907
0.9557754151941159
0.119141726781479
0.11338419587426968
0.10743763889618185
0.10237529143689056
0.0972464754391027
0.09273163587006567
0.08820550991648146
0.084155633827603
0.08011776630650103
0.07647961409503956
0.07285937901311912
0.06959487494142408
0.06634326619321429
0.06342351839971627
0.06050352559544303
0.05790651953541498
0.05528864089462027
0.052998398598636365
0.05065838082621138
0.04866516230163842
0.04658270154553601
0.04488379195389314
0.04304154916168956
0.041642398116723156
0.04002486454853138
0.03894081543938677
0.037532591397952286
0.036790459852056145
0.03557341043047468
0.030833855485844386
0.030091648460909337
0.027434503419987266
0.027590875489170053
0.026179249702733887
0.025505729084285
0.02611234151893438
0.02368767605848915
0.02302091431575648
0.02241973077387399
0.0201843471381965
0.01945222124091528
0.06362853739776897
0.017245710884041032
0.016855694049970782
0.015574946655112665
0.017579370630028568
0.014959249496696803
0.014398368676763473
0.013874865546870396
0.013383687579339165
0.012918597248402497
0.01247683375113029
0.012055742461696495
0.01165372922963337
0.011269383878410255
0.010074077827230854
0.024144931071388653
0.009618703621392721
0.00937544427582604
0.009160672826362015
0.008427848338780186
0.010112329158070144
0.008150607407865995
0.007895124660731057
0.007655527875414236
0.0074298283001345
0.0072156195899465425
0.007011745813005121
0.006817069380820551
0.006630882551107886
0.006452546229511413
0.006281581556671467
0.005739763333772074
0.01189529132926137
0.005542570426498472
0.005430633041952515
0.005331427813348388
0.005007498672968846
0.006300176821410375
0.0048740584092987205
0.0047672430031509005
0.004671540464193991
0.004581404252063437
0.0044949883731753015
0.004195367135694128
0.005266030977070346
0.0041010890965156865
0.004015792176532917
0.0039363656017875615
0.0038613484619228755
0.0037897640448282255
0.003721078599992267
0.003654932551308998
0.0034562646832511645
0.006322117028641994
0.0033658204530191416
0.003321445980555282
0.0032818447351762314
0.00314064998178587
0.003295278748784103
0.0030861568484363833
0.0030356187283136493
0.0029893535992293607
0.0029485906646157245
0.002913862850131954
0.002887951336289496
0.0028714793514775794
0.0027826662439972005
0.002756924949816719
0.0027329389072699994
0.0026397107678855503
0.002310335142725939
0.008499749560722414
0.002278993267529006
0.0022541570547054413
0.0022316387123016423
0.0022101039023254
0.002144316492478704
0.0028295547707581914
0.00211217372799688
0.002093595425704864
0.0020769560074563875
0.002021674443992205
0.002242687424310552
0.0019977798693037174
0.0019778109508311603
0.001959454865536725
0.0019418804158261027
0.0019247630134098803
0.0018668272118919083
0.0022184481610469375
0.001845531000956857
0.0018287333051349997
0.001813440349659301
0.0017987441516836844
0.001752646366361632
0.002177491473939863
0.0017310612823422389
0.0017175339494731046
0.0017053722204317667
0.0016676220882944626
0.0019356948684671749
0.0016483859548714896
0.0016354957382607171
0.0016238797821641615
0.0016125978309305955
0.0015705113678816662
0.0016012523348938323
0.001554710097324774
0.001545591275740943
0.001553536695616753
0.0015214705158539399
0.001512006215363626
0.001503328615027888
0.001470166722660149
0.0013623090840283458
0.015485753161219473
0.0013317617569253981
0.0013248671684952806
0.001318334586819292
0.001292510982284556
0.0011942700911332649
0.0021405417339699917
0.0011839592576456393
0.001174192542499397
0.0011651137676128576
0.001157025362680808
0.0011502112292782751
0.0011453096786048222
0.0011428746785077104
0.0011215858110082966
0.0011159391429286791
0.0011106131933157903
0.001089586124103481
0.0010099386673219635
0.002189548607995695
0.0010015383540854517
0.000993455360031592
0.0009856106293503197
0.0009779465118139319
0.0009704322764235718
0.0009630388859981354
0.0009557479505479805
0.0009485475998114445
0.0009414290446821405
0.0009343834631243553
0.0009119650247758626
0.0012292604064512713
0.0009022645762152837
0.0008968195087027953
0.000891899930822948
0.0008749183594988219
0.0009239713473457867
0.00086776024079388
0.0008610658013441519
0.0008546584706873861
0.00084844312286525
0.0008423556236649699
0.0008363653968999074
0.0008304498885399747
0.0008123387644219937
0.001094678691830664
0.0008034407504953212
0.0007988358087001046
0.000794660565322125
0.0007796547060758829
0.0008012741019426395
0.0007735143269551048
0.0007674830233614927
0.0007615705372921999
0.000755792231633079
0.0007501465954231623
0.0007446720668509155
0.0007393499459289465
0.0007342387616193768
0.000729321361818247
0.0007246797942375149
0.0007202798385868014
0.0007162396035804708
0.0007125059340807871
0.0007092690101165866
0.00070641903655555
0.0006913054967956356
0.0006882961862483272
0.0006790365804181242
0.0007071001858308112
0.0006734463716218109
0.0006688947976269399
0.0006647048744228834
0.0006606563801445087
0.0006486440096353796
0.0008079500937882012
0.0006419594382054417
0.0006384163891870465
0.0006352020914853762
0.0006237746369027741
0.0006444858823234645
0.0006190979205434877
0.0006144585712322681
0.0006098703364409985
0.0006053200119826574
0.0006008190965270943
0.0005963542830235147
0.0005919381847624416
0.0005875596789703952
0.000583228245139511
0.0005789318750000216
0.0005746806549989936
0.0005704654177838275
0.000566293414632657
0.0005621591803424142
0.000558066419273473
0.0005540092465912694
0.0005499926191792626
0.0005460085588034902
0.0005420659650766657
0.0005381586206683053
0.0005342884388093161
0.0005304539720271118
0.0005266557496274027
0.0005228929631365675
0.0005191657957075435
0.0005154722850895244
0.0005118118943050476
0.0005081851832536843
0.0005045925210552804
0.0005010330076397063
0.0004975071411220666
0.000494013938134974
0.0004905520999595181
0.00048712145803542217
0.00048372375611471785
0.0004803551648510651
0.0004770216000366534
0.00047371263401640995
0.0004704378377492491
0.0004671913105306347
0.0004639777040770232
0.0004607888868988219
0.00045763211978810947
0.0004545036459919771
0.00045140426308865056
0.00044833105071129253
0.00044528688294587226
0.0004422706236870688
0.0004392806704944796
0.00043631883924122317
0.0004333852859481624
0.00043047420852793117
0.00042759462650415747
0.00042473587190594575
0.00042190805567565715
0.0004191013296729329
0.0004163235640647911
0.0004135680997647828
0.00041083914563055934
0.00040813420730551053
0.00040545284808440885
0.0004027963740501628
0.0004001645148037358
0.00039755542680552924
0.00039497208915811877
0.00039240870927792493
0.0003898706686943365
0.00038735342090101543
0.00037986210743412574
0.0005596708842713349
0.000376009223670315
0.0003743603697351494
0.00037284982464852456
0.00036713014638967145
0.0003662776154180758
0.0005335561917427789
0.0003584415967733401
0.0003571636247547971
0.00035322294496664686
0.0003648942510122155
0.00035084508077165566
0.00034889526274739513
0.0003471015052655124
0.0003453661845718159
0.0003436611751727048
0.0003375013005130212
0.0003563832112681853
0.0003354213219229907
0.00033338233879393053
0.00033137663395843564
0.0003294065099096466
0.00032746121140730944
0.00032554459588712836
0.00032365081717222743
0.0003217789820557093
0.0003199270717172964
0.00031809568286217393
0.0003162806713448152
0.0003144858773678205
0.00031270766925606264
0.0003109458526766584
0.00030919821060615416
0.0003039864008236304
0.0004151890886800458
0.00030129397750811027
0.0003000828661849364
0.00029897689320018683
0.00029482981309369993
0.00029532075500826593
0.00029293283279063775
0.00029283449487815805
0.0002910572311703441
0.0002896511478500674
0.00028837066250836374
0.00028713041957484364
0.0002828076996448936
0.0003004394165745383
0.00028117211143530163
0.0002796960233426571
0.0002783050325930181
0.0002769602239531821
0.00027564007572056237
0.00027434191901265503
0.0002700419527935094
0.0003094107801708823
0.0002683138277711494
0.0002671312901396661
0.0002660621711205735
0.00026501887129637414
0.00026113181887688075
0.00026489503169468964
0.0002596811924485687
0.00025859165458108624
0.0002582760830144304
0.0002566677638863313
0.00025569298529415363
0.0002548087088835582
0.0002516003810429379
0.00025531238586951055
0.00025028126963755337
0.0002490253424789479
0.00024785805335081346
0.0002468148700305317
0.00024593610035794633
0.0002452957632491648
0.00024498337672934634
0.0002422382902488307
0.0002415037365198769
0.0002408112046540789
0.00023807847369283763
0.00022768936698441822
0.00038800153098283996
0.00022657877195814136
0.0002255159796140105
0.00022448496051596933
0.00022347890883406274
0.00022249391604273194
0.00022152358734472966
0.00022056342916298988
0.0002196152372606619
0.00021867756286486628
0.00021575163891651705
0.0002614130918643376
0.00021439493498776052
0.00021367614059164541
0.00021302426122993268
0.00021070383206256427
0.0002148537251075444
0.00020975290048858009
0.0002088096051899857
0.0002078747021675431
0.00020694878403620942
0.00020603032406812938
0.00020512033324793233
0.00020421802580411486
0.0002033228876399118
0.0002024373558919823
0.0002015597056683749
0.00020068744305234976
0.00019982566454690431
0.00019896898395344031
0.000198120822951231
0.000197279894451452
0.00019644576240157585
0.00019562053167648807
0.00019480094077595211
0.00019398894087607754
0.00019318422523084688
0.0001923861428810847
0.0001915955593584373
0.0001908112892307079
0.0001900345871223008
0.00018926433596677672
0.00018850022722027848
0.0001877428640505996
0.00018699259375609678
0.0001862485983224471
0.0001855105713893801
0.00018477921757253934
0.0001840551932411616
0.0001833367259334029
0.00018262392388934678
0.00018191687002189205
0.00018121662541792372
0.00018052222029618648
0.0001798337566165653
0.00017915160788206652
0.0001784754723912485
0.0001778045740243317
0.00017713935551433302
0.0001764806773276728
0.00017582687615336212
0.00017517749475048916
0.00017453566204783666
0.00017389828738123558
0.00017326744846341002
0.00017264063939076424
0.00017202141011629646
0.00017140454305619723
0.00017079374488271348
0.00017018802744372952
0.0001695885298245159
0.00016899322400859562
0.00016840325679423618
0.00016781850754998828
0.00016723876641500102
0.00016666342630461406
0.00016609365238634544
0.00016552742660658204
0.00016496707910795827
0.00016441043944592781
0.00016386017932162877
0.0001633127784216315
0.00016277016154253587
0.00016223364960521458
0.00016169953312639151
0.000161171248052705
0.0001606470305384744
0.0001601279992342608
0.00015961305479306187
0.0001591010326602582
0.00015859523063721515
0.00015809204018157885
0.00015759378227042653
0.00015709963702958962
0.00015660957243157636
0.00015612359532179987
0.0001556418681749605
0.00015516472514293111
0.00015469082938274203
0.00015422057218816843
0.0001537541522145247
0.0001532926257956646
0.00015283360418733016
0.00015237954894831152
0.00015192799448954242
0.0001514810243119502
0.00015103847959485606
0.0001505978622081683
0.00015016211364560217
0.00014972936654217284
0.0001493002422012224
0.0001488754841727502
0.00014845336516922103
0.00014803572483690353
0.00014761973200233536
0.00014720918285576756
0.00014680118992904667
0.00014639549874129187
0.0001459936716425858
0.00014559559456284177
0.00014520072435469933
0.00014480930729615649
0.00014364837147412546
0.00017264921871429362
0.00014304110074120358
0.00014278530947875456
0.0001425516499560242
0.00014166005041171825
0.00013883508961964885
0.0006451350817016643
0.00013783757678692554
0.0001376443495108015
0.00013746016222238033
0.0001367299028889879
0.00013391109776694776
0.00012424686640366556
0.0068078091981129685
0.0001233636065963717
0.00012324476279251817
0.0001228355533048342
0.00012322504981010507
0.00012262129177892378
0.0001224090739924133
0.00012219681142366934
0.00012198744444558152
0.00012178001562945795
0.00012157314798921792
0.00012136848546184797
0.00012116543066720276
0.00012096406248496283
0.00012076388863718757
0.00012056556600370527
0.00012036859349684459
0.00012017304618250346
0.00011997947356467975
0.00011978794839073714
0.0001195963159983382
0.00011940733799342684
0.0001192193689937282
0.00011903223518161532
0.00011884702643316647
0.00011866371098834261
0.0001184810613715781
0.00011830058277684241
0.00011812060102039945
0.00011794283393395943
0.00011776592416140597
0.0001175905218096518
0.00011741615671212458
0.00011724337891139136
0.0001170719504758333
0.00011690168740641216
0.00011673214903801243
0.00011656529459558307
0.00011639808679403396
0.00011623345572275845
0.00011606881118864099
0.0001159065099261003
0.00011574453629065173
0.00011558445327974898
0.00011542560320598749
0.00011526702028386016
0.00011510977520201582
0.00011495458774557488
0.0001147998349271262
0.00011464661153293143
0.0001144945155136523
0.00011434362672713139
0.00011419298401532663
0.00011404457740271656
0.000113896202594721
0.00011374955020804212
0.00011360372160051924
0.00011345932711348539
0.00011331501242428654
0.00011317320835635414
0.00011303126142558906
0.00011289043550755107
0.00011275158074985914
0.0001126125881301121
0.00011247502886829741
0.00011233833711016272
0.00011220343958917578
0.00011206824931903059
0.00011193477213927716
0.0001118023527705847
0.0001116704429378057
0.00011153940252855987
0.00011141010390125494
0.00011128060439941079
0.00011115272775197305
0.00011102608963686755
0.00011089956899429376
0.00011077393403946534
0.00011064964153439938
0.00011052615763512685
0.00011040337339979223
0.00011028155122738692
0.00011016057341584062
0.00011004028224037565
0.00010992127717690536
0.00010980252264336521
0.00010968557050838879
0.00010956849685356262
0.00010945198670941902
0.00010933727703676954
0.00010922283482167616
0.0001091091219153073
0.00010899610103165536
0.00010888388796970183
0.00010877299379125072
0.00010866188465241677
0.00010855232869300124
0.00010844374576091109
0.00010833481673644396
0.00010822732770698895
0.00010812094658774196
0.00010801424962941786
0.00010790912514796469
0.00010780422385620048
0.00010770081906397166
0.00010759707113738859
0.00010749457486813885
0.00010739263491166273
0.0001072917349778102
0.00010719116689955621
0.00010709178633533378
0.000106796556694988
0.00011433566116547667
0.00010663978141750574
0.00010657409807035556
0.00010651400611916273
0.00010628482977059761
0.00010554892992081788
0.00023188802011997467
0.00010529711462192726
0.00010524632746694573
0.00010519729950020373
0.00010500436854748996
0.00010425638815164673
0.00010166718422616183
0.002244995836075847
0.00010139003534093138
0.00010135585178083772
0.00010123805854705958
0.00010135199297384156
0.00010117546118698639
0.00010111349785313362
0.0001010520095205969
0.00010099114969025491
0.00010092983996012883
0.00010086927474795004
0.00010080933706163586
0.00010074941778903668
0.0001006901091692991
0.00010063102087837228
0.00010057238699789917
0.00010051425910101441
0.00010045592748186838
0.00010039864084876449
0.00010034082182475146
0.00010028393135219638
0.00010022764233968973
0.00010017135797246723
0.00010011501796802769
0.00010005970694898503
0.0001000039032326705
9.994928923984236e-5
9.989432955703759e-5
9.983986164707748e-5
9.978564669110845e-5
9.973207811542206e-5
9.967819633199815e-5
9.962513098310533e-5
9.957239592778278e-5
9.951964112242528e-5
9.946726821097318e-5
9.941524549261782e-5
9.936387893072496e-5
9.931215055702936e-5
9.926092057310765e-5
9.920988589473545e-5
9.915929611536978e-5
9.910913292354717e-5
9.905922045350124e-5
9.90093120270541e-5
9.89596864071629e-5
9.891052047711346e-5
9.886121215541e-5
9.881279839152324e-5
9.876432568456384e-5
9.871568146946341e-5
9.866780673800646e-5
9.861994443782773e-5
9.85725463945597e-5
9.852518419950496e-5
9.847826432896056e-5
9.84315091979715e-5
9.838489080643553e-5
9.833760110022904e-5
9.829264563016027e-5
9.824683236425713e-5
9.820157564177645e-5
9.815490447895314e-5
9.811089714539811e-5
9.806508506599032e-5
9.802129796765424e-5
9.797572572733948e-5
9.7932711311699e-5
9.788764964113739e-5
9.784486279862392e-5
9.780044463725268e-5
9.775837264525133e-5
9.771404101804881e-5
9.767233968960287e-5
9.76283424956037e-5
9.758570632750763e-5
9.754359561586767e-5
9.750155687771045e-5
9.745974432717741e-5
9.741790283557261e-5
9.729555137855117e-5
0.00010040006470174445
9.722895567432221e-5
9.720114864242291e-5
9.71755629309845e-5
9.707836444783347e-5
9.676836850769366e-5
0.00015454577755624754
9.665546048220897e-5
9.663330481102239e-5
9.661218357359669e-5
9.652871759346926e-5
9.620199426718656e-5
9.502929801435966e-5
0.0008618083223990713
9.492345977146766e-5
9.490622124136427e-5
9.485260117891858e-5
9.500600091866263e-5
9.482063140697772e-5
9.479368364045948e-5
9.47689055958989e-5
9.474469189207912e-5
9.472086551765013e-5
9.463532749487413e-5
9.494124350828415e-5
9.460542171529918e-5
9.45770381202693e-5
9.454903054384456e-5
9.452174726359841e-5
9.449487062707096e-5
9.44682604867575e-5
9.444158805238523e-5
9.441535327836537e-5
9.438915977727502e-5
9.430945850585903e-5
9.572915963734774e-5
9.42695521516379e-5
9.424941828717337e-5
9.423122491375446e-5
9.416438097026303e-5
9.422539613074266e-5
9.41362916476729e-5
9.41113003078975e-5
9.40917237205463e-5
9.408214743578114e-5
9.408779674024981e-5
9.401708682860166e-5
9.400064222919724e-5
9.398513557934418e-5
9.392406492070293e-5
9.369041115042664e-5
9.29244637569715e-5
0.0017038623358917593
9.273643608187498e-5
9.272453491199206e-5
9.268051436339686e-5
9.267133123658233e-5
9.344526559640354e-5
9.260843318337209e-5
9.259545930812019e-5
9.258330528427727e-5
9.253428750155557e-5
9.234273484781674e-5
9.164881300882666e-5
0.0006389998918874262
9.157491020572728e-5
9.156514677066685e-5
9.153070378131734e-5
9.160617539066829e-5
9.151003820595527e-5
9.149307040784427e-5
9.147614455295994e-5
9.14588224723012e-5
9.144268430361091e-5
9.142661432837151e-5
9.1373033107911e-5
9.180140775078005e-5
9.135114716463111e-5
9.133530281935087e-5
9.132184039462032e-5
9.130684346903006e-5
9.125811389271155e-5
9.144970091168325e-5
9.123834165347677e-5
9.122187115601088e-5
9.120495467096479e-5
9.118863956691925e-5
9.117155762561335e-5
9.115645682411522e-5
9.113982424285849e-5
9.108641747290758e-5
9.156867019793902e-5
9.106651114282327e-5
9.105076541904289e-5
9.103724200609786e-5
9.102407888061936e-5
9.097561188498027e-5
9.106481872733774e-5
9.09577929227301e-5
9.094035604195749e-5
9.092301882152043e-5
9.090632714908731e-5
9.089008188278846e-5
9.087454493439395e-5
9.085974770478566e-5
9.084601702552542e-5
9.083424360623038e-5
9.082250441844186e-5
9.081410939026924e-5
9.080667245420226e-5
9.075822357434982e-5
9.074837334099861e-5
9.071879657823745e-5
9.082690339279331e-5
9.069980018611146e-5
9.068522319122252e-5
9.067172973087345e-5
9.065956486531412e-5
9.061397205784028e-5
9.086515695500008e-5
9.059579976922194e-5
9.058094643565884e-5
9.056709408361563e-5
9.055373061206407e-5
9.05128764803198e-5
9.10021858567811e-5
9.049101520158809e-5
9.04786204737329e-5
9.046731788536766e-5
9.042807013959209e-5
9.055016642167679e-5
9.041123121866779e-5
9.039556034112772e-5
9.038063064614743e-5
9.036603451517689e-5
9.035169229926199e-5
9.033739147940034e-5
9.029442377717078e-5
9.100055430749654e-5
9.027157516400264e-5
9.025988859989731e-5
9.024924634465359e-5
9.0210557798176e-5
9.025516308408532e-5
9.019431909840225e-5
9.017891336404738e-5
9.016457985955295e-5
9.01524859631131e-5
9.014107728833043e-5
9.0133634067735e-5
9.013115846961961e-5
9.009297568607355e-5
9.008369876373212e-5
9.00747596479512e-5
9.0039465808045e-5
8.990221644628038e-5
8.941300205245195e-5
0.0006693182619545435
8.934047870423623e-5
8.933276908995591e-5
8.930583660937685e-5
8.932357140861713e-5
8.929147417768846e-5
8.927745931153197e-5
8.926343985793395e-5
8.924997049936101e-5
8.923666895699345e-5
8.9223981810993e-5
8.921158158459175e-5
8.920005341006565e-5
8.918901635551757e-5
8.917933829538649e-5
8.917037580924436e-5
8.916330714053844e-5
8.913095456403175e-5
8.912283519396658e-5
8.911509289399877e-5
8.908424130371628e-5
8.896326905338814e-5
8.851412892579846e-5
0.00039531755050642436
8.847189501315356e-5
8.846458737293839e-5
8.844212489156345e-5
8.851102176743453e-5
8.842827332233849e-5
8.841689879923731e-5
8.840634433993078e-5
8.839608702182478e-5
8.838589831372534e-5
8.834897750820137e-5
8.846351681945919e-5
8.833631304905332e-5
8.832368130873292e-5
8.83112286723664e-5
8.829886037103885e-5
8.828663796123237e-5
8.827437865116528e-5
8.826228872871322e-5
8.825015836744221e-5
8.823813738417785e-5
8.822614364606407e-5
8.82141746234022e-5
8.820222626210183e-5
8.819034424578653e-5
8.81784448519829e-5
8.816661522270675e-5
8.81316242169472e-5
8.8946831456993e-5
8.811229231053819e-5
8.810386088342614e-5
8.809608916027223e-5
8.806655711357525e-5
8.79730863546091e-5
0.00010740818098092797
8.793601957596264e-5
8.792908224314333e-5
8.790847669792878e-5
8.799128638525833e-5
8.789496094468996e-5
8.788478832788549e-5
8.787552537481425e-5
8.786646367542339e-5
8.783422396618779e-5
8.794366456810199e-5
8.782216126645981e-5
8.781051352402258e-5
8.779931616531567e-5
8.778825354438524e-5
8.777741170584719e-5
8.776658540438076e-5
8.77558656654509e-5
8.774519276294468e-5
8.771153360331851e-5
8.821612012677171e-5
8.769580484535577e-5
8.76870954703568e-5
8.767915415353045e-5
8.765130453414205e-5
8.77175855338308e-5
8.763943248613071e-5
8.76279240384914e-5
8.761650034694313e-5
8.760531740520383e-5
8.75941407421088e-5
8.758313055068356e-5
8.757210083115696e-5
8.756119155728381e-5
8.755027703466478e-5
8.753942064998466e-5
8.752858110394612e-5
8.751779916060798e-5
8.748395335483883e-5
8.805961376318061e-5
8.746800044434622e-5
8.7459661567868e-5
8.7452044613745e-5
8.742468856048902e-5
8.746958714700437e-5
8.741329284067678e-5
8.740183330990803e-5
8.739052177086926e-5
8.737909409728406e-5
8.736785223506516e-5
8.735651299496272e-5
8.734533759613416e-5
8.733404482108575e-5
8.732294463187351e-5
8.731172438980472e-5
8.730070483103924e-5
8.728955369674551e-5
8.727860006252364e-5
8.726755864479907e-5
8.725672321197031e-5
8.72457511713054e-5
8.723500722157551e-5
8.722412766093424e-5
8.721350061591249e-5
8.720274291096342e-5
8.719224945075155e-5
8.718158743936666e-5
8.717122943757705e-5
8.716069411185412e-5
8.715049187690838e-5
8.714010843291486e-5
8.71300802636199e-5
8.71198167772258e-5
8.71099733906755e-5
8.709993073596767e-5
8.709029746756247e-5
8.708044943694926e-5
8.707104469474203e-5
8.706144454867504e-5
8.7052316954217e-5
8.70429687874763e-5
8.703413071270427e-5
8.702504998236993e-5
8.701655752141324e-5
8.700783021015068e-5
8.69997123250088e-5
8.69627538924167e-5
8.695678253339834e-5
8.69368965543682e-5
8.696692732523825e-5
8.692601490989382e-5
8.691539869853937e-5
8.690515618864358e-5
8.689502440439867e-5
8.68850560291623e-5
8.687512719851576e-5
8.686529259138709e-5
8.685548146447619e-5
8.684571414430131e-5
8.681468997939756e-5
8.727279906217689e-5
8.680048906578586e-5
8.679254356735999e-5
8.678530233258153e-5
8.676020166092924e-5
8.683391750385905e-5
8.674943052611184e-5
8.67392126761013e-5
8.672941516341126e-5
8.671978878793674e-5
8.671032995688499e-5
8.67009099437821e-5
8.669157023999396e-5
8.666245538180295e-5
8.709807471357633e-5
8.66482273730873e-5
8.664050003337476e-5
8.663344529791228e-5
8.660853246411637e-5
8.666529299755643e-5
8.659808638750155e-5
8.658772243452795e-5
8.657756829105745e-5
8.656745206353511e-5
8.655747832203575e-5
8.654751819081596e-5
8.653764814570142e-5
8.65277860376823e-5
8.651799287906492e-5
8.650819012612221e-5
8.649845424879565e-5
8.648869849564589e-5
8.647899912528345e-5
8.6448900957381e-5
8.699886583768413e-5
8.643429470356345e-5
8.64269413437535e-5
8.642021505955721e-5
8.639562942636125e-5
8.642273005909917e-5
8.638533783389413e-5
8.63755173879377e-5
8.63666805424046e-5
8.635893042235887e-5
8.63533680088846e-5
8.635049427907493e-5
8.633120629802926e-5
8.632497957178353e-5
8.631911914291912e-5
8.629594465492385e-5
8.620743912757245e-5
8.592096146625705e-5
0.0008983000930203877
8.582919642569076e-5
8.582417950547816e-5
8.580549259618042e-5
8.579882494980096e-5
8.608023732231684e-5
8.577462215664244e-5
8.576892336742414e-5
8.576352036010482e-5
8.574204509542716e-5
8.565833518037191e-5
8.535892600181061e-5
0.00047617182369824596
8.531062351518903e-5
8.530569114828523e-5
8.528858343548329e-5
8.530086314934016e-5
8.527898224475194e-5
8.527041572020666e-5
8.526100607836318e-5
8.525261641467718e-5
8.524342913013294e-5
8.523531553117358e-5
8.522649263692506e-5
8.52187221874745e-5
8.521031998864892e-5
8.5203038641124e-5
8.519526383354847e-5
8.518866398632419e-5
8.518172307114824e-5
8.517607216462775e-5
8.517030228183398e-5
8.516597443569696e-5
8.513944539867424e-5
8.513447078145608e-5
8.511839600777726e-5
8.5155757093891e-5
8.510954994744857e-5
8.510079906742796e-5
8.509293349634461e-5
8.508540280993682e-5
8.507789902839624e-5
8.505512573714347e-5
8.53569422517575e-5
8.504298025463486e-5
8.503627723466245e-5
8.503021499761676e-5
8.500931104404863e-5
8.507583446754063e-5
8.50001360697128e-5
8.499181924481736e-5
8.498376403154317e-5
8.497592932171782e-5
8.49681903554167e-5
8.496053498152634e-5
8.493683910448802e-5
8.528734737317523e-5
8.492486693878476e-5
8.491842716062958e-5
8.491255313081147e-5
8.489155086488509e-5
8.493308816071021e-5
8.488281787089047e-5
8.487403503837365e-5
8.486535943058593e-5
8.485663363544393e-5
8.484800480923482e-5
8.483934946912353e-5
8.48307523743097e-5
8.482212221233576e-5
8.48135924566562e-5
8.480501512764249e-5
8.479648892983915e-5
8.478793591659706e-5
8.477944339513321e-5
8.477092518588414e-5
8.476246103794605e-5
8.475397529522644e-5
8.474549206433091e-5
8.47370510681511e-5
8.47286081081533e-5
8.472015740068617e-5
8.471177981150824e-5
8.470336902138831e-5
8.469496630186812e-5
8.468656503213268e-5
8.46781932147822e-5
8.466982213106711e-5
8.466144953478416e-5
8.463681567749681e-5
8.525736507081216e-5
8.462315658486208e-5
8.461733399423021e-5
8.46120152411256e-5
8.459154665341195e-5
8.45247596669152e-5
9.620068805743509e-5
8.45015858303988e-5
8.449663702414512e-5
8.449194664872373e-5
8.447320780191614e-5
8.439951298133685e-5
8.412596400608763e-5
0.000307018871599507
8.409621797700328e-5
8.409167577155818e-5
8.407718705377709e-5
8.411033622923725e-5
8.406867411336894e-5
8.406114876113868e-5
8.40539655432293e-5
8.404702031811206e-5
8.404014233265311e-5
8.40332923119913e-5
8.400955280962741e-5
8.41578483127825e-5
8.4000877576762e-5
8.39937232960386e-5
8.398699391926057e-5
8.398049530156104e-5
8.397407547861002e-5
8.39508915321252e-5
8.403627638486899e-5
8.394279595269616e-5
8.393494060332518e-5
8.392736424489566e-5
8.3919839194313e-5
8.391249157474467e-5
8.390515342526772e-5
8.389786356288731e-5
8.389058496838242e-5
8.388330645309194e-5
8.385958005607819e-5
8.415146939855234e-5
8.384964608698642e-5
8.384348677670239e-5
8.383787316068592e-5
8.381971129545196e-5
8.392598933298911e-5
8.381088795844649e-5
8.38041634065867e-5
8.379801648406016e-5
8.37920329468389e-5
8.377082054084051e-5
8.385075254713215e-5
8.376279645883056e-5
8.375524047921079e-5
8.374800330812615e-5
8.37409030273184e-5
8.373391121319074e-5
8.372699578373943e-5
8.372012134150175e-5
