-0.5993371355440256
-0.9434244284972775
-0.9564476194206117
0.05597718885926476
-2.708038810455101
-0.90620610171999
-5.661163780714257
-36.33952819955693
-23.92627673986565
2.751597916233759
-32.46028410080808
34.84723750073965
0.7178851654848529
-1.6578023373558195
1.4397147779280863
-0.1375295543286493
0.49570160505235333
0.09887026855457333
0.02693264976944635
-0.4786503589682102
-0.31759115782148195
0.3272219717699396
0.004859891463559504
-0.12202512212002554
-0.028637058270954474
-0.006930378011134233
-0.0034823124941921833
0.007218627970999315
0.008048525024614736
0.013731803794871848
0.017186939613651284
0.01328498944584825
-0.000757597722512021
-0.0031991411907888005
-0.012878617661208895
-0.010564325025591369
0.0007781954364915913
-0.0035580009937850863
-0.0015783691319795445
0.012582627579666937
0.008388912351709141
-0.0035413501099250335
0.002221918281159533
-0.018442009800038274
-0.0016778516129842375
-9.501401728434016e-5
0.010336524511923361
0.004073257316151741
0.003440456017692008
-0.003518056613593047
-0.003148670715600265
-0.0016354671344479303
-0.0005703402062059023
-0.0010514759472417872
-0.0002448736763725855
0.004011623442978481
0.0014268746557040068
0.000155132225273671
-0.0011134119752154873
-0.0002864306951915103
-0.0002154563647007157
0.00014391564573204525
6.293634782782899e-6
-0.00043022924908007955
0.00010040520979659097
7.847749924096992e-5
-8.365558080389487e-5
0.0006364916582625614
0.001588005729818635
0.004533010782851078
0.0061934156898941104
0.006455980377978822
0.006216409684072024
0.006197595695075287
0.00803442166915337
0.012701973710711734
0.018325407547111646
0.024738907039056363
0.03476901961654705
0.05181413391848243
0.06936309024007135
0.06394541679130933
0.04271712593002502
0.02482634117915822
0.00610731885997606
-0.029957602109165968
0.0007561903071863349
-0.019557473684772304
-0.001532359183767507
0.0002412964346118619
-0.0009370845967077939
4.91058788479004e-5
-0.0006049525818661013
-3.496470283363272e-5
8.460219269852618e-6
-1.8934638898381352e-5
9.718786229728024e-7
-3.767935772206496e-6
3.5100764794136316e-6
-2.41044718798672e-7
3.787997554841687e-6
3.376409675707528e-6
-2.41044718798672e-7
0.0062642227768590466
0.004992977656518752
-0.007182566515359924
-0.001052897439904969
0.02916226596596747
0.007224690626842677
0.005712053143512689
-0.013739866389047178
-0.0033536513690089267
0.013010320313118908
0.00681607890098718
-0.04849636249216526
-0.00257715587780458
0.0012129227489822499
-0.0005481705736255205
-1.140003467681112e-5
0.0019838641242377678
0.002248994007991659
0.0016234628599784552
0.00025839754307934804
0.0012382207397254117
0.007085945867788083
0.00951725189193153
0.0046355059322366185
0.00034803747470638703
-0.007432629279894863
-0.0011446219961639232
-0.00014458590980445326
-0.00013922793390917172
0.00016829464894935268
-9.483403907284106e-6
0.00018087842254789805
-7.517182707783016e-5
-0.0001724109905559318
-0.0004034130518531871
-0.0004784353161491555
-0.00031452002626464914
6.355141542479938e-5
-0.0002701868306762121
-0.0002353811075380049
-9.666461301599273e-5
0.00018858481290430005
-4.688335517240998e-5
-0.0014954567283728788
-0.0005687772842283926
0.0030011161933803454
-0.00016251413878488267
-0.000781785569907085
-0.00044217634086204103
0.00015173466642130358
-0.0008232744708065847
-0.0006585866563720377
-0.0003675023979091725
0.0004035558238621097
0.00013325813024970892
-0.003125639149592889
-0.0010516527778070134
0.006913617293982783
0.006597292190126896
0.006019531510995277
0.007052326110046982
0.013252886966559822
0.019784107834866293
0.025535879927439758
0.027073615356879827
0.026804314463120208
0.02499165311555513
0.019573217332633376
0.005355264730842098
-0.02979490621202592
0.0013759385886772345
-0.019362618674185365
-0.0005731695483372174
0.0007573295295124164
0.00020663042197143538
-0.00031113640239567754
9.462470144075744e-5
-0.00018290470298321917
4.509668481328848e-5
-2.9560521660071244e-5
1.0045414780361483e-5
-1.0524774434779174e-5
1.08720747671869e-5
6.7611288906935065e-6
8.296746245310815e-6
6.816910449712562e-6
6.7611288906935065e-6
-0.10798180732992094
-0.009920357022341878
-0.0010182818281706627
-0.00010155603852963574
1.6676827351956744e-6
-6.956762681752447e-5
-1.178561419349848e-5
-1.156177683244955e-6
-5.538453120428988e-6
7.132997295032369e-7
-2.1257625203991376e-6
2.0401079131221608e-6
7.132997295032369e-7
-0.234687891289391
-0.01992331855650694
-0.002226536353237666
-0.0002607469003630234
-3.2239880106553304e-5
-5.047945730711666e-6
-1.812715103067519e-6
-5.440893454121529e-6
1.5249417391904061e-6
7.132997295032369e-7
