0.9998680205089603
0.999870181335538
0.9998785761698963
0.9999083769740323
0.9999811771455224
0.9999893114468527
0.9999618978249529
0.9999923606221206
0.999992783216329
0.9999925346428757
0.9999924252481146
0.9999924454522231
0.9999924304435781
0.9999924277533216
0.9999924299170436
0.9999924302649315
0.9999924303492621
0.9999924302800189
0.9999924302692829
0.9999924302702661
0.9999924302693394
0.9999924302715903
0.9999924302710143
0.9999778739774647
0.9999928141435592
0.9999925432974802
0.999992449871723
0.99999243349196
0.9999924307917859
0.999992430351988
0.9999924302866227
0.9999924302712575
0.9999924302722313
0.999992430268559
0.9999924302691656
0.9999924302683222
0.9999924302690766
0.9999924302691656
0.9999924302678872
0.9999924302691656
0.99999243027166
0.9999924302691656
0.9999924302708024
0.9999924302691656
0.9999924302679598
0.9999924302691656
0.9999924302673592
0.9999924302691656
0.9999924302673592
0.9999924302691656
0.9999924302673603
0.9999924302691656
0.9999924302691651
0.9999924302691656
0.9999924302691637
0.9999924302691656
0.9999924302691653
0.9999924302691656
0.9999924302691651
0.9999924302691656
0.9999778739821417
0.9999928141464656
0.9999925432988436
0.9999924498713455
0.9999924334910306
0.999992430789469
0.9999924303540232
0.9999924302844228
0.9999924302765849
0.9999924302683529
