-0.5993371355440256
-0.9434244284972775
-0.9564476194206117
-0.400311486932264
-1.1093999331461235
1.8894018832433763
-3.0563511983700034
-3.8321037608028985
-2.923722672889493
1.0133755484141083
0.011317745144894784
-5.120799494361563
-6.390294723309798
-5.133414812900544
-6.835786886045702
-3.7166356344523193
-6.48682913055085
2.0965824213608193
-6.12491768625117
-6.634208949717285
-6.4514187184230956
-5.240168386196873
-4.593797620383051
-7.323143996168128
-4.733869888038684
-7.495847567611488
-3.504043252019956
-7.694247667590788
-0.8880519672088395
-5.891256965519235
-6.1534115170858215
-6.976113269004209
6.912681035505
-5.007013900117942
-6.189392917127418
-5.364163469125638
-5.785161462877247
-5.379286950179085
-3.365743581647834
-5.022657979664816
-5.581994671915316
-4.881728440961916
-5.019740326549899
-5.509682665299366
2.926031949608811
-3.634526874062858
-5.374898144758896
-3.3250915991130032
-5.290709026760376
-2.9417241360402784
-5.266983697195609
-2.4622828803147767
-5.316847640928755
-1.8517675500378072
-5.452627270011929
-1.0634270586149892
-5.6767448825249645
-3.8447082154368406
-3.514402507128864
-3.495756210123908
-3.419194498457461
-3.085170628043654
16.552837227010343
-2.1680872420947135
-2.6080853705014904
-2.2912389160821847
-2.39578103536676
-2.7914490199541446
3.662686480325988
-1.8572439529383458
-2.1804858421268016
-2.0005359758757613
-1.2511953706806602
-4.690780612648878
-2.1330253067779634
-1.7024260834275922
-1.8441171202982847
-1.7339483927002621
-1.2839509109315654
-3.3332564964162255
-1.9663235276111048
-1.0633033109577845
-2.0222842170688797
-0.7931560019511507
-2.136561230846363
-0.45025046225741466
-2.32656959407546
-1.4666222495399188
-1.314444076410597
-1.3112016972063212
-1.2980730809988368
-1.242499198619343
9.068051130406435
-0.8211222393649551
-0.9070154734977078
-0.8670495911123968
-0.7062988847918994
-1.2868158116206894
2.6173477524600566
-0.7426335972428407
-0.7245763159248193
-0.6522624337931968
-0.3610245612621168
-3.129162026975579
-0.6347761869562092
-0.4113862681872514
-0.5550076308903666
-0.42819188342228937
-0.501310037921633
-0.42729922494267414
-0.462275358907546
-0.6003726065488656
1.334740389419155
-0.3821183342659916
-0.3863314794733602
-0.4030831428507077
-0.4688965774317527
4.887887879430039
-0.2613422148114558
-0.25831070166263803
-0.24617268015743313
-0.19765547259987093
0.32849426742918875
-0.02540377299017065
-0.8844688697551175
-0.20019652200070995
-0.12911682367207428
-0.15088465172114826
-0.23739348790775436
0.5451400988373072
-0.14208672818563775
-0.12708458241058498
-0.06693258057356331
-0.2703783605257913
0.46135177230992336
-0.14494347015354375
-0.11309893465590204
-0.10419641396001818
-0.06853592173005112
-0.1625547094290185
0.13174854629749597
-0.08759993992730637
-0.08393479973088327
-0.06927068797145837
-0.010597636168592014
-0.6903149028480706
-0.13274432463022115
0.20281439475255494
-0.07144923236210121
-0.04992175781182245
-0.04200797753025603
-0.010312994838039902
-0.0866061366408127
0.10418820317465252
-0.0438790881323895
-0.03221580858174652
0.014533215432864711
-0.9559265298700498
-0.14716519221383625
-0.05022642984590072
-0.04387710611144238
-0.018442532401439653
-0.022707040143512307
-0.03972792790789374
-0.1073398615539953
3.0759970827643612
-0.004665470104969648
0.006683630984310527
-0.19933809297227437
-0.051038191508554306
-0.0361364692070323
-0.024890930764208452
-0.01639096004374074
0.017667416907754713
-0.005686700417374944
0.0029591850812043055
-0.12399378265238464
-0.03564214050552328
-0.02783916314832522
0.00342731558316791
-0.017865892215401902
-0.006862350885747235
-1.3189466645802818e-5
0.027428722312246332
0.004633998783109791
-0.14242102731306483
-0.03924064263009173
-0.029466331155365164
-0.021548060154349395
0.010177014577829635
-0.006016212313882433
0.004266399143103495
-0.12419665341155373
-0.03501706322535741
-0.026752735200388383
0.006360920417723708
-0.016420120843075564
-0.004988641999858059
0.0020803757921003295
-0.08480719585811128
-0.025611041609515637
-0.02075802487590392
-0.0013194515542420673
0.008131109870209076
0.0011951681666752712
-0.03539265338011872
-0.011793574704317425
-0.010277639888981607
-0.004211730019956614
0.020083925519164287
-0.00020930551655788673
0.006323970391747779
0.001275110843491315
0.00020934740239569085
-0.006114615267284871
-0.00552474605377104
-0.0031665138380767874
0.006277464171364801
-0.0002440806464563088
0.004105103687394684
0.00047147980327574216
-1.4089685636726226e-5
0.0003102592324902919
3.835082326305006e-5
-1.0749564962626196e-6
2.4280920469121552e-5
6.6593374260981465e-6
2.4850250490482792e-6
7.960497214764676e-7
2.846029660825239e-6
2.2804406842296455e-6
3.3694519243664842e-6
2.2804406842296455e-6
-0.06527331643556498
-0.020436915334758457
-0.007003085944128696
-0.0063116047316502085
-0.0035500298052407817
0.00750581960540664
-0.000431994288750263
0.004859681197261556
0.000435220667519078
-1.7650827926488833e-5
0.0002852164625503602
2.7984648155563755e-5
2.775605856273799e-6
-6.95820276809776e-6
2.4281145867922946e-7
1.1642551541110422e-6
7.410884873417612e-7
2.7440345626691005e-7
-0.07073647592937234
-0.021892927161673823
-0.007463371462959875
-0.006702255538019419
-0.00365870019159341
0.00852716351809911
-0.000517362095043128
0.0055111235493219375
0.00044683923579918246
-3.8378413129953835e-5
0.00028404497447829483
1.7797301933697973e-5
-1.225629916214212e-5
1.6152048384962571e-6
-6.008302712471386e-6
-3.4181093469775113e-7
9.50673724620921e-7
6.137266840383803e-7
-8.640206671618591e-7
-1.3024010752462115e-6
-7.777165807610677e-7
3.4452096416192085e-7
-1.3024010752462115e-6
0.00504973934740743
0.0010411111886086415
0.0002173654174060932
4.326168264611335e-5
9.067660392073704e-6
1.1145727697052745e-6
