0.9974570225374297
0.9956673550569108
0.9861958284789487
0.9847542851767657
0.9748304725135466
0.9764412710119631
0.9748384178946683
0.9981943199672867
0.9992390895619935
0.9995564337405641
0.9866885573675697
0.9837278820671007
0.9841987532239916
0.9749355683160219
0.974849517059876
0.97320044097655
0.9741299117200996
0.9665015796492884
0.9229293694102269
0.5523447874510974
0.8805357970683102
0.0869812103197749
0.05759800359653722
0.17588420679667666
0.0468116277095853
0.10517294570692703
0.009716928777970146
0.007612735652152813
0.004307130135661197
0.0028127987452165604
0.0021379431873357335
0.0018633986037405181
0.001620224299617501
0.001071290685927151
0.0006286951001167607
0.0005854516765247952
0.000307233200986079
0.00030263281368764217
0.00027675569980201153
0.00026175145631351926
0.00027202828281180924
0.0002459335915999672
0.00015898734389185876
0.00014875565159228055
0.00014559834196337107
0.0001329339067158708
0.0001229621715187479
9.683032416918369e-5
9.230292104567273e-5
9.759784090668244e-5
9.219786515457518e-5
0.00010782226691485874
9.268650098281928e-5
9.233826042531756e-5
9.247284529989575e-5
9.26081618216612e-5
9.249301355729322e-5
9.248237845449481e-5
9.248718387472321e-5
9.249148600226631e-5
9.248765754132915e-5
9.24869773705761e-5
9.248732175520802e-5
9.24869669864381e-5
9.248711300280377e-5
9.248753660751063e-5
9.248711969256362e-5
9.24869669864381e-5
0.00012812595799172044
9.31931655516749e-5
9.251488508749128e-5
9.249058483468131e-5
9.248867734001909e-5
9.248746376905315e-5
9.248708831527397e-5
9.248741537309924e-5
9.248754055696251e-5
9.248694241809075e-5
9.248699143166172e-5
9.24869669864381e-5
