0.9953991846143609
0.9916881033187201
0.9757961914735362
0.998570568050542
0.9721327105069633
0.9902841427317827
0.9829243566642497
0.9803325101753766
0.9717931502860105
0.9719886534963302
0.9519810441798872
0.8154254658636256
0.14169184622670422
0.47662123763917796
0.1379329979685242
0.06049503623804425
0.012568950554381009
0.003203531103218693
0.001958438651015415
0.0016248188405206254
0.0017962381356336765
0.0011938069397751105
0.0006171116362065354
0.00045796470875303363
0.000287289925834433
0.00020090105501269218
0.0001632607851884682
0.00030492771044166034
0.00013935788203084387
0.0001134613809053997
0.00023066612105754336
0.0001063386474104977
0.00011044564364370846
0.00010369112295610661
9.782001495783899e-5
9.009003684790073e-5
8.623313026556723e-5
8.930713585231231e-5
8.467222221186788e-5
8.0980715948753e-5
7.70820076677059e-5
7.294942262087156e-5
7.381694269958938e-5
7.305968302484533e-5
7.298391910171009e-5
7.303900992472467e-5
7.305419939329649e-5
7.305786146216686e-5
7.305828770043377e-5
7.305806561574979e-5
7.305865098117259e-5
7.305890298553441e-5
7.305847663197085e-5
7.305829952303222e-5
7.305842225546755e-5
7.305864668039064e-5
7.305842225546755e-5
8.769222833593382e-5
7.303120389900997e-5
7.297014443374827e-5
7.30383069639795e-5
7.305444756433577e-5
7.305749407443551e-5
7.305805387053388e-5
7.30585511348747e-5
7.305885776909271e-5
7.305867553053513e-5
7.305842037885757e-5
7.099267182575364e-5
6.807489490140428e-5
6.728209277140351e-5
6.419465021778592e-5
6.295756235341621e-5
6.228769170679715e-5
6.198908479737586e-5
6.159805067967872e-5
6.10962729074016e-5
6.049709912625545e-5
6.092955662617694e-5
5.999466363659778e-5
6.071027846477062e-5
6.0889442713873976e-5
6.0922295064769205e-5
6.092849915734222e-5
6.0928564500351e-5
6.092853583283819e-5
6.092851063976834e-5
6.092849915734222e-5
6.0928656570313766e-5
6.092849915734222e-5
5.9739634442168565e-5
6.059965342031237e-5
6.086111817382722e-5
6.0915578615816646e-5
6.092702927612548e-5
6.092843026017647e-5
6.0928497600198916e-5
6.092911615579455e-5
6.0928497600198916e-5
6.0929002209331173e-5
6.0928497600198916e-5
6.0928528997861164e-5
6.0928497600198916e-5
6.0216239763988266e-5
6.0654963409567664e-5
6.08849215168461e-5
6.092226717213656e-5
6.0927735387406035e-5
6.092843171112694e-5
6.092861644813041e-5
