-0.5993371355440256
-0.814780467502437
-1.4224576007888783
1.8569092933011473
-0.3351081508781589
0.7257554030901056
-0.11596310585101713
0.11490643918650828
0.21396776664852
-0.05594014863652222
2.573047512357945
-0.9195751397694977
1.9312698394986987
0.1345018875088708
-0.01790008604901519
0.7742228474840741
0.21070077519391095
0.12946643669435332
-0.39866017453953967
-1.9610207146252332
-9.141945819917124
0.07698595192366392
-1.3100532966241811
-7.062449103682664
-2.1853771321100335
4.508723522570768
-0.06031697056412779
0.36249484436092677
0.09650977244128542
-0.30963374054106274
-0.12772584684640867
0.3807853661380548
0.06637615615059825
0.01490202842416274
-0.23225939466384987
-0.07903578838588866
-0.03161751316429787
0.06822332610278882
0.0022281435636347983
-0.011584971711990452
-0.0017589764203111869
-0.0002845562612571984
0.01314764001264637
0.008865242061272692
-5.14001483687555e-5
0.0036145074045675313
0.0022275383144920685
-0.008657743417710967
-0.0052380533033848636
0.0031666975833570987
-0.001666685651835899
0.012889389884486247
0.0005974554479552174
-0.0006044773805177465
-4.926182576223857e-5
0.0003822703355262257
2.0155220177981783e-5
-1.75935113227129e-5
-3.894705355175893e-7
1.3200447211080473e-5
1.5499384263529176e-6
3.253337915766748e-8
-2.0535261716367523e-7
-2.142986077294972e-8
-8.525532096674404e-9
-6.949494622363424e-8
-2.6563395008103794e-8
-2.142986077294972e-8
0.028530157563662967
0.003744266244870573
0.000542803914789767
7.960754773168528e-5
1.155624769328147e-5
1.7192703256121764e-6
2.503370370860404e-7
8.598356892913597e-10
-4.0142306231035576e-8
7.418965123404824e-8
1.7865341690811168e-8
-2.142986077294972e-8
