0.9974570225374297
0.9950222191492586
0.9839127023870534
0.99851990845572
0.9808432734896424
0.9991905788605641
0.992534031171853
0.9793679747852931
0.9550435228872137
0.7736022551390157
0.539919169911686
0.41037618077807897
0.7026817312744231
0.4791175801612674
0.7600743931715446
0.38732427954026993
0.13142993897246086
0.8927023947861094
0.025839383711643737
0.013228320328958043
0.004467618646962879
0.0036329874493855607
0.00289707480708723
0.001512158663468044
0.0006510693378272148
0.0004291798065544361
0.00020000351668414407
0.00015830759104029646
0.0001465247863421948
0.0001390494934869202
0.00012834516150239672
0.00010568558207835199
0.00010065519412366664
0.00010000224438838634
9.946446847830526e-5
9.983779462230391e-5
9.845094911564711e-5
9.104152657818387e-5
9.037738891021219e-5
8.535308874613179e-5
8.279726660398445e-5
7.59865849410124e-5
7.495807317370318e-5
7.247978137370215e-5
7.102118675150759e-5
6.901572259609967e-5
6.775505808953586e-5
6.585986346419048e-5
6.552159270051261e-5
6.524165626475842e-5
6.385075250731065e-5
6.327623353163947e-5
6.251971771936704e-5
6.145568811988245e-5
5.998187173206215e-5
5.99162575084522e-5
5.9829342653472395e-5
5.986465587703993e-5
5.98559287416367e-5
5.982161471212999e-5
5.975950070902236e-5
5.9699780431521354e-5
5.9609839673346876e-5
5.953434295757898e-5
5.949473321781307e-5
5.951628055206326e-5
5.9473413706101486e-5
5.9445448194805905e-5
5.9302128999294546e-5
5.904691508518134e-5
5.851946947144082e-5
5.780744644534597e-5
5.6759802705197426e-5
5.614512960239182e-5
5.593491996147559e-5
5.410526569304963e-5
5.280437705185159e-5
5.2002181264332314e-5
5.1872232370409055e-5
5.1894613868119777e-5
5.204319003004887e-5
5.192895103889317e-5
5.2445894628661005e-5
5.196129882634182e-5
5.222810352706331e-5
5.197990245986439e-5
5.196963360543094e-5
5.309994167596033e-5
5.20073606474214e-5
5.197324701544659e-5
5.197017262881243e-5
5.197213084218166e-5
5.1970444010673855e-5
5.1970214968277695e-5
5.19702402537181e-5
5.1970152580682605e-5
5.197024452807675e-5
5.197023077285756e-5
5.19702402537181e-5
5.4286495891120445e-5
5.2006192923059746e-5
5.197144437679713e-5
5.197029396797337e-5
5.19701176269205e-5
5.1970149278657285e-5
5.197020424985155e-5
5.197016683011757e-5
5.197023300584913e-5
5.19702402537181e-5
