0.9974570225374297
0.9944963884807866
0.9834014903473236
0.9835245600893616
0.9953358901304376
0.982868352784698
0.8440555523842559
0.15687981715370647
0.855490549860068
0.9707407206294593
0.1372989759552366
0.12748395280661218
0.012581755555844343
0.006636088001193419
0.002404669123957648
0.001568473868774345
0.001472096327557959
0.0015222066198284923
0.0013674931616194375
0.0009397997883801024
0.0009024819655238936
0.0008978103622517275
0.0008768558537557425
0.0008567957821874472
0.0008698820600513968
0.0008742635811927468
0.0008332514853176543
0.0007966265398985928
0.0007611709196450045
0.0006924839908793445
0.0006569722290934998
0.000633398720974232
0.000615631515901216
0.0005987138539711445
0.0005570900047470184
0.0005522816829557353
0.0005498105982405521
0.0005487349228268101
0.0005472278729865554
0.0005435469119275949
0.0005426888017004972
0.0005425037876838346
0.0005421954119512185
0.000542872643786052
0.0005419738487881798
0.000540509208105
0.0005374453344503816
0.0005381918025814114
0.0005367256494619443
0.0005315904308776376
0.0005294955243615451
0.00052308755705055
0.0005129072523750167
0.0005092727565313426
0.0005066607390714073
0.0005054745225563928
0.0005059884269588144
0.0005053501651395287
0.0005050674966534663
0.0005052383759069912
0.000504654756873335
0.0005032899945223157
0.0005023377209728563
0.0005000499351508481
0.0004985130155362172
0.0004974413094520624
0.0004957002074079675
0.0004935339768775138
0.000489401490918917
0.0004823621080455309
0.00047880222709140163
0.0004766292968080288
0.000474166605780868
0.0004698659773761382
0.00046384733263060696
0.0004574254771281261
0.00045159373026809613
0.0004446603114884873
0.0004325849100278445
0.0004111519995629309
0.0003850782157275856
0.0003706501255921757
0.0003690021657423159
0.0003711999846777725
0.00037372002503172075
0.0003777699649890609
0.0003740134360978864
0.0003761180650067586
0.0003741730422407441
0.000374047580864012
0.00037412946162679317
0.0003740605990385504
0.00037410577372454235
0.00037406622480240515
0.00037406336675982477
0.00037406521726679465
0.0003740638773911398
0.0003740640010904128
0.000374063604680952
0.0003740638481579128
0.0003740635428458594
0.0003740635685224314
0.0003740638481579128
0.00036408820859090696
0.00035446775080127946
0.00034145441925625963
0.00033845635342549807
0.00033439785317823656
0.00033587317352967716
0.0003326314503405703
0.0003276089836911633
0.00032377742487121886
0.00032063179784064255
0.00031842482655686233
0.0003236695471415807
0.00031711433011910595
0.000316300738704145
0.0003153234546284245
0.0003142947052098277
0.00031174716972925953
0.0003070302535363445
0.0002822301883873557
0.00026291151545310143
0.0002341785263145213
0.00020991058555880349
0.00020089378822096826
0.00018832195645923644
0.00018659433280876492
0.00018649868390574476
0.00018643251432998165
0.0001865324912830868
0.00018521796776238553
0.00018451658407314664
0.0001832900603655485
0.00018219939440211608
0.00018014348725431395
0.00017622766788627509
0.00017351181231956003
0.00017203224473932854
0.00017167475982465819
0.0001712263997062924
0.00017085224745794214
0.00017049926439266505
0.00017008007897373334
0.00016968133326833446
0.00016905930571387007
0.00016721350728637896
0.0001653718930496595
0.00015320584490080558
0.00015000058059394528
0.00014851260836051816
0.00014822893972521456
0.00014816195321304404
0.00014788074526073114
0.00014758719462676373
0.00014702358002288696
0.00014593966205705966
0.00014472483866340147
0.00014274376331319116
0.0001418925535945359
0.00013930643196785608
0.00013834602200707424
0.00013700456167892172
0.00013626945690575765
0.0001330753112844807
0.0001302624594352042
0.00012791742040180187
0.00012721154474859553
0.0001270940066115389
0.0001272709093715907
0.00012799411912373104
0.00013004162935714714
0.00013534531270747996
0.0001304779346916196
0.00013343277815819343
0.0001307070460319082
0.00013054984068355813
0.00013061472678649322
0.00013067606793276676
0.00013062787189865865
0.0001306599923230345
0.00013063353019543422
0.0001306420540279074
0.0001306372910817033
0.00013063968046017616
0.00013063793909945387
0.0001306373759341617
0.00013063734362389612
0.00013063736735324794
0.0001306373759341617
0.00014880887341006677
0.00013147541503916171
0.0001307160347068792
0.00013064563046349953
0.00013063823923081808
0.0001306432025582338
0.00013063882648822744
0.00013063828767329033
0.00013063835800991574
0.0001306383006274281
0.00013063835077997688
0.00013063829965953566
0.0001306383006274281
0.00018398093383165115
0.00013203267288919296
0.00013076090374120053
0.0001306520005363021
0.0001306398692296762
0.00013063852281003374
0.0001306383816040979
0.00013063834842308442
0.000130638301585273
0.0001306383006274281
