0.996531176565136
0.9953231607171958
0.989748702076904
0.9943161357608856
0.9843724121590539
0.9865955308040111
0.9766047087568311
0.9065839082822051
0.4357372922391473
0.05597643560634935
0.8677418695765236
0.7874180151819994
0.33740083499241713
0.3765797246064648
0.28580710878826476
0.28915763410769235
0.2859160505050149
0.1001200631893241
0.21557832890046513
0.08032445282031697
0.09460638393292081
0.08089897437013271
0.08041128255622026
0.03749576719996728
0.035892752674020534
0.03521478553349977
0.02588460439188156
0.023154856836165916
0.022019041524185712
0.021046208945588674
0.018847571171458855
0.018385939567156562
0.01837624165358065
0.017802474519394818
0.016713702617408344
0.013672362539127847
0.01286429509972109
0.011731429964925044
0.010383552239114857
0.009293773563041952
0.007039578458124474
0.006658800462334913
0.0548840382555037
0.006634264750929375
0.006618445453686894
0.006482407023155501
0.0063453405513707595
0.0061373226472002385
0.005815712047998911
0.005720858184246225
0.005589824974616797
0.005393718697953076
0.004932591347437454
0.004766987492081209
0.004555529540617054
0.004386096051701871
0.004285354507708117
0.004243147297860794
0.004229988150031949
0.004233108220978055
0.004190716181065479
0.004097936845079697
0.004050009204960625
0.0038040238898826573
0.003708917167378978
0.0035940828587387452
0.0035306849954043207
0.003453947034352367
0.0034355867338660695
0.0033880385772417365
0.0033739368784884705
0.0034081699091742523
0.0033611067437790965
0.0033531081106402127
0.003343896393833312
0.0033483480315079084
0.0033395274337806313
0.003322151885970903
0.0032585727776263673
0.0032722599268364405
0.0032430782135290936
0.0031062046627826634
0.003020498015750217
0.002931277627697182
0.002912215075829283
0.002903657227139811
0.002819018908003179
0.002762258709813059
0.0027439346131395426
0.0027147214387469587
0.002717220787954
0.002691063058148646
0.0026547016427346803
0.0026399491131178787
0.002590202442151912
0.002599756821195842
0.002581037189139268
0.002531559423374241
0.002492499502856238
0.002453375983823336
0.0023906919298876117
0.0023784870651925027
0.002365834388225463
0.0023563005246292623
0.0023578343152395043
0.002348696790597238
0.002335961362205874
0.0023289055801944403
0.0023146316577687953
0.002314316941506245
0.002295339425215759
0.002236681500633164
0.0021221885939799456
0.0020824207408231543
0.0020487969954043894
0.0020290097216429936
0.0020151575768107
0.0020619579537990984
0.0020070741535419545
0.002011646751776619
0.002003339589426001
0.001990670423079599
0.0019829614151291586
0.001959433673435429
0.001962683522520936
0.0019445459477155924
0.0018522977587831502
0.001817345595997888
0.0017812547051254124
0.001773808147693623
0.001775967215394525
0.0017643034059958151
0.0017609653770314648
0.0017570072615537558
0.0017502118529730826
0.0017408755435370793
0.0017164499105162268
0.0016873482423444552
0.0016397589029384374
0.0016234642318239123
0.0016111547668669624
0.0015906801903969314
0.0015499271226927513
0.0015410341793113957
0.001531559656890391
0.001524859161335712
0.0015124941869623654
0.0014994881961766793
0.0014840279053370264
0.0014716664049696515
0.0014624938977127466
0.0014692864189156385
0.001461251218579207
0.0014840235401144541
0.0014614649014436654
0.001461228857335628
0.0014613339500538225
0.0014612328578476053
0.0014612299567986486
0.001461231807352803
0.0014612305711180218
0.0014612308996930778
0.0014612293818883626
0.0014612296271834802
0.001461229680952636
0.0014612295551463816
0.0014612297746335323
0.0014612308731776769
0.0014612293818883626
0.0014544719320509492
0.0014339536071777403
0.001419707869426634
0.0013825383226658272
0.0013397159936812675
0.0013050668068134708
0.0012610906748705686
0.0012545072957020897
0.0012485502490487965
0.0012471543511736183
0.001251045743619783
0.0012470952288740067
0.001264417548118013
0.001247033682537535
0.0012883258813733978
0.001246940065861013
0.0012469049568433754
0.0012343027615948632
0.0012214344228123064
0.00120792975197348
0.0011990034151738715
0.0011946164077926702
0.0011908873360507721
0.0011888010577014718
0.0011753050028945333
0.0011646162971326035
0.0011429777776216787
0.0011318558658314215
0.0011236940087364644
0.0011213998038775985
0.0011209466844775973
0.0011203033821952646
0.0011163255002372696
0.0011145711897949662
0.001109155219761404
0.0011029587925822648
0.0010988070097377456
0.0010958370827417463
0.0010944226662877865
0.0010910571725556428
0.0010883475064282777
0.0010785165553343634
0.001050748018173897
0.0010351019832110508
0.0010279092194322992
0.001027253694496022
0.0010267931379850936
0.0010281113539323261
0.001026815729180286
0.0010267935338726941
0.00102680466276317
0.0010267941269632708
0.0010267934280827617
0.0010267937988017728
0.0010267934249809096
0.0010267939699697415
0.001026793502893697
0.0010267937610437539
0.0010267936599949734
0.0010267942606283498
0.0010267942722459455
0.001026793836934381
0.0010267937610437539
0.0010373877561802303
0.0010266073860071279
0.0010267332547372332
0.0010267831490997636
0.0010267918276133936
0.0010267931256826013
0.0010267934861541983
0.0010267933337126944
0.0010267932498870813
0.0010267933445544664
0.0010267938297194856
0.0010267935066902711
0.0010267933337126944
0.0010373878687221505
0.001026607314612571
0.0010267324903472375
0.0010267837564542637
0.001026791775179503
0.0010267940602649572
0.0010267940346571636
0.0010267938613376937
0.0010267925200037054
0.0010267933519492178
0.0010267933337126944
