0.9974570228357974
0.9944047056433479
0.9825208335942992
0.9999545031701453
0.9970713168966899
0.9799140009670898
0.9667106814931976
0.9107934361503977
0.6809329526804094
0.53229044294244
0.23283964470058782
0.9971315707341015
0.02411428532362292
0.004069730675814287
0.0013104337295596902
0.001196129948522362
0.0009697927856974209
0.0005601974382762887
0.0004662340498235995
0.0002997551519939856
0.0002752819031618392
0.00026246028885390515
0.0002510219887648102
0.0002447445006958926
0.00023893896720755814
0.00022931154693317524
0.00020521947408652652
0.00018134624391663579
0.00015967656520426976
0.00015387434169611414
0.00015274845870349996
0.00015108460292295733
0.00014857295609616017
0.0001442985876166647
0.00013550113930671515
0.00012995507120450167
0.00012769422132385966
0.000127404755223548
0.0001268914047428682
0.0001257626648887289
0.0001221223438663266
0.00011310642333534071
0.00010353396985468555
9.933822798507963e-5
9.844832888800115e-5
9.818867452449087e-5
9.760464810565361e-5
9.689603021850735e-5
9.632025062528138e-5
9.650964946905649e-5
9.528042326956143e-5
9.477632898113875e-5
9.448936112971262e-5
9.433400024094762e-5
9.385360826913436e-5
9.219223019152345e-5
8.95854402218621e-5
8.755451818953652e-5
8.747548330989563e-5
8.733221886791931e-5
8.724823619432609e-5
8.722651057252451e-5
8.721581759130181e-5
8.704255831304408e-5
8.637777021175408e-5
8.534440703983348e-5
8.378406038095365e-5
7.940698124703216e-5
7.91401734879793e-5
7.902467492471033e-5
7.891347910160551e-5
7.879408233746332e-5
7.874334824770068e-5
7.873102470823401e-5
7.872319486179613e-5
7.872205662184939e-5
7.870039405277751e-5
7.876778495741199e-5
7.866100752979e-5
7.842454409368038e-5
7.825409121448024e-5
7.818276379112366e-5
7.817439805624105e-5
7.817707830015674e-5
7.81811280937128e-5
7.816719939590655e-5
7.81436771623567e-5
7.81239001101941e-5
7.803878827900013e-5
7.792561772490547e-5
7.751179943682462e-5
7.464545310387205e-5
7.182741149824867e-5
6.880032211031839e-5
6.722177975515553e-5
6.6854017609419e-5
6.68604261530592e-5
6.683962217918227e-5
6.685764837166541e-5
6.686002163458493e-5
6.686044249548662e-5
6.686033502012467e-5
6.686041965486833e-5
6.686044249548662e-5
6.67597686643262e-5
6.684579984828076e-5
6.685855676208385e-5
6.686015693918579e-5
6.686038372261116e-5
6.686035544845037e-5
