-0.5907734364472235
-0.7977784549948139
-1.3379885929968882
2.0827029899535523
-0.09585724135744633
0.7983005657653404
0.05004613957774004
-0.01701862085943584
0.018002623791079725
0.0009657766692209857
-0.01101631199149733
-0.0008025598939606637
0.00014547235137563064
-0.00029115635975773824
2.9990619868525137e-5
-0.00019026467914362577
-6.861809518143858e-6
4.746519359388746e-6
3.9242487142598925e-6
-6.336427571196346e-6
5.294280711720667e-6
9.995729021106126e-6
4.373122429679466e-6
3.9242487142598925e-6
2.513324701531779
1.6739350873164756
4.698095108795514
16.287609110395792
-10.751607674809339
1.889884170488593
12.923879111594994
-5.992555388867603
-1.9567003672826675
3.194711904773381
-0.058342458841003114
1.276698427024893
0.14352397104035752
0.006527569177042759
-0.039474779602307254
-0.023035106915536483
0.04214192141033711
0.02432300107283176
-0.05145394314419921
-0.022867857935192522
0.06667223779047995
0.0011938843158618949
-0.011251725965640242
-0.002812919352260996
-0.0015496520050970151
0.0015967619904268867
0.0004522126435444933
-0.01479145151202336
-0.0021583077886491286
-0.00019540543704060429
0.000281952350599155
0.000371760959846929
0.00019372658904511474
-0.0004611660937361558
2.472126237675499e-5
-0.00026379393799322824
-1.986135837900825e-5
3.1254458028916535e-6
-8.735693237206521e-6
-3.345567078589032e-7
1.1287920303861346e-6
1.117582500136799e-7
-3.518957950796042e-7
8.230106942445914e-7
3.2868277148167396e-7
-1.640078355676783e-8
-0.00023949319545969391
-4.324576479957428e-5
-8.295606825207448e-6
-1.3931049887361616e-6
-5.887872002308461e-6
-1.7519387704671013e-6
-5.274193734577416e-6
-3.517472266678645e-6
-2.822751892674405e-6
-2.4810293883324036e-6
-2.6952626557483206e-6
-1.7519387704671013e-6
-0.0005556647235112708
-0.0001078023138581562
-0.0005383035174544529
-0.00019025145698210125
-0.0004789300645053167
-0.0002483089137025321
-0.0003586444734785081
-0.00027451243079854807
-0.00014322953657680028
-0.000244379658220089
0.00021008881459202294
-7.514059258752724e-5
0.0007764270698430772
8.609088415560684e-5
-1.2792194377542893e-5
5.267044506091986e-5
2.557249859846608e-6
-7.652541718824665e-6
-1.597183157526355e-6
-1.7482348248568091e-7
3.26218454076415e-6
7.309308331197861e-7
-3.0194619932318034e-7
-1.8254015356992254e-7
7.061406897181793e-7
2.2224347068569572e-7
-1.7482348248568091e-7
0.001759724910576287
0.0002752883336228189
5.01260110002677e-5
9.150901721865015e-6
3.3075398304469733e-6
1.626868062400838e-7
1.4133663958446757e-6
-4.3617040918104977e-7
2.688725498235095e-7
-3.241712150936493e-7
-1.7482348248568091e-7
