-0.5907734364472235
-0.9264662823131175
-0.6776278308880623
0.17206100973584526
1.9500366826678868
0.6677433600367136
1.4676789760247724
7.247923877565202
7.284546228445148
15.740173629463605
0.26666607814518767
-4.646285379538016
-6.340320695505564
18.4687244220016
19.74779912148742
3.127586711095648
-1.2210939754760064
0.130845034034223
-0.047861868656455364
-0.04705547814634913
-0.1924371626456915
0.04302883165201245
-0.05681507043306348
-0.010443837213454153
0.00041865001954274547
-0.00395339548138079
-0.0048306897726078084
-0.0114575266962283
-0.0164727073563383
-0.015415377626118927
-0.011236603284019597
-0.006987036470857055
-0.0041321386531429334
-0.005308500851120572
-0.008195204905443405
-0.009556844381261385
-0.010419809701699631
-0.012015242774019833
-0.014258971464068019
-0.0174435168030986
-0.020822732012652435
-0.022024048622841512
-0.01761523718710189
-0.008986182354834647
-0.001098896479774989
0.004707150186396492
0.003016211544955128
0.0008465022388151047
-0.004433551640979457
-0.004062449951437334
-0.004746036118979221
-0.005388214029691992
-0.006679568461459206
-0.008599932523330345
-0.01158833184254325
-0.01546658015707729
-0.018580568620128947
-0.015943241608859682
-0.008752730662998509
-0.004699764938809876
-0.001692394246339623
-0.0013202075237033198
-0.0011183946690673213
-0.000703671222991379
-0.0002282134667791261
0.0004951742618006507
-0.0008777991404471984
-0.0005916672072742335
0.0006192208140415409
0.0016687162435975178
0.001284179283803716
-0.0005936257388916539
-0.002648339192038791
-0.006780150254007794
-0.008090540882373005
-0.00665797887280782
-0.004193427510344762
-0.0017183494691323708
-0.0003830848281261782
-0.0001127682893815096
-0.00021626740139872136
-0.0004250512215295229
-0.0006229833260765044
-0.0006965097105848712
-0.000691825821531881
-0.0006701451643021004
-0.0006459778470103547
-0.0006486092566339277
-0.0006719883309931055
-0.0007444636692898802
-0.0008387931860590265
-0.0008937924235618936
-0.0008035536106379303
-0.0005868602603537969
-0.00023133104986082596
0.00035314336827019254
-0.0026975325458886068
-0.0014409109166118926
0.012991965535619121
0.0040635177263321064
0.0013118653773178924
-0.003281126439448111
-0.0014926147335500945
-0.0007264460561638039
0.0007519649278079923
0.0003222153217728068
-0.0013134528042427346
-0.0008559962127068401
0.000950104245976551
-0.004960702592848889
-0.004366280661428286
-0.0030894019861788325
-0.002401065741498329
-0.0009972255117836424
-0.0007174833532308961
-0.000577502665628599
-0.0005949947692850077
-0.0006983706547875381
-0.0008479488033515817
-0.001080791947501194
-0.0013429758584901528
-0.0015936517948814018
-0.0018521871279525604
-0.002126807618679045
-0.0024446065412959037
-0.002527737955610122
0.0018603096843261054
-0.0021052390185500552
0.05406764928673362
-0.00012818834803756318
0.005829520103048073
0.0006909287055286955
-0.0033779462546882546
0.0038127164524173326
0.08391468219920253
0.015609036599769645
-0.0009990129055367594
0.0010499750426354168
-0.00452888592721615
-0.0011339113413162372
0.00791537843550079
-0.0001571170454276029
-0.0009486829220423691
-0.00198719288795539
-0.0005451152965421102
0.0032256542003141777
0.004249452425793873
0.008231088089772708
0.019485997571583046
0.0229811724210581
0.010531727859678989
0.00875666748787155
0.031789387369712416
0.01106414177596029
0.002723820466706186
0.0023936470661802735
-0.005966037814140129
-0.0036649996640959097
-0.02616156743461496
-0.01477772093796086
0.010092845374197496
-0.0051478138961629834
-0.0030283037261264337
-0.006376568269221651
-0.005730806954699073
-0.008518297526323966
-0.005525802227792368
0.003379807108192646
-0.0011506783004713945
-0.001111545287836486
0.001479399303207545
-2.0789438091899787e-5
0.0008832206360268654
0.00022720011784784758
-0.00034510907825399196
7.863354413246569e-5
-0.00019119312264220714
-0.00033672844744541016
-0.001057604179932873
-0.0025107327243901367
-0.0051978429018361295
-0.009574157558624372
-0.014240003346500812
-0.01994702705037893
-0.024425995098743984
-0.0255942473470289
-0.02346760024543575
-0.017622337202665324
-0.013660799358486611
-0.004874054445291185
0.0030658847010117687
0.0019207962887179538
-0.0026435431514821436
-0.0016018692517707474
0.0009934881876159781
-0.00048683959563317926
-5.9545329822007637e-5
0.0004661569415944011
0.00014181928747753294
-0.001734197787496108
-0.0024444284825737047
-0.005229562362081256
-0.016296210026002088
-0.02008875619483546
-0.024475322268222344
-0.02137573162900145
-0.01109868836113454
-0.007285938096330923
-0.003189341120209502
0.0027617978840552993
-0.0010994986492775273
-0.00020573622149862574
0.0012983003273292948
0.00039232951742094926
-6.689564604278565e-5
1.0714610737819251e-5
-0.000503082576348219
-0.00034540667887499456
-0.00010903105808176281
0.0005073821406357268
0.0009007892676705393
0.002592814439204299
0.011486722782024176
0.013878098930351294
0.018574168664365866
0.014354516212651033
0.016760106140000404
0.015466575788722119
0.01636833911308511
0.019007637628982534
0.017285328843526425
0.01882386726263246
0.015057982158746928
0.019694536647877382
0.01575498191458068
0.021096222860646094
0.01751082499172159
0.014206576534047392
0.015512167470187722
0.012426897875491782
-0.012138690198924138
0.005788630125963439
0.005024509280018361
-0.02531428460964595
-0.0018813876533725253
0.012986178257563007
0.00753869893491629
0.004063452605269369
-0.004766548701085093
0.009972551728151754
0.002197499338754449
-0.0006240008551275803
0.0007734134146753476
-0.0011514730787890168
0.0007852757209917075
0.0002814814765366995
-0.0014110336586664685
-0.0009599273183366556
0.0013692998990616954
0.00036531872096735125
-0.006573718342225064
-0.010083398154721028
-0.023785881829796424
-0.020025438914132308
-0.00503032612615539
-0.028613932388157994
-0.022331687725000368
-0.018137322015386204
-0.005316775813819528
-0.003341991563545943
-0.0010863404419157096
-0.0027063153081804446
-0.0043093074161956995
-0.008263746825427588
0.00016020654507927596
-0.006217376706441758
-0.003381135367688266
-0.011426843723457297
-0.004030460846323576
-0.00015169806480313294
-0.006879524331238748
-0.0021739776064297403
-0.0012756625776094701
0.009178023108333063
0.005967954551460529
-0.005991089952247475
-0.007281433631485991
0.005714064623819513
0.0014323791818593888
-0.0032716118048292772
-0.001070233803799189
0.003188077966732209
0.001582505511366173
-0.0034827257785210444
-0.000878477445763304
0.0023651707861751603
-1.103867965524712e-5
0.002552114368668669
0.0003477694450719118
4.5356089671722824e-5
-2.3393242889514516e-6
3.001120890908809e-5
4.020476342475208e-6
-2.6474006080639753e-5
-2.6359552629689077e-5
-8.855051854001449e-6
6.0312796965307416e-5
0.00012152145222188958
0.0010118309454772206
0.002627651507887821
0.006770633378685302
0.012493940696977717
0.02133898531767816
0.028092609354301225
0.02510939951369664
-0.5904456007993977
-0.004140971715041142
0.021607201972568935
0.026368545224953112
0.027724318268491227
0.018373638927176934
0.02759188439951176
0.02038036744172947
0.020707767247843907
0.02089929427925013
0.020977026267619145
0.018930728265434505
0.01649893489504685
0.015615394641918735
0.015048635531960926
0.015234941067718553
0.015523602778397923
0.015552807962546121
0.01563339557601142
0.015058908157787
0.013457295041506324
0.009445000674052444
0.003205107356796325
-0.0015906512497178725
0.018348178086721408
0.0023044428978423012
0.011029887653166958
-0.032436258958904646
-0.0036002628655081277
-0.0018056094411489994
0.008070533171475516
-0.0019804208311983078
0.0032389928644543623
0.0016895110425251647
0.0007381416700524041
0.0008947199251827932
0.0007879533716838496
0.000168740614275301
-0.000590230418742667
0.0022242928869687915
0.00016188475385942708
6.308061055222626e-5
-0.00014217730178937762
0.000439165557850155
0.0004503407466045703
0.0005330719966508523
0.000647294427738491
0.0010076579484687856
0.0017329713597832612
0.0033914343299506315
0.006507739031470436
0.010563946671616484
0.012260175947249648
0.011200076424604332
0.00883253187466112
0.005499504197078519
0.0001723345887470636
-0.0015442781637843308
0.00207566563681652
0.00014709472971855876
-0.0007192499814667545
-0.00015583027002135286
0.0009744587302866589
7.598496972005726e-5
-1.4213483866683382e-5
3.5925483492791396e-5
8.232070770127116e-7
-0.00010742632350297027
-2.9027192068510556e-5
-4.685800975870523e-6
-1.4348840286039282e-6
1.546918837238751e-5
3.088773386160544e-5
4.708510373969727e-5
4.04101744595584e-5
-3.204006741571374e-5
-0.00010193945524003772
0.001456517107376403
0.004117500201814996
0.0055856999560002125
0.005612065661132246
0.005910287546167553
0.005815259203462915
0.005924453830685676
0.006125086871620066
0.006295692901709952
0.006427394039215231
0.006261201935641188
0.0051261404008957415
0.002205017851180889
-0.0022815305710916713
-0.0008513431386738677
-0.0004381999256211443
-0.00027867018268033664
-0.00027348157191642156
-0.00033167515359673356
-0.0004767334491832733
-0.000786529085263786
-0.00133380327339557
-0.0022519596038216806
-0.0036096099100423073
-0.004658028919083135
0.0025531211965433196
-0.002530599233582383
0.0003476386469622293
-0.009039579948737933
-0.0036159338227425525
-0.001856000752255448
0.00010708002923863675
-0.0015909095301690766
-0.0011114679115440417
-0.00014486959031284412
0.0028184788702939998
0.0007564478277140993
0.0006451036638046501
0.0004549132955469176
-0.00019593313622445492
0.00015939774375283707
-2.6964468093736767e-5
6.220956468737068e-5
1.432535466924594e-6
-1.0164117143433306e-5
-1.4806990992449038e-6
3.2585873539327584e-6
3.978160189858199e-6
-9.414764380460852e-6
-1.5378987720786482e-5
-1.7954453226406368e-5
-1.3650419816210908e-5
3.959907502841016e-5
-8.951878806091169e-5
0.0003829548410788524
5.706034580954392e-5
-0.0025362302664029826
-0.0029268104143540634
-0.003962022865446347
-0.004441729761137695
-0.005248543470709608
-0.005547567535707001
-0.00569468488216499
-0.00579887433096561
-0.005953691445729851
-0.006153270306042463
-0.006376634941418417
-0.006503200994852513
-0.005503484918936606
-0.004793066861524476
-0.0031172745975255305
-0.002512662059801243
-0.0015796137624080413
0.0025566931417683857
0.0010709454434483627
-0.0006708217400809858
0.0010618457595022639
0.0008755396344146597
0.0007658795254227645
0.0005414707323977246
0.0003084102359015659
5.875166701369651e-5
-0.00021957941097133896
4.218167977540618e-5
-0.0001315487587411521
3.3813781040550265e-5
-7.687515823991668e-5
2.4879522558099334e-5
3.501047059003133e-5
3.4300026237629006e-5
3.478311100914278e-5
3.254183313109989e-5
3.478311100914278e-5
-0.0006928165734293393
-1.2745950885202596e-5
9.869102373473112e-6
2.7970063103248638e-5
2.5797978158167512e-5
1.2880856968434527e-5
1.1599713734020774e-5
1.533079050688741e-5
1.3575794460871267e-5
1.4633527703019852e-5
1.5999740421972968e-5
1.533079050688741e-5
-0.000904885161715954
-6.807875144455606e-5
2.810131915240025e-6
-4.4165418772279205e-5
1.0017962636712499e-6
2.413625341263464e-6
2.8850464613809092e-6
3.569998939277467e-6
4.04069742792907e-6
2.8850464613809092e-6
3.6356606841952206e-6
2.8850464613809092e-6
2.714286245878686e-6
4.789329361554141e-6
2.714286245878686e-6
-0.0012662295896411105
-0.00014371772551695562
-1.6703593900710206e-5
2.6714397660657823e-6
5.02924420643148e-6
4.98548590938553e-6
4.2033660589177566e-6
2.714286245878686e-6
