-0.5907734364472235
-0.9148462876705383
-0.7890342394459292
0.02768689929398204
0.2859961035507623
0.9508035452630293
0.41973342174310224
-3.2632600479642946
-4.755105625031055
-1.0761200651268992
-1.1730991132419004
-0.1564020503400413
-0.3654140853571354
0.0627469586684578
0.031053646378558078
-0.04820508684980866
-0.03140484113047896
0.02797922869712841
0.016595315333222817
-0.01126956816553085
0.00727873991860589
0.004864403304406514
0.0014003123440635562
-0.0008156238386021544
0.010959793125706191
0.0077761060814836875
-0.00012050511623202132
0.0014426287316617152
-0.00164041976026733
0.003383979429561466
0.00338825235927628
0.0024820607731252543
-9.991867757468739e-5
0.0002575710432339395
-0.004340790615957082
-0.0020921876407306956
0.0009496807626907301
0.0004808117505042549
-0.0004499717705715549
0.0001378976383341452
0.0008118031238403206
0.003743552893656187
0.008385504617162426
0.01067675704803669
0.01059743578434898
0.009914674487852016
0.00708888383019851
0.0013529404625750292
-0.008075492485674974
-0.0010530180511448858
-0.0002789153533979572
0.0010589437575681793
-6.565399746559768e-5
-1.6182757745049e-5
0.00018342663797220652
-0.000532010062030122
-0.0001393626863075404
0.0010001638593706928
0.000698101616009179
-0.0007248096530261912
-0.0002682108508422058
0.0009869122973779937
3.392012611670757e-5
-5.502631465871977e-5
3.7261863840534065e-5
-0.0002738409225196076
-0.0007673154066612053
-0.0031656726373944146
-0.0033959146857685894
-0.0033856524157921345
-0.0032174262398546975
-0.0027772571481496765
-0.002241160763439039
-0.0017459707797865208
-0.0011454219845966002
0.00016299372388145885
-0.0004896504904905203
0.0030240945293994355
0.00016043863677371812
-0.00012379335724755193
9.008198437362677e-5
1.132950727912997e-6
-0.0001393238226103132
-2.702419285728608e-5
-6.103791290976894e-6
-2.619929958448241e-5
-1.4726419754374984e-5
-1.408606286918291e-8
7.19061065013345e-5
0.00012717311383278604
0.00034220628032784607
0.0017901910511874874
0.0025077418753869886
0.0014584636122266757
0.00047950635567179723
0.0005211963576231377
0.0004499509093600412
0.0005255910398956722
0.00045989131448695366
0.0004519350569423628
0.00044960939816341967
0.00045072430912214813
0.00044990335095707306
0.00044960939816341967
0.0010191408158434813
0.0005015686116638627
0.0004564471846004288
0.00045122674090245917
0.00045036679871721477
0.00045054161270018263
