0.9974570228357974
0.9995739225730477
0.9900332436689169
0.9983591534222761
0.9930953035858302
0.9968514871942754
0.9917343938254795
0.9476037001272668
0.4915833326287505
0.9948351873022635
0.05226574432895659
0.007134817063932375
0.9975264751877337
0.9941633018821253
0.9983036156638901
0.654632223979767
0.07251444024196285
0.9468785460258401
0.004584389699650027
0.006951321976868652
0.004151736225473102
0.004973884044376875
0.0041562077741686965
0.004148254391173167
0.004150776017356306
0.0041485069903500205
0.004148370416265923
0.004148466914856652
0.004148412784679589
0.004148461338047527
0.004148466321422628
0.004148464364227833
0.004148468082625645
0.004148467721446891
0.004148465481401409
0.004148469024354784
0.004148466974896237
0.004148466063131351
0.004148463464871854
0.004148468445671349
0.004148466974896237
0.10171572828169428
0.00550915439475852
0.004165973530673384
0.004147894341153924
0.004148330905945408
0.004148448646119018
0.004148463906458455
0.004148466353234126
0.0041484669475989056
0.0041484678213397075
0.004148468387972337
0.004148468092306179
0.00414846721467188
0.0041484669475989056
0.004148467156604385
0.0041484669475989056
0.004148467256642752
0.0041484669475989056
0.002584205877408985
0.0010182376356113187
0.0008489105591336088
8.72080467308467e-5
0.00010615603304214849
0.0002291577665843869
0.0005508294628807087
0.0003448457249821679
0.0036985353904963603
0.00043219084674922525
0.0003655536804788584
0.00041239354650635107
0.00042442711405188405
0.0004263489675884191
0.0004302374361520034
0.000427137128311994
0.0004292023209545581
0.00042757041327162737
0.0004286577484663989
0.00042780844832146503
0.0004283745462034805
0.0004279321267355307
0.0004282270354787898
0.00042800116061253446
0.00042815176438387725
0.0004280351160025342
0.0004281127749596325
0.000428057943482274
0.0004280947145209324
0.0004280641417326314
0.00042806761423247464
0.0004280648662021158
0.0004280667968121765
0.0004280667569842578
0.0004280666920080667
0.0004280667968121765
0.12256784759937972
0.0006627552212150611
0.00044326092479268775
0.00042924491583862245
0.0004281604297847741
0.0004280754390763031
0.00042807114449922024
0.000428067305536628
0.00042806733104339134
0.00042806921041116386
0.00042806738019440793
0.00042806728595484733
0.00042806725124716616
0.00042806733104339134
0.007135739273997743
0.0005512080128627916
0.00043807438858772807
0.0004289942305830685
0.00042815488309905225
0.00042807599458083434
0.00042806841047615674
0.0004280672762668747
0.00042806723272986735
0.0004280671799574143
0.00042806733104339134
