0.9974570224768818
0.994267689536682
0.9825575924572758
0.9996179628681103
0.9929210253335509
0.9780191429331888
0.9537526561017351
0.8069669610191773
0.8974931265106765
0.6418234231064546
0.9947523900893175
0.42833974041062645
0.9246223929294316
0.7654755776904599
0.3850663973954489
0.6710348816405314
0.3832946140602375
0.07118747365435274
0.04349085121269952
0.015487809863734214
0.013302833345334053
0.009874933037276934
0.007953349826145317
0.007746321772124309
0.0074059265983359435
0.00701737013207776
0.006648459193358047
0.006453485529554492
0.0063279049431728684
0.006207951078469609
0.006105432200338767
0.006044258659291035
0.005999489780451173
0.005931730966730109
0.005810970344058253
0.005642897519762047
0.0054909963676862406
0.005393279645155569
0.005303558305953082
0.005171271986343651
0.00500942412640587
0.004882207313635589
0.004824305269940821
0.004779989013109276
0.004686154314618773
0.0044949185604715725
0.004158921506965618
0.0038136435095611487
0.003623755601952161
0.003580053601498989
0.0035679885244983
0.0035454432769962407
0.003506537798660614
0.003442781887361135
0.003384061195621735
0.0033520114970899684
0.0033375134100384063
0.003325217082589982
0.0032966925837992767
0.0032436410128368065
0.003166668694510766
0.003108501053475987
0.003089741059035367
0.003086680718726975
0.0030858099167117015
0.003083970518606538
0.0030792472309000285
0.0030670904532257848
0.0030420505515910135
0.0030060099832725506
0.002981604289300721
0.0029758591230816256
0.0029749691089334673
0.00297452136104448
0.002972969594518704
0.002969748243053183
0.002962242990159847
0.002948129257259957
0.002926209178277517
0.0029010854536209996
0.0028790167963592683
0.0028636888026204455
0.0028543193542424627
0.0028489568761589368
0.002846399158212276
0.002844504813990123
0.0028416543141718265
0.002837031934283585
0.0028299134945513615
0.0028197752308816715
0.0028064821426852515
0.002790923266400458
0.0027741269179003547
0.0027539834365161164
0.0027245949222925447
0.0026769817723438227
0.0026167635944180923
0.0025683825100292212
0.0025465668965078403
0.0025321975263035146
0.002524649568579229
0.002516831674745368
0.0025118551808185896
0.0025044225737619885
0.00249657529322711
0.0024873158090598646
0.0024717472217858916
0.002443057689165362
0.002398063208459922
0.0023517800507359965
0.0023261607087285974
0.0023095841787138527
0.0022996424764830103
0.0022950097884479326
0.0022916676776434386
0.002287969196232087
0.002283346509968087
0.0022751319440433293
0.002259713128974994
0.0022322406397098926
0.0021956150836315302
0.002167137412685094
0.002136622726312709
0.002121453809478979
0.002102386669586065
0.0020951215508892007
0.002073008432963541
0.0020439524008037946
0.0020037449019728037
0.0019760877632003515
0.001967477602866141
0.001964716138686151
0.0019630007328437227
0.001961189761142068
0.0019600296664969985
0.0019578641007564346
0.0019547427056665345
0.0019475492143906648
0.0019359656326938257
0.0019216222468422806
0.001911059786462721
0.0019071668379650464
0.0019053631778025437
0.0019025686693597277
0.0018971712572547483
0.0018898722000855184
0.0018803281259640037
0.0018681671030110203
0.001855188453704526
0.001846727110496993
0.0018423902170996431
0.0018410659504333737
0.0018408069216484524
0.0018405271785303379
0.0018399600582671982
0.0018386805678172746
0.0018360356012591117
0.0018318363316900954
0.0018277464073986338
0.0018257371135581013
0.0018252277018627194
0.0018249295094360796
0.0018241361113909837
0.0018223457077559124
0.0018180724561060457
0.0018100154792011214
0.0017999566831557456
0.0017927129545675657
0.0017901452389147976
0.0017897941439072307
0.001789477287036656
0.0017888450296882352
0.0017857956956942589
0.0017817897376998237
0.0017767797791972129
0.0017741722270703253
0.00177314256062161
0.0017728554294511034
0.0017726435494795911
0.0017722939792031434
0.0017717250313540323
0.001770600057219962
0.0017682472563227414
0.001763469401883322
0.0017558588633515004
0.001748118263118159
0.0017423811290457891
0.0017398267360869135
0.0017390059758015664
0.0017385594181683062
0.001738036689111544
0.0017371310227589642
0.0017350766106969395
0.0017307006217082144
0.0017234225589497498
0.001716296270336648
0.0017128276825739697
0.0017120174993233706
0.0017119297107942577
0.0017118819911784988
0.0017117942229158412
0.0017115335860680148
0.0017109430285730531
0.0017094934537023043
0.0017064586717759345
0.001701517217874482
0.0016969868781961939
0.0016951293061299166
0.001694773447013187
0.0016946325893912872
0.001694350064114114
0.0016933919424271249
0.0016913001653088289
0.0016865914614265787
0.0016789994733666935
0.0016719581668201422
0.001669347434219759
0.0016689357075362898
0.001668887397636265
0.0016688565705448855
0.0016688002323171358
0.0016686572892697926
0.0016683805981443367
0.0016676547045992862
0.0016660505974321893
0.0016630135955296166
0.0016594918475495435
0.0016576835673531853
0.0016572173113395539
0.0016571186304136232
0.0016570296319605715
0.0016567677531690306
0.0016561563020955905
0.0016546237451711132
0.001651182550125252
0.0016446255851353953
0.001637333155662668
0.0016331256702462604
0.0016314637344730931
0.001630884815425615
0.0016305906675638804
0.0016304964520060805
0.0016304317248806433
0.0016304033570573306
0.0016303843767715431
0.0016303358490811215
0.0016302374530887676
0.0016299891897137986
0.0016293940225090564
0.001627968981529615
0.001624918191459379
0.0016198876067846646
0.001614234763921918
0.0016095268614024216
0.0016084502286276003
0.0016071457380767429
0.001606740073692714
0.0016065577027783995
0.0016064836379539593
0.0016063307273248562
0.0016059634952819146
0.0016049723632859947
0.0016026678528421323
0.00159720575905542
0.0015863077261517589
0.001574865174722495
0.0015688137363480958
0.0015637219372445221
0.0015618971760275602
0.0015602749520317039
0.0015598748919053995
0.001559761388523484
0.0015597226557256816
0.0015596878121730828
0.001559627664977914
0.0015595088860389517
0.0015592282627708287
0.0015586057627243743
0.0015573069341641155
0.0015550787582268022
0.0015522473076527987
0.001550140224557628
0.0015495695878148807
0.0015494573390930633
0.0015494405680474
0.0015494374342107098
0.0015494352473663375
0.001549431948645874
0.0015494247915947001
0.0015494095403184027
0.0015493727105723165
0.0015492822844149212
0.0015490574855283046
0.0015485179667734106
0.0015473485389475572
0.0015454524749414222
0.001543889639619933
0.0015433017089653833
0.001543175758780102
0.0015431466776061886
0.001543114772567189
0.0015430332497387012
0.0015428972057953683
0.0015426162612726113
0.0015419508424015516
0.0015401482968591118
0.0015343608921869478
0.001538405142031074
0.0015279415978456945
0.001512804517104116
0.0014965975201216564
0.0014812101922220822
0.0015123175459712535
0.0014618711090952363
0.0015633926932124842
0.0014378989433752598
0.0014257892715797693
0.001414711248655054
0.0014185192762596333
0.0014084306821666726
0.0014055604718941073
0.001395781357151571
0.0013902613455321067
0.0013871755167774724
0.001384628871466509
0.0013828745063931835
0.0013809284936258104
0.0013791150286404097
0.0013781682931167105
0.0013776883387444094
0.0013774054517201595
0.0013772086128734928
0.001377068114216562
0.0013769657182376993
0.001376862591341066
0.0013767155725699642
0.0013764866374017526
0.0013760168089607672
0.0013751320594005412
0.0013735121277533846
0.001370766862445083
0.0013663741909487048
0.0013601667704488118
0.0013520707530633724
0.0013414204796600715
0.0013267932409332661
0.0013208142396267109
0.0013183883141683062
0.0013163395852647808
0.0013153285071517695
0.001314770473394511
0.0013145544163945533
0.0013144291971178834
0.001314342102901045
0.0013142962113130152
0.0013142187654203719
0.0013139899289060786
0.0013135477964367759
0.0013123866833771314
0.0013098295408257021
0.0013047321420183167
0.0012977134758626052
0.0012929104472431674
0.0012912681311002538
0.0012908342830078023
0.001290669824654811
0.0012905751065769855
0.001290521333943806
0.0012904830608782558
0.0012904097904279932
0.0012902514458545955
0.0012899375884997677
0.0012894683739937407
0.0012885927561153143
0.0012867069310558699
0.0012817932529103904
0.0012708055660257123
0.001256041786262374
0.0012431381521958995
0.0012372917990360888
0.001233767908237593
0.001231367514458348
0.001230946798463195
0.0012298099861638434
0.0012294562189723024
0.001229231649118534
0.0012291720125873762
0.0012291347376752748
0.0012291046732879618
0.0012290828851195812
0.001229055521100031
0.0012289965166674133
0.0012289097532078852
0.0012287278722042938
0.0012283345700794257
0.0012274295802448543
0.0012253336343048815
0.0012205709563661293
0.0012108739347704844
0.0011971638528943673
0.0011836519658794953
0.0011732425010603231
0.0011716604440468181
0.0011643655820643417
0.0011631664056551139
0.0011620494560566907
0.0011616891745849234
0.0011614469370648806
0.0011613643124698814
0.0011613167177714212
0.0011612957745654184
0.0011612762733091975
0.0011612246724949093
0.0011611617374787109
0.0011610463937047344
0.001160865090968799
0.0011605524601752681
0.0011600144012583469
0.0011590311547491905
0.0011572210560139573
0.001154040860752048
0.00114929413653736
0.0011439360122116882
0.0011391835395924699
0.0011353344152875144
0.001133818657818919
0.0011332742891220215
0.0011330424423184327
0.0011329774952456018
0.0011329402641094277
0.0011329195038837225
0.001132890483127147
0.0011328242937968525
0.0011327448653783434
0.001132626836759798
0.0011324666273117012
0.0011321889008185093
0.0011316386442727366
0.001130453195943737
0.0011280465938679485
0.0011240650626233584
0.0011190624799724547
0.001115561564868972
0.0011134317169052
0.0011127642045177244
0.0011125697531858547
0.0011125095920191952
0.0011124882110402634
0.001112481785540853
0.0011124674309965776
0.0011124421521428451
0.0011123799612479113
0.0011122299416451153
0.0011118558748504648
0.0011109950875994867
0.0011093051494998618
0.0011070469371808889
0.0011055160539246711
0.0011051178246722637
0.0011050359897205042
0.0011050192940307846
0.0011050123484186991
0.0011050075228007383
0.0011050052794533416
0.0011050026259588064
0.0011049973270478297
0.0011049853722673308
0.0011049565020790353
0.0011048851985067665
0.0011047094318453188
0.001104291288628767
0.0011033964054250056
0.0011019462376574696
0.0011006924406946617
0.0011002121562191935
0.001100129355457058
0.0011001230101391202
0.0011001210172970066
0.001100119679035172
0.001100117224028807
0.001100113079677001
0.0011001016345684178
0.0011000743986206984
0.0011000053158528034
0.0010998373433840358
0.001099446518825431
0.0010986540844472037
0.001097460735612621
0.0010963841264891028
0.0010959456050301242
0.0010959051389171082
0.0010959002399493212
0.0010958984790802595
0.0010958973831012297
0.0010958953581133857
0.0010958910918256182
0.0010958797106415674
0.001095850623396455
0.0010957742742881416
0.0010955772344998782
0.001095078955362816
0.0010939335454023813
0.0010919977339166054
0.0010897944187836517
0.0010876859120714233
0.0010871963870444645
0.0010870955173588603
0.001087033934044912
0.0010870244718860222
0.0010870187646371265
0.0010870173595544097
0.0010870167032718814
0.0010870161102488618
0.0010870149866325507
0.0010870126900456856
0.0010870075628590103
0.0010869957171489864
0.00108696720491408
0.001086897706765122
0.0010867293112444276
0.001086348349548294
0.001085635127760054
0.001084777385290836
0.001084196367842294
0.0010840122485522574
0.0010839964154457649
0.0010839947672418582
0.0010839945341069024
0.0010839944140682567
0.0010839943263412088
0.0010839941114113572
0.0010839935680842516
0.0010839923250066108
0.0010839891066833363
0.0010839809377582998
0.0010839601392726994
0.001083907897806824
0.0010837816364682173
0.001083505045764377
0.001083053750027485
0.001082654371156233
0.001082628995131063
0.0010825492487843702
0.0010824328748321177
0.001082393819424099
0.0010823683843766418
0.0010823594918527024
0.0010823562754003202
0.0010823554151720982
0.0010823548224835333
0.0010823537181848253
0.001082351375406132
0.0010823453142435047
0.0010823296726094611
0.0010822876281234572
0.0010821689683205848
0.0010817509518891155
0.0012502301130039584
0.0010808932333304933
0.0012349587724515554
0.0010803657445350168
0.0010768823968390073
0.001318452617589394
0.0010723278067555353
0.0010974337413884871
0.0010646377570003307
0.0010626718860992646
0.001055971117410237
0.0010973955112109635
0.0010394555109801695
0.0010091259199154767
0.0010372183634783094
0.000995674580562933
0.0010064939411985052
0.000977930076458411
0.0010642732021918233
0.0009722529057544227
0.000966678337200988
0.0009622935544210676
0.0009573531832051674
0.0009561542209480245
0.0009522342496584013
0.000949482612008723
0.00094704709256066
0.0009456521219524672
0.0009444691326879751
0.00094403961183398
0.0009436942087390765
0.0009435428618844166
0.0009434868812323582
0.0009434372242014266
0.0009434011417571719
0.0009433740094531573
0.00094335847664484
0.0009433475837518634
0.0009433398496939693
0.0009433303202968091
0.000943321381573603
0.0009433128211515651
0.000943304577408155
0.000943297496717399
0.0009432918689646907
0.0009432861515020763
0.0009432770696096715
0.0009432584191226834
0.0009432160898005248
0.0009431160838052621
0.0009428781957613319
0.0009423258734114759
0.000941132466535044
0.0009389318117509204
0.0009358073009023693
0.000932452207683343
0.0009292213880979228
0.0009242752849182856
0.048185961603677274
0.0009375606329860564
0.000920792231960843
0.0009627754799847454
0.0009186442869860145
0.0009149830257484948
0.0009198195093749195
0.0009110904628694683
0.0009092188216173192
0.0009079208311690845
0.0009021518432267284
0.0009007806432347332
0.0008996851827572927
0.0008991054678478827
0.0008987641974374516
0.0008986463373670261
0.0008985785100396049
0.0008985318441019352
0.0008984817680109392
0.0008984533292161756
0.0008984273405439058
0.0008984011646289702
0.0008983792620433362
0.0008983652720098156
0.0008983587491491751
0.000898354697473569
0.0008983498864406081
0.0008983453809378039
0.000898341954964077
0.0008983397666378345
0.0008983382257757855
0.0008983369343881775
0.0008983357926894975
0.0008983348508901923
0.0008983339802471901
0.000898333106824134
0.0008983319103468279
0.0008983298718232557
0.0008983258182717613
0.0008983169394022328
0.0008982966532148362
0.000898250162620462
0.0008981471583688339
0.0008979362643948829
0.0008975572819673872
0.0008969843301706026
0.000896254135122232
0.0008954406775887325
0.0008946358251965547
0.0008939631695986106
0.000893577191249384
0.0008935692311856647
0.0008935086908887779
0.0008934648869472483
0.00089341630333728
0.0008934106376914386
0.0008934074944728088
0.0008934070813944039
0.0008934070243937775
0.0008934070051991316
0.0008934070142684325
0.0008934070157816665
0.0008934069944873668
0.000893407017113268
0.0008934069941342604
0.0008934070137012751
0.0008934069937774347
0.000893406995789936
0.0008934069937774347
0.0008934070029622543
