0.9974570225076506
0.9942676834987791
0.9825575195686423
0.9996204578339272
0.9929056582511433
0.9780192614951315
0.95375294410906
0.8070304233675566
0.8983060251416617
0.6424217037179805
0.9961660119483255
0.4083525478811044
0.9986280773468921
0.9989448194268625
0.7800400313407208
0.5909956437546846
0.47929755173383815
0.3809965155904659
0.2284660704568391
0.1671013204272
0.030657103911694683
0.014800749692593207
0.01291132539591544
0.007883980833613524
0.007744524525729268
0.007451250522202357
0.007016608561830395
0.006565113413790513
0.006354732842871524
0.006297268080102558
0.006264899615121666
0.0062019597455637565
0.006113798999409559
0.006010096827330891
0.005909716325042891
0.005794470000235641
0.005645149719685327
0.005492642446876694
0.005399186238405518
0.005358740680279639
0.005319855850343169
0.0052299737912282485
0.005034359253813958
0.004650421154986428
0.0041999191276623216
0.0039704190389143745
0.003862492107006843
0.0038253834165125067
0.0037612526965521975
0.0036706424351183875
0.0035904780206205134
0.0035596761957160106
0.00354876177135538
0.0035335310145224175
0.00350135682267394
0.00344456314850905
0.0033806829312232334
0.003338865049191453
0.0033172095628147824
0.0033023815775553578
0.003275150006083749
0.0032276499055819974
0.003175496046286752
0.0031492361559147253
0.0031432330852962376
0.0031419184612581086
0.0031406043506015946
0.0031362354811170223
0.0031296763982473497
0.003116939833485266
0.003096020469990246
0.0030656861847717654
0.003037626121057291
0.0030244643933391435
0.00302171669715523
0.003021084492489612
0.0030202258566398577
0.0030181835704508053
0.003013435385127383
0.0030029225758417266
0.0029838137055411273
0.0029597582753295715
0.0029400652558637663
0.0029266775968129766
0.002918322654724137
0.002911105597059982
0.0029068044244299207
0.0029051267585321616
0.002903852219175329
0.0029013320196860093
0.0028965059660419623
0.0028888670085245316
0.0028797801674875223
0.002870634531584093
0.002859644308491893
0.00284221575761745
0.0028139990099974588
0.0027777165033295304
0.0027412903961220314
0.002705625552469393
0.002667506463791769
0.0026286097427807853
0.0026029832976318668
0.002593561124442867
0.002590678506739108
0.00258807899956659
0.0025824601816694104
0.0025732348561857687
0.0025617940472349443
0.0025530163606143352
0.0025471722763393267
0.0025419298410173097
0.002533490548806583
0.002519284028995372
0.002500309181307614
0.0024827119450019364
0.0024720909916619016
0.002468816361336945
0.0024678249673331654
0.002466916261275154
0.0024655310944107778
0.0024625368286231852
0.00245533426799327
0.00243803817116639
0.002402797503097076
0.002354600913674676
0.002312551762247761
0.002285043665582631
0.002270008284260494
0.00226793979164458
0.002266674955393011
0.0022656125073780564
0.002261594176780568
0.002257141847167188
0.002248977304225852
0.0022426290478325117
0.002239084447829831
0.002237981308580439
0.0022373986411461932
0.002236053682864114
0.0022331968120679613
0.0022266058900659025
0.002213105755241085
0.0021887699118107173
0.002158515624023305
0.0021320896968071157
0.002113433376916718
0.0021045159711913786
0.0021017061329944853
0.002101439941692207
0.0021013734949830165
0.002101313897488133
0.0021008684468448724
0.0021002392140666015
0.0020986592378695046
0.0020965839445501455
0.002094949791037526
0.0020944113422655675
0.0020943214991117065
0.0020942719295690693
0.002094132194213616
0.0020938088377724373
0.002092983554635053
0.0020911614334273576
0.0020878942249892285
0.0020843327429322933
0.0020824677612653053
0.002082019621465314
0.002081929181329212
0.0020818205736942152
0.0020815546588071054
0.0020809947117345073
0.0020798259368454697
0.0020779891052638555
0.002076367013066127
0.002075578909314535
0.002075302173276339
0.002075248351570469
0.002075213936411857
0.0020751504942891907
0.0020750223775802823
0.0020747064596541853
0.00207396546852906
0.00207236385652515
0.0020696901376831556
0.0020670971873312793
0.002065988244472572
0.002065766275140546
0.0020657179592279418
0.0020656604053362893
0.0020654811157142516
0.00206505607214974
0.002064040269715184
0.0020619784573616684
0.0020589853290385873
0.0020566126703394083
0.002055702158001549
0.0020555514888629944
0.0020555253867753365
0.002055482999847258
0.002055392824200253
0.0020551922949293977
0.002054800824715486
0.002054240846969535
0.002053807311341471
0.0020536640777949478
0.0020536436598940777
0.002053635693653688
0.00205361899739942
0.0020535751548376724
0.0020534613956069703
0.002053187497937592
0.00205257449635321
0.002051521655053845
0.002050412760948639
0.002049864590315975
0.002049748094124504
0.002049726978025357
0.0020496993034287425
0.0020496250635586577
0.002049452363905635
0.0020490389432840095
0.002048123410263447
0.0020465762179439073
0.002044947199401126
0.0020440800628208633
0.002043914121306889
0.002043901609574239
0.00204389257966886
0.0020438722674440135
0.0020438255718273624
0.0020437119717940933
0.0020434325156361566
0.0020427259762578753
0.0020410740409032013
0.0020381176976013715
0.002035158994486197
0.002033261288200916
0.00203255355443821
0.0020323739170651223
0.0020322883886649823
0.0020322244765494935
0.0020321034449391484
0.002031941187402797
0.002031529588294334
0.0020304631235700255
0.002027017874244086
0.002022392730212319
0.0020178529219802566
0.002016133034758838
0.0020158022804666054
0.002015606921684343
0.002015538567450792
0.002015507716085718
0.002015487271785077
0.002015459986055901
0.002015411390377253
0.0020153338680870547
0.002015103161436438
0.002014573330234748
0.002013308569289718
0.002010813091269048
0.0020072636413362988
0.002003395647264372
0.0019996384419815882
0.0019992062247712328
0.001998347671145706
0.001998220314534449
0.001998035188003733
0.0019979189851589974
0.001997724734876749
0.001997543594035811
0.0019973145696031147
0.0019968328241041222
0.0019957919624533638
0.001993150043412939
0.0019873123438777784
0.0019780385206979445
0.0019777293625125036
0.0019718330664486583
0.001955102830057842
0.0019568439077130018
0.0019470415807825159
0.0019683006492907107
0.0019363006499261148
0.0019304203611953952
0.0019241603332170176
0.0019204807230169263
0.0019156930793500782
0.0019085270456783987
0.0019061563170377216
0.001902271057245608
0.0019030247693844204
0.0018942455063153396
0.0018848479238844362
0.0018810581076911248
0.0018770903403783068
0.0018728005723436802
0.0018694077316379065
0.0018676445399252728
0.001866193819844597
0.0018638549384930037
0.0018603397400636101
0.0018587922884049646
0.0018570403263991064
0.001856114774141937
0.0018557809399353808
0.0018555956754844338
0.00185538708752786
0.001855187959211857
0.0018550977710301564
0.0018550112018265175
0.00185490494655971
0.0018547888921170985
0.001854616504124662
0.0018543297246674806
0.001853883028242631
0.0018533038090961518
0.0018525639713971032
0.0018515690861520828
0.0018500592613727163
0.0018475512539311567
0.0018438392959033711
0.0018400093128785877
0.0018372291529966667
0.0018356052510485332
0.0018347629835538948
0.0018340962517141013
0.0018334363973384615
0.0018331597271932232
0.0018329209948939607
0.0018326262534035798
0.001832155543510794
0.0018316307703275525
0.0018311851544559055
0.0018309792754037657
0.0018309215407882884
0.0018308916350753268
0.0018308610961472738
0.0018308241931368485
0.0018307777872669795
0.0018306895022353054
0.0018304841956964246
0.0018300260730906293
0.0018291002809340262
0.0018277189015044604
0.0018264770572962163
0.00182596360509657
0.0018258707842806476
0.0018258577348602145
0.0018258531208669715
0.0018258491576770286
0.0018258437319965681
0.001825828114794592
0.0018257904960228832
0.0018256945013722659
0.0018254409815198214
0.0018248066689358078
0.0018233048673801933
0.0018208190463763207
0.0018178072940815415
0.0018154144139683193
0.0018149724626215225
0.0018132878107943173
0.001813199174028779
0.0018131370715857575
0.0018131191850717654
0.001813111014981772
0.0018131059458119658
0.0018130999241602885
0.001813094344623678
0.0018130855710871696
0.0018130671727796255
0.0018130236890239182
0.0018129261696028243
0.0018127201708916796
0.0018123836602020327
0.0018119687213146718
0.0018116929775701118
0.0018116493915202314
0.0018116434594239728
0.0018116420908982356
0.0018116405735934538
0.0018116385905699306
0.001811633724083661
0.0018116197581685145
0.001811584655035614
0.0018114983911699523
0.0018112994735476895
0.001810920970195029
0.0018104328902018296
0.0018101077292241308
0.0018100193220151883
0.0018100111361520344
0.001810009952205871
0.0018100083834581282
0.001810003715713271
0.001809993970246393
0.0018099720895937699
0.0018099185554525943
0.0018097866978895594
0.0018094674456468618
0.0018087558921255908
0.0018075276730456502
0.0018061934628290643
0.0018054670964889885
0.0018051026456494257
0.001805044000779965
0.001805033356223451
0.0018050277041020135
0.0018050235782380852
0.001805012410823259
0.0018049877485223909
0.0018049182584334855
0.0018047517440582528
0.001804352934582365
0.0018035786026649459
0.0018025066579028248
0.0018017556243544175
0.0018015259392105132
0.0018014941112667326
0.0018014899401341267
0.0018014893699392354
0.0018014890035307207
0.0018014886973315436
0.0018014881285666196
0.001801486962642762
0.0018014849260525878
0.0018014790254498037
0.0018014643169371736
0.0018014338498368865
0.00180134973625945
0.0018011944241885236
0.0018009756008698363
0.001800838104551894
0.0018008068150610068
0.0018008036391483073
0.0018008033751870656
0.0018008032334405621
0.001800802647122568
0.0018008013465188322
0.0018007977745148063
0.0018007894311000139
0.0018007688589400939
0.0018007223312428988
0.0018006304469334045
0.0018004959377312946
0.001800369208075192
0.0018003138058409474
0.0018003085496214877
0.0018003082018338556
0.0018003082048509977
0.0018003082231665135
0.0018003082248826963
0.001800308216526103
