-0.5907734364472235
-0.9254207671810091
-0.6880488375959654
-2.7108052923243857
1.55133833482645
1.049470398434638
-4.457396317601944
-2.7023987712689594
-5.9119573000586545
-4.766297142997439
3.7070142955104073
-0.7722115368610123
0.28765775017345635
-0.0059698797392696325
-0.017173961227853966
0.007999593357233045
0.006363835283363055
0.007121574118794823
0.00526886349160205
0.0027737252766851074
0.0014200912043405367
0.0022857771804013797
0.004496590673751032
0.005812323967045374
0.0067198688853776604
0.007724381800918069
0.008033229771543374
0.007149688416445409
0.006024029510847113
0.0053680047651140286
0.00475624699444922
0.003931128413765018
0.0031930563643952845
0.0032235320263928275
0.0041833942383488806
0.004964463267973052
0.005268975982005884
0.005604204919926085
0.005984521885619621
0.006199724706638094
0.005602882148621207
0.003364211858485672
0.000256334759477879
-0.0018643469212985707
0.0012909014504009168
6.011661247086594e-5
-0.005999405476587687
-0.008148190667058226
-0.010676200860879332
-0.006473009745220715
-0.00013797871378276767
0.0014818728273609655
0.0011405621554700799
-0.0010139381291175698
-0.0009837774571837326
-9.681376071890655e-5
0.0010650793789689838
0.001425844985840957
0.0026368423830918338
0.003632998481760505
0.003580689828057747
0.0028328706576730917
0.0021248217740931353
0.001233715918401922
-3.961164144101873e-6
0.0003931661460152531
0.0006406696825616664
0.001673746314349986
0.0032753073005604913
0.005714941090638415
0.007411381518643696
0.007840445900967084
0.006992406934012844
0.00400054604198027
-0.0022890604383772367
-0.006726274552988234
-0.008634307400622524
-0.006956146365826862
-0.0025003314875333546
0.0014375017392825873
0.0013538530859869588
0.001178920848861793
0.0010571221067569585
0.0009399616655191366
0.000800358735649834
0.0007110042041653696
0.000681172707166625
0.0007976210121455729
0.00106752664960824
0.001289313791903403
0.0013219134380124948
0.001232799781600965
0.0009995676797800465
0.000542782601811796
-0.00028289385099038514
0.0008327606058570044
0.0005772402061955955
-0.001055510304965224
-0.0009283935566649722
-6.530316490165294e-5
0.0006838844940376417
0.0005173243658306041
0.0006083112153392467
0.0009637667469203685
0.0015905936294368195
0.002485517662591196
0.0029083303678768243
0.0023588561984904492
0.0012412205787172515
0.00019243736083422069
-0.0005244596297784386
3.0689087339595385e-5
-0.001012362576892746
-0.00011772707836228002
-3.483215532798349e-6
6.844732594054204e-6
-7.319706917480325e-6
-9.349560766601741e-6
-1.835391447240869e-5
-8.098168115188169e-6
5.380705177952135e-5
0.00016998033099937382
0.0003880881878014896
0.00047372911152490193
0.00048558431669518457
0.00046988389078023315
0.0004089315998992919
0.00026371577932581577
-0.00012989821102079137
-0.0003464466634461197
-0.0012109681025680333
-0.006600835716868131
-0.006566441048125466
-0.006651645045385877
-0.0067092527131083855
-0.00671870272899656
-0.006457773660226294
-0.005454227013974593
-0.003388184097320812
-0.0008263482054044467
0.001324854899542908
-0.0020795996668596397
-7.48182026589668e-5
0.0005597494757856369
0.00017092608914373467
-0.0010396559973266527
-2.743316946957487e-6
8.638246772394223e-5
9.726851494998745e-6
-0.001141812828513144
-0.00010338438101506735
-4.125367575884666e-6
3.7339815952198334e-6
-2.2476999991138296e-7
1.6969305070322445e-6
8.675820125411248e-7
2.2110948008830823e-7
-5.785647708928606e-7
4.8859442448835e-7
2.9521790518704117e-7
2.2110948008830823e-7
-0.0011506412938368103
-0.00011528289889163926
-1.2967374430586647e-5
-1.1974946462861525e-6
1.2046457246843185e-7
-4.80086499852388e-7
-4.457896375031304e-7
2.2110948008830823e-7
-2.1175500050988044e-7
2.2110948008830823e-7
-4.2676074775546604e-7
2.2110948008830823e-7
6.277323163705276e-7
2.2110948008830823e-7
1.9912839050947612e-7
2.2110948008830823e-7
5.895560500733944e-7
2.2110948008830823e-7
1.118190084348149e-7
2.2110948008830823e-7
1.247856767521197e-7
2.2110948008830823e-7
1.0214739779972884e-6
2.2110948008830823e-7
5.148742242855353e-7
2.2110948008830823e-7
3.3007792373467666e-7
2.2110948008830823e-7
3.979540486166006e-7
2.2110948008830823e-7
9.797954406556906e-7
2.2110948008830823e-7
8.388927856541831e-7
2.2110948008830823e-7
9.787554578344218e-7
2.2110948008830823e-7
9.725800492535464e-7
2.2110948008830823e-7
9.642699343414803e-7
2.2110948008830823e-7
9.867841802329224e-7
2.2110948008830823e-7
1.0166363354387198e-6
2.2110948008830823e-7
1.0166363354387198e-6
2.2110948008830823e-7
9.529983928732852e-7
2.2110948008830823e-7
9.529983928732852e-7
