0.9879458367911826
0.9534356577555898
0.911525366630298
0.8551084318167057
0.7446568958459219
0.7316421516263022
0.9960714443919241
0.9778845719409518
0.754126191506808
0.6649398266535351
0.17693248853498766
0.9311435390206475
0.09625300432907513
0.04763330261295762
0.034217021794565816
0.01297754811571511
0.010007581746643346
0.002426264669278533
0.001968648753638169
0.0017587114592772513
0.0015141236032889527
0.0013034255474937417
0.0012382472034730974
0.0012067510667223003
0.0011668206594152575
0.0011181996539450512
0.0010492173678089967
0.0009793473722883306
0.000919131482704727
0.0008751441312502273
0.0008359297816818989
0.0007895798798336351
0.0006960736774964671
0.0005627173994961487
0.0004349653623857974
0.00037761298059646453
0.00036776848482711344
0.00036416388521104404
0.0003564756386266743
0.00034074183274956926
0.0003094660203128985
0.0002651552423579284
0.00023845997281624065
0.00022274379178804926
0.00020974218646019338
0.00019765946697136716
0.0001872396294861356
0.00018315400751944821
0.00018088683055883514
0.00017712003017034128
0.00016929952823413474
0.0001555330102075425
0.00013984419743234833
0.0001289253245657096
0.00011842903997094645
0.00010552199140267948
9.037456402105626e-5
8.093156526167711e-5
7.856309938342187e-5
7.842539773855739e-5
7.843649810124198e-5
7.843700727616643e-5
7.843130039431045e-5
7.827447353037087e-5
7.804618100942795e-5
7.728640362908434e-5
7.66212316747894e-5
7.561601904221282e-5
7.471230424938025e-5
7.397397970659858e-5
7.333119230129581e-5
7.239363142369504e-5
7.123795708380287e-5
7.046191451987038e-5
7.022691448194118e-5
7.016914686641673e-5
7.011603703493963e-5
6.997474670522585e-5
6.966312496831106e-5
6.899107096680623e-5
6.812168199643587e-5
6.50928770742909e-5
6.480817109771886e-5
6.388152003661274e-5
6.31112826749991e-5
6.214202040205619e-5
6.167566149728465e-5
6.159615137535379e-5
6.158847835763259e-5
6.14681031977371e-5
6.108682867755899e-5
5.945913601601571e-5
5.35035233581449e-5
4.6907959910413854e-5
4.0937972907884035e-5
3.762185265776541e-5
3.710073521490109e-5
3.706166672945432e-5
3.706206388515154e-5
3.7057283189478873e-5
3.714557769407545e-5
3.704179911501182e-5
3.7037663074945826e-5
3.7022655589358244e-5
3.700855534194414e-5
3.696872481057101e-5
3.6879001060530214e-5
3.6575286919360295e-5
3.628278698153409e-5
3.5425464326721556e-5
3.44216863477631e-5
3.36934135417577e-5
3.3504982216214785e-5
3.348866352664848e-5
3.3483556062086084e-5
3.346432409812028e-5
3.342236659653608e-5
3.333570125263474e-5
3.320218459634816e-5
3.3073162394980926e-5
3.297361712761848e-5
3.226178694992754e-5
3.19570097565558e-5
3.162507745441134e-5
3.144197510679403e-5
3.0931553251623e-5
3.00514158341203e-5
2.8556449899519443e-5
2.6942466721135983e-5
2.5430711434459852e-5
2.5545105929003498e-5
2.4733071714522215e-5
2.4235862375987516e-5
2.4163447910785507e-5
2.4132724578018738e-5
2.4152460491366767e-5
2.4131124854831487e-5
2.413227311570676e-5
2.4120656006376695e-5
2.4117706093618185e-5
2.411482533432041e-5
2.4113071774578554e-5
2.4105586552747305e-5
2.4097782956589153e-5
2.4070052299707267e-5
2.3964826118327842e-5
2.3644031402925147e-5
2.2939160247870127e-5
2.1689874212138527e-5
2.0207931430538117e-5
1.9091957060290987e-5
1.8616329949261434e-5
1.8426236777002725e-5
1.8368311903715906e-5
1.8405734111714978e-5
1.8341359913631727e-5
1.8336063708712658e-5
1.8336930408313634e-5
1.8336250783457242e-5
1.834450015769651e-5
1.8336680133179684e-5
1.8336405624153063e-5
1.8336508638749915e-5
1.8336552194075928e-5
1.8336505715199625e-5
1.8336499637838788e-5
1.83365161639526e-5
1.8336497366600035e-5
1.8336491373061037e-5
1.833651189708796e-5
1.83365002397462e-5
1.8336491373061037e-5
1.8355718029383628e-5
1.8337341910257265e-5
1.8336565002829985e-5
1.8336512308647634e-5
1.833651333071895e-5
1.8336508693206355e-5
1.8336512394467874e-5
1.8336491373061037e-5
1.8336495655857377e-5
1.8336492603854282e-5
1.8336491373061037e-5
1.833649133564652e-5
1.8336492603854282e-5
1.833649133564652e-5
1.8336492603854282e-5
1.833649133564652e-5
0.04577150626472842
1.8553605717952504e-5
1.8339899669927995e-5
1.8336742309610354e-5
1.8336533294582846e-5
1.833651167004735e-5
1.8336505128280223e-5
1.8336486082404235e-5
1.83364943218689e-5
1.8336496999782348e-5
1.8336486082404235e-5
1.8336509859162575e-5
1.8336486082404235e-5
1.833648495286333e-5
1.833650000393483e-5
1.833648495286333e-5
1.833649887938993e-5
1.833648495286333e-5
1.8336486741876712e-5
1.833648495286333e-5
1.833648938665e-5
1.833648495286333e-5
0.0457726619750593
1.8553836906742838e-5
1.833988265087516e-5
1.8336756920867003e-5
1.8336524786388697e-5
1.8336518461059548e-5
1.8336507074501185e-5
1.8336522154160928e-5
1.8336488782244587e-5
1.833648495286333e-5
