-0.5907734364472235
-0.18953750220652413
-0.8265545641590554
0.05471165459965462
-0.4454537794425668
-0.05623546659892656
-0.0936228344350191
-0.2506042425596122
-0.4908295401922751
0.10944076920049042
0.40240766659371346
0.7946678227278847
0.04510815800052779
0.0738267680495174
-0.08614868791476245
-2.321537596731505
4.121050060119053
0.289839011962874
0.8064193095198496
-1.9508407650278874
0.09634588098252864
-1.0508125224932496
-0.08262098402090795
0.007031318523392421
-0.037534006216423686
-0.0010926204559322927
0.0029767454692351345
-0.00011887152936179528
0.001642030834681285
0.0001505555267900839
-7.409470693602038e-6
9.838622073554334e-5
1.1209988068226068e-5
-1.5062725514450315e-6
4.377672532014307e-6
-5.035508186188031e-7
1.5434313203194217e-7
-5.51349412757085e-7
-6.700548350786761e-7
3.813057022628019e-7
1.5434313203194217e-7
-10.422478447409405
-1.4110130483740737
-0.18775201818103007
-0.025418255427111607
-0.0034513265419526193
-0.0004685365559963482
-6.434590982502472e-5
-8.665473694855624e-6
-1.1062304738906903e-8
-5.595770053434812e-7
-1.0514412304221676e-6
-3.5422287743627767e-7
-1.6459379701024013e-6
-1.1062304738906903e-8
-6.035881336078491e-7
-1.1062304738906903e-8
-2.050563661100402e-6
-1.1062304738906903e-8
0.0037420326448534408
0.01578363907542482
0.01875541305604582
0.03419752918851516
0.030903276830479103
0.020744042416731952
-0.007657051310621088
0.009337814626149011
-0.24700087795801554
-0.00044439101773581166
0.006945859711987511
0.0017064711254722118
0.00039544324364012597
0.0001870713854958267
-0.00023374646391142138
0.00010139154388758356
-0.00012189022034152404
5.4485827694624595e-5
-6.258392437433029e-5
2.8291203615844404e-5
-3.25467326170014e-5
1.5398939056615255e-5
-1.644438890472527e-5
7.781442293033902e-6
-8.631635086062128e-6
4.458907625579447e-6
-3.5076654959706466e-6
2.2631066205949096e-6
-3.101062840850724e-6
1.4092753576975398e-6
1.2104891834920778e-6
1.3360298915087582e-6
8.621880568434465e-7
1.1015979501025064e-6
1.146510405503065e-6
8.621880568434465e-7
-2.4009491521452273
-0.02611617861647591
-0.00180097152404665
-0.00013915999046436658
-9.908678621025138e-6
-3.711599830934914e-7
8.768681228846914e-7
1.272404777791225e-7
5.212788486107234e-8
6.287283683664019e-7
3.6234688418658456e-7
2.0704281004577108e-7
5.176147775346612e-7
5.212788486107234e-8
-0.44000085639420994
-0.01584919924274974
-0.001373778795429213
-0.00012671296213553548
-1.1309937309840132e-5
-8.186108630247463e-7
1.2563428600578797e-7
6.956523980923557e-7
9.677303213946609e-7
1.4399759056676897e-6
5.212788486107234e-8
