0.9974570228357974
0.9942814021696588
0.9825502767697493
0.9919503325258383
0.9793757639863894
0.9570643063304853
0.8591933439823825
0.6761473802392064
0.5181256834437691
0.19581529379133472
0.058428360082994624
0.004564843745458513
0.0012848992652105817
0.0006471467003363873
0.00039099306362327946
0.00035732360679618935
0.0003395126932343451
0.0003127115094218591
0.00029202247730014674
0.00027203195122826873
0.0002484486467579927
0.00022026725428403449
0.00020412284928339464
0.00019830667166942373
0.00019575211051353625
0.00019170453410710664
0.0001844451781903289
0.00017499596086484326
0.00016892637583443282
0.00016672602476630605
0.00016536202042000125
0.0001633610453188883
0.00015891224471686893
0.00015235175931382905
0.00014646320443456595
0.00014417550258699618
0.00014364208333361717
0.0001432309791290498
0.0001420636267503994
0.00013924988986752096
0.00013260200386416843
0.00011848478714981958
0.00010755499113335176
0.0001001694389411445
9.884672212295831e-5
9.864693643762967e-5
9.738878727783007e-5
9.550443942268894e-5
8.993088073683264e-5
8.808070093069276e-5
8.740639543319828e-5
8.731120665445014e-5
8.711567161301392e-5
8.687149209385403e-5
8.642810750808527e-5
8.598601636289338e-5
8.558354070087315e-5
8.522734545157729e-5
8.394928002258828e-5
8.281554132560931e-5
8.113728344821824e-5
8.080308513253032e-5
8.074390679413401e-5
8.072476923320915e-5
8.065972528287224e-5
8.052377889689044e-5
8.019811497544937e-5
7.957464777430534e-5
7.86082328023685e-5
7.75830254338139e-5
7.678183263648553e-5
7.603684519053022e-5
7.482401734043576e-5
7.24956156336054e-5
6.739179439196885e-5
6.392271817412531e-5
6.172901762024896e-5
6.140124206632791e-5
6.136929988947992e-5
6.13648144055512e-5
6.136112520377379e-5
6.136221755581595e-5
6.135951246277749e-5
6.137346047746517e-5
6.135720573718917e-5
6.135284737412983e-5
6.133952164460998e-5
6.132513511913906e-5
6.125631750725224e-5
6.124148360153736e-5
6.122178311396276e-5
6.120860681091411e-5
6.117465532107236e-5
6.110450111873611e-5
6.0928088794154345e-5
6.053166272501631e-5
5.974479268677779e-5
5.8629559205547466e-5
5.755027577425409e-5
5.697073843224931e-5
5.684842889630559e-5
5.670385448225401e-5
5.63251014377153e-5
5.551222634730957e-5
5.4026708563137404e-5
5.2250134854825436e-5
5.043300530443995e-5
4.9532124302253955e-5
4.9473757007534314e-5
4.945741413203697e-5
4.945662605626566e-5
4.945458829419547e-5
4.9446102433736705e-5
4.943837203330581e-5
4.941294158072873e-5
4.938343065330475e-5
4.921964340298679e-5
4.916673791188764e-5
4.91375082726786e-5
4.913449178278739e-5
4.9133935083600644e-5
4.9134621209312446e-5
4.9137808324495325e-5
4.913468062972548e-5
4.914296719782385e-5
4.913417111856999e-5
4.91443891411647e-5
4.913338272050094e-5
4.9143242421612054e-5
4.913268864747966e-5
4.913339422896179e-5
4.913338677586809e-5
4.9133365447706634e-5
4.9133375436771765e-5
4.9123292526598306e-5
4.9118289151439676e-5
4.911032793031289e-5
4.9088573689348713e-5
4.90482262629488e-5
4.8919053475871e-5
4.880182703109748e-5
4.8697058505020596e-5
4.866689645927069e-5
4.866051061408472e-5
4.865379161556049e-5
4.863404868382659e-5
4.858370391469524e-5
4.844919037910733e-5
4.8111776177972576e-5
4.736294978369138e-5
4.6265936779588124e-5
4.5417735090369504e-5
4.5089170640444376e-5
4.50365174949896e-5
4.503278255851839e-5
4.5020519258365255e-5
4.499941756674897e-5
4.4946961477720926e-5
4.485111513286011e-5
4.4717542608596617e-5
4.462088817658305e-5
4.4572391960318036e-5
4.455645722722945e-5
4.456133443303534e-5
4.455644841028228e-5
4.455645401618691e-5
4.4556451056387836e-5
4.4556444353416325e-5
4.455646273948677e-5
4.455645074236125e-5
4.455648484874564e-5
4.45564531892928e-5
4.45564607354787e-5
4.4556451056387836e-5
4.4567489297153706e-5
4.4556513465132674e-5
4.455646087209164e-5
4.4556464549982966e-5
4.455646241396938e-5
4.455645160145183e-5
