1.0439843725958806
0.8720900852063316
-1.671432314274504
-1.5679117410148542
2.9982305565859826
-0.9172508647964801
-1.7085335804506199
1.0768625838725214
7.327981149310603
3.006049198719248
5.483251399058959
-4.059246913992805
3.2465247576621934
-0.69797656417788
-0.665865787791747
0.40501847389883666
0.20194274276909974
-0.2683732922893778
-0.06793361637080003
0.034140169606069345
0.07116842236146328
0.051427244581103926
-0.007454687620707492
-0.03141189380832529
-0.0644419252727955
-0.07974606657165385
-0.07267439330258105
-0.0427350324859906
-0.009403330619303114
0.005390366286651221
-0.01966016471015036
-0.022916140672322803
-0.04801733934781548
-0.08154761795606087
-0.09608427184536958
-0.07367952710573687
-0.04769169498150516
-0.03331067684551926
-0.012038108445041659
0.013545053430980013
0.018541232763536586
0.01225824346771151
-0.014001546015976935
-0.028668786261160154
-0.04389953943117912
-0.049044533895312326
-0.04002472651397489
-0.025865322047151137
-0.015840059061567394
-0.004827994983165797
0.008148013064946929
0.0021173269968710086
-0.009714515581248431
-0.012492165599542405
-0.020070796844486982
-0.028629204451207733
-0.032082684370037924
-0.022888989612700472
-0.009702267471544858
-0.0030754236470898018
-0.0005628166605612566
0.0022553317810340475
0.00013607253569308678
-0.0006879825920616416
-0.0008923846699570685
-0.0016472077085459536
-0.0022700893312402907
-0.003043521076942427
-0.003531452485410065
-0.0037412652027006
-0.0037611104853927674
-0.0037072830780200267
-0.003643068275339916
-0.0037023720712236648
-0.0037845418881352656
-0.0037256304343943857
-0.0035219563023269956
-0.0027414550549004777
-0.0006582119218289635
0.004419440012176747
0.0071223597289301185
0.02112402728985781
0.020467329252987717
0.013585281219257088
0.004498167853053338
-0.011533802196088473
-0.007872579102878667
-0.0040019639470557184
-0.0034241267329894144
0.001565304390307676
-0.0007036075098915536
-0.0025863328768311925
-0.010806610331832951
-0.01596070945254106
-0.011223950307418377
-0.004521684115551088
-0.00042840000198478214
-0.00026944723613228964
0.0006263190276138628
3.630338986025379e-5
-0.0008694320987996866
-0.00017787352092853061
-0.00012242164102093875
0.0002839404914069799
0.00021127186618942668
-7.688768959545418e-5
-0.00029647076375427734
-0.0011868068654621467
-0.001879509202290798
-0.0038401444290953723
-0.005854670770131112
-0.0057219244958182916
-0.0036949416307608556
-0.0026680150951540597
-0.002282786091758544
-0.001112170988286981
0.0011358055231494133
0.0005660702739854967
-0.0006001769703419642
0.0008130704365720935
0.0016962193481809681
0.010613663992251268
0.01458829821905176
0.018384765309141432
0.019375282239041246
0.02022353749420179
0.0191071906336196
0.013172756975464777
0.0027602960598280524
-0.0057716633174794505
0.012303321301677342
0.0014058148727193478
0.0006741443424697394
-0.0019256313468396832
-4.7330433032604616e-5
0.0027104956335467483
0.0003615646745012135
3.455457585606548e-5
7.595371309188667e-5
5.165873992741399e-5
-8.09289314147052e-5
-6.962189896842917e-5
5.782273220565658e-5
1.8199838066663098e-5
-0.0001359159700903452
-0.00037374570309112924
-0.0010936098186136844
-0.001687463347221314
0.0009758782450511596
0.0006062002088801871
0.0010687872732695277
-0.0025793847173699634
-0.0004458819175400246
0.0004266039958559963
-0.0013649120386779658
-0.00021777385989546293
-9.893444423689086e-5
4.995105301536816e-5
-3.922848142414175e-5
0.0006018203478730658
2.366017351345255e-5
-1.5294786010612425e-5
-5.963567551475106e-7
7.53249179658678e-6
4.0719107577384e-7
-1.5442689324198693e-7
2.73724067787189e-8
-3.7004160123779294e-7
-2.9355399477242524e-7
-1.9895948780577675e-7
-1.6391538723190772e-7
-2.9355399477242524e-7
0.0012654256104831134
0.00011084479598226499
1.023778633571787e-5
8.078789601293786e-7
-5.215743942238525e-8
-1.5991758901598278e-7
-8.169007059802324e-8
-2.9355399477242524e-7
-2.4189129547598216e-7
-2.7225125946661545e-7
-2.9355399477242524e-7
-2.470546834790172e-7
-2.7225125946661545e-7
-2.470546834790172e-7
-2.7225125946661545e-7
-2.470546834790172e-7
-0.4416261449738881
0.0052552171914358415
0.0003688589561047108
3.40578051890796e-5
3.1812652790611917e-6
1.1835742519140111e-7
-2.430236793983173e-7
-3.409348221558692e-7
-3.434243759132421e-7
-2.510061810573561e-7
-3.409348221558692e-7
-1.035559567584359e-7
-3.409348221558692e-7
-3.682579506797038e-7
-1.646091960471577e-7
-3.682579506797038e-7
-2.1562688781288388e-7
-3.682579506797038e-7
-3.613811631142334e-7
-3.682579506797038e-7
-3.2452382636697264e-7
-3.682579506797038e-7
-0.4416409868466806
0.00525837878322509
0.00036888466591275787
3.421712412036823e-5
3.0684989103541157e-6
1.8352332584672276e-7
-2.1781862031021232e-7
-9.876956006553189e-8
-2.8984947654003737e-7
-3.682579506797038e-7
