-0.06056522913738509
9.596582900191132
0.02938664675227424
-0.021919097124330232
0.04760827325353434
0.013176121992550738
-0.0498620625327673
-0.005974003007240253
0.0015684826467840252
-0.0025287893548135193
-0.0010899835832902903
0.013489003784584742
0.00882262830980027
-0.0013080828669206242
0.0044917174959276055
-0.014103816109349923
0.0006123714916641212
-0.030677864543726324
-0.00369637424037975
-0.0002056954462496421
0.00021093054719294608
2.92393385656811e-6
-0.00013591432771355383
-1.7765810414160574e-5
-1.0803083553261462e-6
2.1750731110425144e-6
3.851523662489755e-7
-6.70084936636099e-7
-6.427171812994534e-7
-6.448982901944558e-8
-5.869446142313015e-7
-6.70084936636099e-7
0.0004037485124244144
0.0004001533516155424
0.00014223758562090062
-0.001076464534865968
-0.00027958744966488186
-0.00030642453765216044
-0.00017970253746475538
0.0001461333512737438
6.707617338907872e-5
-0.00031424289557798883
-4.178305413637755e-5
2.5262504796628505e-5
2.178864620599433e-5
-5.328963018906094e-5
-4.412914414930939e-5
8.3511364424071e-5
3.928641849114727e-5
-8.695953931023805e-5
-8.155159381809785e-6
1.810477989596293e-5
2.078432153605201e-5
1.5527095415735062e-5
-1.0235015614633487e-6
6.604628069147099e-7
-1.4979712316090667e-5
-9.414544524480317e-6
5.045235395751248e-6
3.816630540044513e-6
-6.350753665456939e-6
-2.398388493270729e-7
3.2405957933033066e-5
2.2592393189964328e-5
-2.0337029013200254e-5
-1.1518023481839297e-5
7.874022551369558e-6
-1.315146276295534e-5
-2.8405994350979942e-5
-5.4233714301537075e-5
-4.661107108089611e-5
-8.207468931789312e-6
3.070986681663199e-5
-1.7938084509898974e-6
1.1667064175798771e-6
-1.450319739674605e-6
-3.625537658647008e-7
-4.6742815261273645e-7
8.128275334415573e-7
-7.946801528957621e-7
-7.982139315222518e-7
-4.6742815261273645e-7
0.000113017848323108
1.275750273975371e-5
1.9080390192013588e-6
-1.767151831357625e-7
9.260715488715343e-7
2.7042126867727278e-8
1.372073716723128e-7
3.134856630724025e-7
-7.062120258574726e-8
6.938982744658594e-7
2.7042126867727278e-8
1.7462493464424098e-5
3.6260767264205412e-6
2.5998687948692226e-5
9.187975799128558e-6
2.49465118875697e-5
1.3334087394209509e-5
2.564843107135214e-5
1.686055487018666e-5
2.3046518759197148e-5
2.203245372175592e-5
7.72583317141013e-6
-3.027115639162542e-6
-9.046140300306618e-6
-1.756622396422477e-5
-1.5750262982803655e-5
-5.202517141282402e-6
-1.072811135933451e-7
3.4853994482990207e-6
-2.1453791495775658e-7
2.2997369437466672e-6
-1.1293931961118956e-7
-2.586739311109462e-7
4.3747265919754383e-7
4.442100586635086e-7
-2.1453791495775658e-7
1.0843996593884163e-5
1.6078180536548728e-6
