0.9974570228357974
0.9942690624385867
0.9825568171870946
0.9999206364266765
0.9902705371496494
0.9780414999668232
0.953862515204109
0.8121966795068642
0.9469340519920953
0.6826563445351694
0.9978103881435983
0.8809617026105049
0.8011861671416933
0.6510555944328059
0.44485185790728166
0.20829381940218333
0.0183273332859748
0.0016128407437407954
0.0011642504498577955
0.0009405035035803255
0.00039624831438100916
0.00019410713969814086
0.00012063966172248808
0.00010769118953746215
0.0001026484057816135
9.845232557359473e-5
9.51318280739688e-5
9.034357779802438e-5
8.56015255996656e-5
8.255272487173171e-5
8.095976514899128e-5
7.960213784419246e-5
7.810999833990362e-5
7.716045646344316e-5
7.689186111881074e-5
7.684149431386178e-5
7.679884180755714e-5
7.667542153622087e-5
7.638998681247511e-5
7.568859506906778e-5
7.416972133850175e-5
7.138800327688433e-5
6.7701075068205e-5
6.428193285601402e-5
6.143366284694363e-5
5.8521893502860856e-5
5.507531907256169e-5
5.2418835220224835e-5
5.1585562247935535e-5
5.149490264877432e-5
5.1482464048180354e-5
5.1466266006217065e-5
5.141929955071456e-5
5.130928343899388e-5
5.10306951699846e-5
5.037789846895624e-5
4.900497864385178e-5
4.698603133806989e-5
4.5591731505978395e-5
4.514145216055754e-5
4.5082657456396724e-5
4.508025383609393e-5
4.5080076446490924e-5
4.507867673081423e-5
4.5075047052201e-5
4.506418873861939e-5
4.5041264562950545e-5
4.499900301768722e-5
4.486317653196181e-5
4.4567395769634643e-5
4.441633092777675e-5
4.4259617753728e-5
4.4045834589501176e-5
4.3686367136142046e-5
4.349051664859216e-5
4.339133264441575e-5
4.336241903857285e-5
4.335173682079585e-5
4.334898969760026e-5
4.334775650793876e-5
4.334647468307029e-5
4.3344874407491574e-5
4.334343428458176e-5
4.334274444173225e-5
4.334249932413936e-5
4.334227578017824e-5
4.334189949845024e-5
4.334085904511564e-5
4.333875877199356e-5
4.3334559618746216e-5
4.332711009691348e-5
4.3316744028021326e-5
4.3305331279830384e-5
4.3292865792687873e-5
4.327381525842666e-5
4.3233956804056284e-5
4.316298333356672e-5
4.304458317622162e-5
4.263406723409302e-5
4.245844646066921e-5
4.238561456804124e-5
4.2306281966664194e-5
4.229781463938043e-5
4.229363701480082e-5
4.227976224330243e-5
4.224641632255555e-5
4.210909080210046e-5
4.18765867077342e-5
4.160673897396494e-5
4.146382025260742e-5
4.139455742468989e-5
4.1371502048193065e-5
4.1364686099887304e-5
4.136251164332805e-5
4.1362734500505205e-5
4.136284599992601e-5
4.1362690358037746e-5
4.136206617261218e-5
4.136115251207606e-5
4.135964128720859e-5
4.1357550632614704e-5
4.1354763629597446e-5
4.134996188109863e-5
4.134002892797195e-5
4.1315643504957755e-5
4.124799689941838e-5
4.116229412681749e-5
4.114579994923817e-5
6.180915818337906e-5
4.0991272210688656e-5
4.092383851223014e-5
4.079347132451838e-5
4.015979756794019e-5
3.9356722746797246e-5
4.7796510130648784e-5
3.870883525702862e-5
3.814178953598368e-5
3.72091332961344e-5
3.744598000809951e-5
3.706120716984174e-5
3.6963884535889946e-5
3.674889916138735e-5
3.664174724749003e-5
3.6500552649976203e-5
3.640112633435111e-5
3.622540092423909e-5
3.596164724778417e-5
3.557342716220546e-5
3.5008914959555604e-5
3.4613485169199265e-5
3.380089648441498e-5
3.273337517134545e-5
3.60490712387751e-5
3.170915155525922e-5
3.0214547797169367e-5
2.9286275954776286e-5
2.9376456027851994e-5
2.8728121527876738e-5
2.8662385184285988e-5
2.8527706201819658e-5
2.8634359715007385e-5
2.822504819677274e-5
2.7816524915902363e-5
2.7170856783498287e-5
2.697863617090457e-5
2.6718387297286483e-5
2.644605023538471e-5
2.5784500747028094e-5
2.5688298467163584e-5
2.5624160728043854e-5
2.5625422262365305e-5
2.5622229461008672e-5
2.5621376595008627e-5
2.562139915052164e-5
2.5639660916565443e-5
2.5619284994338187e-5
2.5616848126741587e-5
2.561277114321303e-5
2.5596622424628457e-5
2.5566867410120597e-5
2.5510754998903096e-5
2.5422154236842687e-5
2.533360171508292e-5
2.521528902643677e-5
2.510367424451987e-5
2.5002059109824337e-5
2.488750750728741e-5
2.4812970328746964e-5
2.4712843238738902e-5
2.449325262338098e-5
2.4329036170889218e-5
2.420290056059926e-5
2.415604333289023e-5
2.412598947082456e-5
2.4101812222454555e-5
2.4090518633446134e-5
2.4086355998043096e-5
2.4084267396584647e-5
2.4079428389500723e-5
2.4059183013347418e-5
2.403841474168944e-5
2.397280575644478e-5
2.3773689951267496e-5
2.3667446605424303e-5
2.341494660285104e-5
2.306693224579659e-5
2.2816312465090416e-5
2.2680565280208675e-5
2.25396408221612e-5
2.2486777362329402e-5
2.2462020883795564e-5
2.245482820989464e-5
2.2451692678226998e-5
2.2452476880596706e-5
2.2446659896036003e-5
2.2443631323809665e-5
2.244157826181148e-5
2.243796370404727e-5
2.2434657398540114e-5
2.2425725431485244e-5
2.2407372243460344e-5
2.234544666179783e-5
2.213230253078624e-5
2.197302506617982e-5
2.186381195018461e-5
2.202538291878886e-5
2.1739831209177662e-5
2.1669175240657257e-5
2.15099521648221e-5
2.144322831759693e-5
2.1422101847135e-5
2.1239118611404706e-5
2.0983841943544856e-5
2.128246450966431e-5
2.0787783509113034e-5
2.0815616829206185e-5
2.065508064863497e-5
2.036914902570075e-5
2.0067388566191724e-5
1.9495882308595558e-5
2.435238883713442e-5
1.9328736986956585e-5
1.9020540761582883e-5
1.966483143955866e-5
1.895264340168179e-5
1.85676584316119e-5
1.8433889484081867e-5
1.8371547448658987e-5
1.8246062177706968e-5
1.818075003651165e-5
1.814425099505579e-5
1.814507756803252e-5
1.8105515596611443e-5
1.8097054627019826e-5
1.8088536561267077e-5
1.8082192284163412e-5
1.8073980518229504e-5
1.8065905462494314e-5
1.805082157968485e-5
1.8033490398638996e-5
1.7926124577793967e-5
1.7812650351889392e-5
1.73345054537144e-5
1.6831580944343116e-5
1.6764741049390963e-5
1.6567005027001702e-5
1.6247328142315887e-5
1.6111400195084613e-5
1.589596777529234e-5
1.5792968191152834e-5
1.5682290918639374e-5
1.5592192369795477e-5
1.5474648492164178e-5
1.525738075502936e-5
1.524198813185329e-5
1.5130740970925594e-5
1.4689638859033405e-5
1.4461985657909793e-5
1.428002736214573e-5
1.4194049131610598e-5
1.4033520302159097e-5
1.3937507103045643e-5
1.384990539432529e-5
1.3560877235252455e-5
1.3372171080439088e-5
1.3138296909687153e-5
1.3088397528060458e-5
1.2932847275659576e-5
1.285383105664728e-5
1.2820403486268894e-5
1.2792050029186708e-5
1.2772706399211131e-5
1.2758052133465814e-5
1.2751083967588173e-5
1.274286728936147e-5
1.2745527122492994e-5
1.2742106813568022e-5
1.2745344771025735e-5
1.27421068463196e-5
1.2742124558595691e-5
1.2742117261821395e-5
1.2742103268736926e-5
1.2742128755682813e-5
1.2741260454030012e-5
1.2740718216663893e-5
1.2739988526799806e-5
1.2738362256792257e-5
1.2735200880742426e-5
1.2702824416788161e-5
1.2654831591130122e-5
1.2546859675999222e-5
1.239406253078501e-5
1.2165464531088688e-5
1.1753165619632355e-5
1.0050410994166814e-5
0.005182137845396173
1.5683521905229814e-5
9.817792687827342e-6
9.387108306502245e-6
9.066575229588203e-6
8.670948075883977e-6
8.515434729960969e-6
8.387187775849014e-6
8.322903710944463e-6
8.285898014048776e-6
8.249322618947286e-6
8.20770217757616e-6
8.151565592529053e-6
8.120199054217903e-6
8.114205017673015e-6
8.107253940459191e-6
8.100009466827096e-6
8.087274957990775e-6
8.069685528688808e-6
8.019292491945329e-6
7.91248217935081e-6
7.675187605193923e-6
7.2154364857413e-6
6.4271682211902714e-6
5.920141654958133e-6
6.883151931924569e-6
5.4028958760277135e-6
6.797926279722422e-6
4.987075940099395e-6
4.662951143152849e-6
4.459776391629866e-6
4.507495212580093e-6
4.359383106611325e-6
4.300065295947952e-6
4.28193667545429e-6
4.271566243385649e-6
4.265193173758064e-6
4.260756831853119e-6
4.25691706223974e-6
4.26760694621775e-6
4.252921626812789e-6
4.248086708236176e-6
4.2412732595975555e-6
4.238537073986137e-6
4.237115982352879e-6
4.234460966756615e-6
4.230889938061644e-6
4.2190778123396555e-6
4.192380885559288e-6
4.127741424997389e-6
4.003482515946288e-6
3.830979078078833e-6
3.6879573777626184e-6
3.6226049061061083e-6
3.592857012735262e-6
3.5539531236805644e-6
3.5152775941793557e-6
3.488523636185903e-6
3.4877881195383154e-6
3.4834268855532535e-6
3.4815900976647995e-6
3.4791780628706803e-6
3.4794027682916173e-6
3.479058483635278e-6
3.4789124179757103e-6
3.478826415437286e-6
3.4787367564348415e-6
3.4784970485146616e-6
3.478694736880339e-6
3.4787091341415e-6
3.478443802384934e-6
3.477617761316054e-6
3.4750572872055407e-6
3.4688934851256903e-6
3.4511386501900887e-6
3.4089649574853276e-6
3.3105481681561244e-6
3.102282511158183e-6
2.9305442250660008e-6
2.8178656031885296e-6
2.7888402278630764e-6
2.785681100181403e-6
2.785610068278821e-6
2.7849762791465338e-6
2.783492609903515e-6
2.781430197051904e-6
2.7765672085955373e-6
2.7666863297026723e-6
2.7470466521517523e-6
2.715832790878281e-6
2.6899985812178784e-6
2.683531383440574e-6
2.6811230178225287e-6
2.6812270184084497e-6
2.6811393342707213e-6
2.6807332146328022e-6
2.6798582281606365e-6
2.677717342636221e-6
2.673279400844386e-6
2.663520284607035e-6
2.6414994324652774e-6
2.589102583328007e-6
2.5972887189307237e-6
2.531887533296917e-6
2.4376344948118245e-6
2.4643713265048994e-6
2.3680303121720314e-6
2.309086452878528e-6
2.2961744411409413e-6
2.2911432387973107e-6
2.287847021664735e-6
2.2833426147061964e-6
2.279446215336378e-6
2.2800477437745492e-6
2.2728863705023805e-6
2.264827576314854e-6
2.2633276732242358e-6
2.262881265036043e-6
2.2627057617574664e-6
2.2626730031283238e-6
2.2626967838834666e-6
2.2626814311643706e-6
2.2626790875390768e-6
2.2626180983253974e-6
2.2626011343396257e-6
2.2623969472279626e-6
2.262209195191822e-6
2.2609841305309963e-6
2.2593687096783555e-6
2.254373224264139e-6
2.240922471752338e-6
2.2240885857449655e-6
2.1715578192860185e-6
2.1026199902851594e-6
2.087524035909727e-6
2.0781668338409887e-6
2.074937657581266e-6
2.0704278096972395e-6
2.069040545893408e-6
2.068353947282109e-6
2.067845669362356e-6
2.0670030729807998e-6
2.065831794573203e-6
2.063864678991667e-6
2.0605160943598655e-6
2.0581724713975014e-6
2.0544632665098206e-6
2.0518723568563324e-6
2.0398602268989485e-6
2.0312685096723904e-6
2.0108083263470355e-6
2.0001179489859133e-6
1.9995283196405644e-6
1.993064922878318e-6
1.9930965904357834e-6
1.9933075275369028e-6
1.9938711098843598e-6
1.9944627267509674e-6
1.99509635412376e-6
1.995734930482218e-6
1.995135653243274e-6
1.995561169532145e-6
1.995155071876642e-6
1.995388888065275e-6
1.9952102295883734e-6
1.9951875371848615e-6
1.99519263627268e-6
1.9951499593551247e-6
1.9951605559898056e-6
1.9951499593551247e-6
1.9967238619189587e-6
1.9952298948577862e-6
1.995230889118016e-6
1.995163976420411e-6
1.995166787338576e-6
1.9951865089518073e-6
1.9952235925657646e-6
1.9951779789417756e-6
1.995183669278866e-6
1.995216118155785e-6
1.9951786330296706e-6
1.9951779789417756e-6
1.9967284258237683e-6
1.995268490484481e-6
1.9951982961896597e-6
1.995241634189515e-6
1.9952322903304953e-6
1.995207155658374e-6
1.995196784398967e-6
1.9951965353204315e-6
1.99519842447593e-6
1.995196784398967e-6
1.9951976621412904e-6
1.995196784398967e-6
1.9951927348604848e-6
1.9952357800390175e-6
1.9951927348604848e-6
1.997112098806042e-6
1.9952369388342994e-6
1.9952346505536234e-6
1.9951960298913995e-6
1.9951917788474383e-6
1.995191885928449e-6
1.9952359235353434e-6
1.9951927348604848e-6
