0.9974570228357974
0.9942814021696588
0.9825502767697493
0.9919503325258383
0.9793738314993207
0.9570626746050149
0.8590609266903019
0.6932679412180353
0.5360899299014821
0.24449343722627848
0.6478304720957204
0.020869447952204134
0.004583484253902981
0.0010102287080723804
0.0005910254472571985
0.000369376057624049
0.00035535337307607273
0.00030875865846724526
0.00029493570450550566
0.0002688552340522343
0.0002404331263241577
0.00021404822993675854
0.00020415130949430482
0.00020086058399165774
0.00019745464055709316
0.00019039421693112235
0.00018058691789901715
0.0001724150483832787
0.00016917720159825844
0.00016794612470832915
0.00016634834919398989
0.00016282883956464378
0.00015665070160941763
0.00014952334930584676
0.0001455770961807934
0.00014452016873856
0.00014409931126618813
0.00014323841807517557
0.00014113453179448454
0.00013613505847037688
0.00012639912924145014
0.000114043706040734
0.00010420252441373234
0.00010013191590274584
9.98459602174484e-5
9.95331784867659e-5
9.786129437028279e-5
9.559332392877762e-5
8.982799922407914e-5
8.827117243914717e-5
8.768417568044695e-5
8.761395870710009e-5
8.745986613839518e-5
8.68107407007157e-5
8.634844673088837e-5
8.569909024258582e-5
8.529038918869691e-5
8.443784717765412e-5
8.265503845122923e-5
8.130435452413654e-5
8.070552378847129e-5
8.05978555868947e-5
8.058325918969267e-5
8.057407904404901e-5
8.055661769412747e-5
8.049658866127185e-5
8.016994558335266e-5
7.934443236951028e-5
7.828202508836091e-5
7.671913601065006e-5
7.53785615643654e-5
7.426851061720363e-5
7.30305006316212e-5
7.077074824968221e-5
6.741553867206651e-5
6.471597849388999e-5
6.30289157018682e-5
6.247812609477821e-5
6.186648734857192e-5
6.152227895128703e-5
6.133643767458619e-5
6.129562270257294e-5
6.129608648386409e-5
6.129620997186169e-5
6.129398109094852e-5
6.128622434298236e-5
6.12640283049748e-5
6.122229091276576e-5
6.116698742619775e-5
6.112467608304639e-5
6.11026934943526e-5
6.108425251594163e-5
6.10473033936243e-5
6.095749760798297e-5
6.072710814569726e-5
6.017129085889028e-5
5.916409339595807e-5
5.5300051274076445e-5
5.3408351317618674e-5
5.20166881787798e-5
5.1880111383295624e-5
5.1784751435302034e-5
5.170847010343982e-5
5.148055791504014e-5
5.107979859730882e-5
5.0364300853977806e-5
4.9682147573282265e-5
4.935188675314617e-5
4.925098503433256e-5
4.923893629077414e-5
4.9242677406302615e-5
4.9238536872886485e-5
4.924756290169974e-5
4.9237920728861795e-5
4.923833988867976e-5
4.9229961579966286e-5
4.9227822540520716e-5
4.9222846854102276e-5
4.921400094709538e-5
4.917826224248856e-5
4.9126640875751804e-5
4.904298896413195e-5
4.8955084889223954e-5
4.892820502511164e-5
4.892204265338762e-5
4.892007622148142e-5
4.891418574359818e-5
4.890127946244327e-5
4.8867059558532766e-5
4.881700988812465e-5
4.863440586566625e-5
4.80507409528208e-5
4.802892171457129e-5
4.800194091020282e-5
4.795933848633638e-5
4.7836442176485416e-5
4.7568829822930425e-5
4.700071265251182e-5
4.611837312035183e-5
4.522516502514229e-5
4.4750344629918004e-5
4.4788676461737786e-5
4.467972973870582e-5
4.465180221729925e-5
4.4649632638449344e-5
4.4666293497419574e-5
4.464971125928141e-5
4.464958070149461e-5
4.464969453649159e-5
4.466732097307968e-5
4.465015412313811e-5
4.464972149648139e-5
4.4649683550501695e-5
4.464972461071248e-5
4.464970262807455e-5
4.464970956097325e-5
4.4649702283572346e-5
4.464973251461224e-5
4.4649719896039386e-5
4.464970625350784e-5
4.4649702283572346e-5
4.466714335699118e-5
4.465011377030592e-5
4.464974145068634e-5
4.464974565282498e-5
4.464971941781082e-5
4.464971643702853e-5
4.464971521273009e-5
4.4649702283572346e-5
4.4649710643329676e-5
4.4649702283572346e-5
4.464971514051008e-5
4.4649702283572346e-5
4.4649712208411074e-5
4.4649702283572346e-5
4.4649718860201304e-5
4.4649702283572346e-5
4.464969425066467e-5
4.4649702283572346e-5
4.4649719806721944e-5
4.4649702283572346e-5
4.464970796025369e-5
4.4649702283572346e-5
4.464968855399931e-5
4.4649702283572346e-5
4.464971480711011e-5
4.4649702283572346e-5
4.464971377682314e-5
4.4649702283572346e-5
4.4649714657452044e-5
4.4649702283572346e-5
4.46496862610557e-5
4.4649702283572346e-5
4.464968691630933e-5
4.4649702283572346e-5
4.464968757755816e-5
4.4649702283572346e-5
4.464968913209244e-5
4.4649702283572346e-5
4.464968839734684e-5
4.4649702283572346e-5
4.464968710826689e-5
4.4649702283572346e-5
4.464968542650105e-5
4.4649702283572346e-5
4.464968542650105e-5
4.4649702283572346e-5
4.4649688227316187e-5
4.4649702283572346e-5
4.4649688227316187e-5
