-0.6252263809896186
-1.0802205437893768
-1.4732251716563494
-2.1652965490570324
0.868357985032627
-0.1610085578736597
-5.233463075675583
-4.369171298451093
-8.534795560909682
-6.026928521754836
2.5529410656031857
0.03702173108744605
-0.2511326045821187
-0.0034207054929101272
0.048441944085663734
0.024239707686662268
0.008265722133863281
-0.006974872453859186
-0.0006137794482699013
0.009623687144073207
0.015944763506768878
0.02651525908812473
0.025359349893254075
0.017265208522252683
0.011024244774946113
0.003790816219354787
-0.0032775547533845373
0.002026696351076484
0.0032795789834236424
0.01018833211683145
0.01622994436555428
0.022331776422813726
0.03027324537757712
0.034174984069467534
0.028109906826382723
0.01746740340225225
0.011802253543021324
0.008684853341823558
0.0033179724615611432
-0.0047311743696891425
-0.00953922204890176
-0.020987219155340565
-0.023652859271453455
-0.014229224455307946
-0.005008323572731127
-0.002948599011897852
0.006404366962025086
0.009028932327241494
0.01110522535288158
0.0039006307256132964
-0.005929463058193903
-0.0053839398999898196
-0.0037531443828758004
-0.002107501950266014
-7.045832300651533e-5
0.0006203709081692301
-0.004693518184128569
-0.003198994811892372
0.002722766108793349
0.003864778845594971
0.004407519852376725
0.0035288123474305193
0.0029676050460656364
0.0029021914471572463
0.0029628243935009135
0.0032928629883051154
0.004144429434510595
0.0054965847948507205
0.006746403908768181
0.006536507264061707
0.004579803978600549
0.001645157218972158
-0.002847356587712519
-0.005184128278645289
-0.01031087755669514
-0.010101423313255085
-0.003619219459348683
0.0006743145675427892
0.0001397962985559666
-0.0001221111422745236
0.0008539646538303448
5.3674191703060545e-5
-2.1545635797327246e-5
-0.00018001823696626795
-5.2076770044748744e-5
-4.469970812425293e-6
0.00022065206205658375
0.0003787337209511607
0.0014420040993009605
0.0017183913859664813
0.002082914203433201
0.002262157455419315
0.002614069559471995
0.003193990831002403
0.004470354025038254
0.007111587047614325
0.012199666682557092
0.01906130125451192
0.023976290762297972
0.024586214259436606
0.02417447064771342
0.023634446717974822
0.022108326089852443
0.01859935466602304
0.01175856290472426
0.004389191879829535
-0.0013157608734364625
0.0005062463785469281
-0.0014074824498051767
-0.0002725594619185337
0.0012212715908579636
1.318091577772124e-5
-0.0002411853941727378
-0.00021994902177287982
6.089887118916959e-5
0.00019733807422267296
0.0012771410890921307
0.0017479601661967506
0.001994257600653487
0.0018820872824673457
0.0016279224759373526
0.0010400463014266365
-5.566199828360141e-5
0.0005691640090739068
-0.0012925334586376023
0.00023773872023598522
-0.0017994606995624244
8.40216813208179e-6
-0.0019612443153536746
-0.0001792861331389007
-1.403979379011966e-5
3.846975774403935e-6
2.477863158441068e-6
-5.791028276868476e-6
-2.4789405643017978e-5
-3.5139804686215614e-5
-2.846494791416119e-5
1.5386987364763183e-5
9.897657421508669e-5
0.0004541271334307677
0.0009031893743981015
0.00149015089366811
0.001684848344730259
0.0016827547727189867
0.0016444437726564954
0.0015523562181432313
0.0013685254212431868
0.0009994348865862402
0.00031370887682348285
-0.0009591908597760886
-0.003168382890434105
-0.0072748484472976915
-0.007853497698804522
-0.007418429668810618
-0.007524305859169499
-0.007645863645006142
-0.007589045963127397
-0.0071332835414797515
-0.005630316208649816
-0.0027189044399777524
0.00039444133158685545
-0.0007769186397722456
-8.029084888843324e-6
0.0010276631860831596
6.711320032986662e-5
-8.289780738734921e-7
-1.7458334623744656e-7
3.336174947218704e-5
2.5946685273716135e-6
1.8630134871377903e-7
-2.726233688048717e-7
-3.251037946628275e-7
2.0288823681079973e-7
-1.7458334623744656e-7
0.0015298502360648876
0.00010534670594971723
7.942466325583548e-6
3.1611793402955496e-7
-1.5633587645286088e-7
-6.449757164918714e-7
