6.922487836402702e-6
0.021054423463261918
7.660764204331372e-6
6.716624984859365e-6
5.675329095788939e-6
3.420577751711562e-6
3.4636845085977974e-6
3.0733012938988225e-6
2.8029375839233595e-6
2.6753423397196663e-6
2.5216232248936876e-6
1.984637950147583e-6
1.9184746107292483e-6
1.9883010266563694e-6
1.9190334203389448e-6
2.1276629917355017e-6
1.927167735782387e-6
2.355329185022015e-6
1.936734998264633e-6
1.927753334518556e-6
1.9273718004919616e-6
1.9275558075237953e-6
1.9277155804964252e-6
1.9275544425045865e-6
1.9275529493656407e-6
1.9275880319691296e-6
1.927549317326527e-6
1.9275235303983784e-6
1.9275550444675105e-6
1.9275814450159245e-6
1.927537788770639e-6
1.9275235303983784e-6
1.8588328634105977e-6
1.769133664841771e-6
1.7564264592762058e-6
1.734204831460584e-6
1.7429690147841015e-6
1.7333760099491613e-6
1.7133442521410913e-6
1.7084854120330561e-6
1.7042255028298925e-6
1.7054837510577237e-6
1.7030635653947357e-6
1.701155829092471e-6
1.698812060801913e-6
1.6948917953008014e-6
1.6936280706758566e-6
1.6904137466466906e-6
1.688175857716967e-6
1.6886008833427724e-6
1.687514085024766e-6
1.6855032440310502e-6
1.6821767168662127e-6
1.6783939721376484e-6
1.6769644031189301e-6
1.6757173684212034e-6
1.6751249030111381e-6
1.6747275162209974e-6
1.6744306828297972e-6
1.6741831688205089e-6
1.6734131965678856e-6
1.6729427027017962e-6
1.6719163919431956e-6
1.6711770685073901e-6
1.6698423623839886e-6
1.6689785605206175e-6
1.6678067512043704e-6
1.6668223150606565e-6
1.6656887186217162e-6
1.664118568056594e-6
1.663844450328078e-6
1.6639204388768647e-6
1.6642104502251343e-6
1.6639260100870246e-6
1.6639337142576593e-6
1.6639439352483798e-6
1.6639483763070118e-6
1.6639380127081438e-6
1.6639333773049714e-6
1.663935769280478e-6
1.6639378100369306e-6
1.6639380127081438e-6
1.6649913128219396e-6
1.6639607095525477e-6
1.6639517852468089e-6
1.6639460320710953e-6
1.6639363066284218e-6
1.663936714524361e-6
1.663948924812697e-6
1.6639380867600195e-6
1.6639513528149408e-6
1.6639348356939365e-6
1.663936714524361e-6
1.6635157298328096e-6
1.6638145460268206e-6
1.6632890736945072e-6
1.6636016068050097e-6
1.6631481959406003e-6
1.663389308514951e-6
1.6630642998838319e-6
1.6632514371339724e-6
1.6629955197355883e-6
1.6629350138019916e-6
1.66266627510403e-6
1.662475355879156e-6
1.662186279949296e-6
1.6613600396508943e-6
1.6610217314916298e-6
1.6607835754411937e-6
1.6607072199636974e-6
1.6606672979535553e-6
1.660701568928502e-6
1.6606756506609699e-6
1.660707598993838e-6
1.660710827300349e-6
1.6607113541011742e-6
1.6607117904188229e-6
1.660701568928502e-6
1.6606267211338732e-6
1.6607004574842321e-6
