0.9974570228357974
0.9956185183394638
0.9857624409159835
0.9836637396323619
0.9734402673020727
0.9743775742288605
0.9733937081521971
0.9734045408579238
0.9733966815074105
0.9733998977310759
0.9734028466788147
0.9734002954773566
0.9734000795627014
0.9734001794685256
0.9734001065495897
0.9734001638507145
0.9734001154333445
0.9734001157347274
0.9734001122068296
0.9734001159525256
0.9734001121316421
0.9734001112727725
0.9734001137167748
0.9734001122068296
0.9860841470909094
0.9629355401652739
0.8154660494316076
0.2599630756960639
0.4240740771387629
0.9732479212177813
0.22784545018353158
0.2335686046543482
0.009508659415628007
0.01484492084392508
0.0017323240768580273
0.0036261762591129343
0.0016452065281871708
0.001688267467894411
0.0011974078870160554
0.0009006411363386979
0.0005053440626446304
0.000355026780495149
0.00020219771697294053
0.0001241737414395816
0.00018794099042207524
0.00011022307154190392
8.698701919268581e-5
0.00010083278961425801
8.119454140376181e-5
7.956938557479587e-5
7.848245784930485e-5
9.083417809457872e-5
7.776252301933129e-5
7.819292111421738e-5
7.746027176802617e-5
7.658472538474292e-5
7.52921751296376e-5
7.54544211993835e-5
7.526899238052831e-5
7.533405977738772e-5
7.527040873828161e-5
7.526939415464229e-5
7.526965103227257e-5
7.526921742151416e-5
7.526922248646262e-5
7.526929046575148e-5
7.526920924516567e-5
7.526944272717717e-5
7.526931504264756e-5
7.526928999912474e-5
7.473334455332381e-5
7.514471830721847e-5
7.524382113033301e-5
7.526405628638377e-5
7.525053499174428e-5
7.52614777362326e-5
7.52539978680078e-5
7.526013178987823e-5
7.526118982537078e-5
7.526126267826116e-5
7.526124291362679e-5
7.52614777362326e-5
7.452568118299085e-5
7.491678753218656e-5
7.454138170503999e-5
7.463919539052455e-5
7.46419820395472e-5
7.441883305303598e-5
7.487141163370348e-5
7.426307671709598e-5
7.528965206943239e-5
7.420302816074642e-5
7.598211288012413e-5
7.442615443131739e-5
7.708362175118388e-5
7.466343521750352e-5
7.450142566756135e-5
7.460382395862997e-5
7.452436015958908e-5
7.45101992346564e-5
7.451827716253856e-5
7.452064301638472e-5
7.452351813036495e-5
7.452108950001257e-5
7.452060826990126e-5
7.452061910201424e-5
7.452083651698915e-5
7.452074101699235e-5
7.452064301638472e-5
7.90424740918505e-5
7.479081459321746e-5
7.455708577253084e-5
7.452697455295754e-5
7.452222810350184e-5
7.452082322578768e-5
7.45210425742715e-5
7.452057348733554e-5
7.452073245040047e-5
7.452061574070301e-5
7.452064301638472e-5
