0.9978334388114771
0.9976908482828651
0.997062083851601
0.9934964826706402
0.9554706135158497
0.49608426472349965
0.9553282322485588
0.8360176856204402
0.9039306225207596
0.83386275115764
0.8074964753298408
0.9891994906327457
0.9622265706250307
0.6269890593633847
0.6120684062575683
0.520642899277751
0.4132779637009736
0.33969268363563054
0.31707143390420495
0.27574417163330556
0.27574417163330556
0.25941078728264055
0.20286702508205184
0.19462092785329088
0.14197248070694046
0.13036440240550856
0.11201413812248573
0.10442683113391593
0.08981025617283117
0.08357004329481715
0.07537167903356295
0.06849088123743419
0.06254941231573219
0.058739060113990216
0.055173430343928465
0.05132199260937231
0.04758696543620261
0.04481032859676504
0.042716443836218476
0.04079261068326401
0.03884985184263229
0.036971561680133824
0.03509574329772147
0.03322710002682783
0.03155066340404794
0.03014578470171514
0.02882585568938123
0.027450858561118063
0.02618549113640123
0.025162123623394983
0.02423560126402302
0.023167743990691658
0.022028659144107787
0.02113891094043996
0.020503441564476366
0.019879190439913097
0.01904858407252291
0.018132168127242332
0.01744523672218229
0.016992070368421375
0.01659208783105054
0.016134869415508235
0.015704048377302382
0.015379152001516683
0.015094193286226798
0.014736917591554655
0.01431086616173216
0.013944373127800946
0.01367609947165438
0.013420693391317962
0.013092248204968682
0.012717822756156683
0.012416359405419408
0.012188556135100614
0.01192993540658871
0.011592691363943308
0.011286184963666845
0.011103931571902315
0.010979719639164498
0.010821119015813008
0.01060798541548863
0.010391197420302256
0.010221349911842592
0.010075042872543682
0.009909563600318083
0.0097219869812607
0.009548634040515036
0.009394935595976484
0.009226578096834692
0.009015790993407213
0.008797777358074965
0.008616789520500157
0.008472864612972919
0.008330862080504042
0.008182147286853347
0.00804307780272312
0.007924256334700008
0.00781084595728887
0.0076916668429801716
0.007565973888499444
0.007435373680804491
0.007289033607347617
0.007129216054151011
0.006978635532210342
0.006854333429101633
0.0067440867506844415
0.0066317914138088185
0.006513636406767831
0.006403528425583338
0.0063083263799045275
0.006221130612574566
0.006134389752173952
0.006052051419188076
0.005976526306686547
0.005900802707978103
0.00581625321750745
0.005724785896802587
0.005636866503885285
0.005562184844333851
0.005501927576471
0.00544794626306444
0.005390222178372039
0.005328454462504462
0.005273250328951817
0.0052321851222191795
0.005197562953375312
0.005153755644583646
0.005090923718077567
0.005020805823783447
0.004968752109253349
0.004934906633912883
0.00490098123885907
0.004854133213714418
0.004801653751043744
0.004761079931971335
0.004733342527405482
0.0047047171248245645
0.004665383209320306
0.004621483135071547
0.004586383228816937
0.004560064711644274
0.004531497072011392
0.004493706524757335
0.004453426560777962
0.004422837905361521
0.004400587753487506
0.004375339053649063
0.004340453602815986
0.004302966705249434
0.0042743824204540815
0.004254642178968371
0.00423601946539881
0.00423601946539881
0.0042278269321057715
0.004200609429334923
0.00419215095490566
0.00417970511636645
0.004169419736528124
0.004152757505034632
0.0041369438510788226
0.00412294509948713
0.004111575891425856
0.0040995727030830875
0.0040858890148904314
0.0040709645287477225
0.004056008704634184
0.00404093225116986
0.004024696141627371
0.004006285081845473
0.003985991846756243
0.003965766616753741
0.003947345444280215
0.003929728127395837
0.003909713367448275
0.0038852393169799826
0.0038589206591577163
0.0038360287093493484
0.0038175433596460695
0.0037998997635743104
0.0037794331211665755
0.003755381164877669
0.003729631307502146
0.0037042877329994117
0.003680604297077672
0.003659062320682749
0.003638823474294617
0.003618067270194092
0.0035959201573897426
0.0035734605277658593
0.003551649435281523
0.0035290438260629498
0.003502980660001709
0.003473109102184846
0.0034422516395143377
0.0034117712192319183
0.0033790020355268235
0.0033424195704570003
0.0033070618395431017
0.0032784953645325077
0.0032546598535533877
0.003229319978688805
0.003200699840989585
0.00317324457182272
0.0031500584836340884
0.003128525640612889
0.003104367566407751
0.003076826843217473
0.003049414010160456
0.003026137550438346
0.003007711777134603
0.0029922397124614863
0.002975881029313343
0.0029560317121649637
0.0029347230319956563
0.002919421739341732
0.0029015680401443533
0.0028824263456231347
0.0028590721949601217
0.002837085854868082
0.0028192344807776992
0.002802935505304416
0.002782164679650312
0.002754758412963798
0.0027262556797052473
0.002704212298360542
0.0026879996983498744
0.002673089358747327
0.0026573834931523654
0.0026414209247390685
0.0026245684187020113
0.002604926297959498
0.0025833830878330133
0.002564553243456391
0.002549953332261712
0.002535934104087645
0.0025184399628748744
0.00249550260307968
0.002477204883285067
0.0024674334639182005
0.0024552906182813694
0.002438822310416644
0.0024203009079447613
0.0024062168531766015
0.0023957926642894645
0.002384155476963634
0.0023678214103466932
0.002350233216421971
0.0023371918263653813
0.002328185782329184
0.00231857423665377
0.0023052758045996047
0.002290267347438091
0.0022776332075472583
0.0022674889282879307
0.0022565447786974113
0.0022431530195078375
0.002229969885557237
0.0022197003655201053
0.0022111336399570636
0.002201759573026929
0.0021912905215800693
0.0021816450019783717
0.0021734871357348418
0.00216527390169835
0.0021557894440089043
0.002145676574777655
0.0021366297182368044
0.002129932483019903
0.0021238599132387126
0.002116624974419057
0.0021092657043552676
0.002102015266397861
0.0020948158133169414
0.002087455022424689
0.00208022755992876
0.002073248513241477
0.0020664376405388207
0.0020599662718644995
0.002054257759382061
0.0020490716435589418
0.002043362115978775
0.0020363494283989203
0.0020289373914261777
0.00202302676359728
0.0020189007422521943
0.002015076023511475
0.0020097058044453164
0.0020018943682686974
0.0019926378445460635
0.0019847463503777085
0.0019796498251909433
0.0019761277854282167
0.0019723060171493723
0.0019671843890865515
0.0019613423087386783
0.0019564799756751627
0.0019531885999662935
0.0019502981878842807
0.0019463268455207627
0.001940858874660667
0.0019354590689718565
0.0019320004756381293
0.0019297846148730313
0.0019274576210722705
0.0019225664933604225
0.0019177249320081469
0.0019138426647821727
0.0019115755442000726
0.001909438886552095
0.0019064141516606514
0.0019024817172125785
0.0018989274416253976
0.0018964137132241876
0.0018941933702077418
0.0018911998461096369
0.0018873026419014005
0.0018835866390741751
0.0018807126780387429
0.001877919753693058
0.0018741375717182263
0.0018693598635037278
0.0018649490323883744
0.001861656364161246
0.0018584993582707598
0.001853875249674064
0.0018473759059326467
0.0018411318725410908
0.0018370675905057254
0.001834020601145403
0.0018298635128762841
0.0018231870307586773
0.001815208492082332
0.0018092184267006761
0.0018059038821195417
0.0018031012820005077
0.0017984552558312217
0.0017917605713687612
0.0017852566063855657
0.0017810531895519066
0.0017781296838648708
0.0017746899627607005
0.001769381496302902
0.0017618786292336042
0.001757915720577874
0.0017554799768370044
0.001752001499149447
0.0017455841034896835
0.00173644758708702
0.001727935284600579
0.0017224910169463814
0.0017185440093874793
0.0017131835358366598
0.001704475322130139
0.0016939208055004595
0.0016859664321031143
0.0016814357960234227
0.0016779292343246377
0.0016719238492690636
0.0016625280089764827
0.0016531554931307202
0.0016470176064910524
0.001643334810750574
0.001639571449659094
0.0016341335448206151
0.0016268453530492999
0.001619878835723898
0.0016152032114306047
0.0016114553098861006
0.0016067383623782905
0.0015998333634456574
0.0015914222181041549
0.001584217535362753
0.0015793374047969877
0.0015752649964422272
0.0015697453233975422
0.0015610805663749394
0.001551139311656402
0.0015444673526331387
0.0015407183121320944
0.0015385698284439142
0.0015346913574644794
0.0015287060116954687
0.001520129328750286
0.001513361101726729
0.0015096001243449786
0.0015070411025355224
0.0015032484437520477
0.0014969960996642495
0.0014895064357171028
0.0014840389517251085
0.00148082197821775
0.0014776297851272213
0.0014724932645318045
0.0014652482353798568
0.0014586850303470178
0.0014550795686684714
0.0014529155449023445
0.0014499847391249432
0.001444623519182675
0.001437675530396365
0.0014324965619377794
0.0014300302404944842
0.001428367995115476
0.001425816377029987
0.0014211320760912916
0.0014152253960776906
0.0014110740584489245
0.0014089231253835433
0.0014071710386579506
0.0014041057057789241
0.0013986059038390009
0.0013911717152026437
0.0013852794162378945
0.0013825312283826663
0.0013810950431591973
0.0013792067266353847
0.0013755183933920057
0.0013697110021084202
0.001363765186044641
0.001360079963990346
0.001358041040953606
0.0013558486892649158
0.0013518534121205183
0.0013457084908253814
0.001339668484523826
0.0013362400014446663
0.0013344080349588228
0.0013322245859745396
0.0013278918321330546
0.0013201825239872456
0.0013100274356036001
0.001301621845065215
0.0012969343123406252
0.001294332026917977
0.0012912001766794967
0.0012851044051247484
0.0012752644177441708
0.0012646834522891948
0.0012578210642448795
0.0012543341855876244
0.0012515678493557614
0.0012471282344092005
0.0012391374114649745
0.0012276687942240905
0.001219473977217611
0.0012155579765595892
0.0012128166482495706
0.0012080290338796207
0.0011995142664567027
0.0011878796420241589
0.0011779109636969598
0.001172895288498288
0.001170595896247184
0.001167940455407912
0.0011624457577974479
0.0011521411355204236
0.0011394857946349646
0.0011313071153188359
0.0011277302456566551
0.0011258371395652111
0.0011237530270988838
0.0011200325268255762
0.0011139582343034915
0.0011068684033396226
0.0011009867855642508
0.0010975801920961037
0.0010955065214149906
0.001093095118975318
0.0010889450649035348
0.001082768161112857
0.0010769368780488842
0.0010737241748468018
0.0010721086551598313
0.0010703843734252705
0.001067203650722659
0.0010614261682737602
0.001053809799520744
0.0010475115880312358
0.0010441407836790928
0.0010423864350785905
0.0010407322148051623
0.0010378122734735484
0.0010319200301713294
0.0010235879554165717
0.0010148158167219146
0.0010095929860912123
0.0010075149019344032
0.001006294184260681
0.0010043432871681968
0.001000654354519681
0.0009946485280473705
0.0009881940120267108
0.0009840109932859331
0.0009821290311634034
0.0009809070551289878
0.000979149080658881
0.0009760956895264461
0.0009713722052228091
0.0009660508789020028
0.0009623157009829852
0.0009604846142740597
0.0009594367043495589
0.0009581502887835436
0.0009557536202042805
0.0009518589964068735
0.0009457000592899556
0.0009380840031696369
0.0009313473720881094
0.0009272634230549914
0.0009252224165018363
0.0009238774456794552
0.0009224278671101649
0.0009204619119781432
0.0009178309731960321
0.0009144213945874724
0.0009104935252092217
0.0009068242521736991
0.0009040687395905911
0.0009026040269795033
0.0009015742262140081
0.0009000815990603539
0.0008973741653864886
0.00089256058489251
0.0008859527647275267
0.000880037068113404
0.0008768812734116782
0.000875568743178845
0.0008744099544825135
0.0008723719916587935
0.0008681123232944232
0.0008622178951128712
0.0008556704630494627
0.0008514032299122287
0.0008495441926706926
0.0008486212623581846
0.0008475893162129822
0.0008451473585362468
0.0008413873982927034
0.0008349686004563983
0.0008277689953979372
0.0008225162518619711
0.0008197240737322087
0.0008180591455728692
0.0008167112572258217
0.0008145907554661935
0.00081241899156137
0.0008085072242502989
0.0008030790822929346
0.0007959791216074485
0.0007900395358060308
0.0007871415402926907
0.000786100868318651
0.0007853346986835263
0.0007840234696776527
0.0007815219568697573
0.0007775159804533915
0.0007729364763791047
0.0007697932693427889
0.0007683800305744448
0.000767582164758307
0.0007665355059398582
0.0007637802447251207
0.0007599406822947907
0.0007548453474726102
0.0007508922719645095
0.0007489315636273197
0.0007480782549723619
0.0007473837051684695
0.0007462511818375761
0.0007441797620600377
0.0007407529844201122
0.0007362075312176142
0.0007322471344795023
0.0007301094509454265
0.0007292002526017027
0.0007285484058985325
0.0007275474091348322
0.0007257134470497473
0.0007226466739190807
0.0007187975917349876
0.0007158023674924685
0.0007143667993461111
0.0007136885032181794
0.0007130223185645712
