0.9749625436564806
0.9732996351889536
0.9886880051637277
0.9783936030398631
0.9759075642991107
0.9913218724489814
0.9892607191499532
0.98061230565112
0.9941836339338328
0.9585908587711373
0.953240396879799
0.9380541002395543
0.9946893535877331
0.9214830748386177
0.9883185756668407
0.9654731873116494
0.9830800244848591
0.9841783159898336
0.9676181318905858
0.9741719778445134
0.9257702475183373
0.9985410949806991
0.9406931688704389
0.960392752383619
0.9087009294384045
0.8934762899080877
0.9257702475183373
0.9257702475183373
0.9361487442329065
0.9568852320989111
0.9531617245996081
0.9108732083381083
0.997402161130154
0.9927000608690811
0.9548820457130303
0.9875113397693559
0.9755816196468241
0.9901929551069818
0.9134880250999332
0.9473157804545387
0.9254936595117509
0.9065635401201031
0.9018001442194725
0.9970875158080624
0.9719423575305249
0.9672894341074447
0.9853853330391641
0.9710672302681976
0.9590540171963843
0.9928401261029683
0.9624710599503372
0.939329925138133
0.8971978413738818
0.9637680143677718
0.9611200492049863
0.987343272291646
0.961485661598988
0.8801379286274967
0.8636767560374241
0.9947767774802158
0.9934780066902772
0.9978387537367652
0.9977574118482734
0.985141296027947
0.9785121891097947
0.9798254685846429
0.8907948423163796
0.7925336191995315
0.7522958752918897
0.9972869824269883
0.9481651217424137
0.9442831785672225
0.9918874123709586
0.837631249316919
0.7350153696978851
0.9558827143705032
0.907150087319315
0.802872557538991
0.7201705047784657
0.7989654413353059
0.7229768111030161
0.6955586375329936
0.8756497146538422
0.7561562442321234
0.6849975914112424
0.6338717212638514
0.6336422732658288
0.5814535595101724
0.8252228182162289
0.6074933847806516
0.5734657149351596
0.9547754129884372
0.5794244742842599
0.5635500284516431
0.9841223038597433
0.8602341472199408
0.5698977238756362
0.5336755894852443
0.5341763715761516
0.9880951222885378
0.9637154471224993
0.8513820348915448
0.5258724728055418
0.9986259454093075
0.9919527360170342
0.9942640057077793
0.9099425956722857
0.9012518666453349
0.7055402030901622
0.686131836525012
0.5625906741168295
0.5103801884159826
0.5089650841240388
0.5033646015267546
0.7474806730790141
0.4823216417356776
0.5126560440462227
0.5002010105869513
0.5033646015267546
0.5033646015267546
0.9962685882542133
0.925321451912705
0.9771588750501056
0.9768678692070185
0.8575884464632956
0.644425342527444
0.34440280247871224
0.9959818586447289
0.9919483242691679
0.9897312920672136
0.9935137061981159
0.9499984628302642
0.9727752956722019
0.980941388029207
0.9444031827723256
0.7183739069422034
0.34476382367020136
0.3057095526061168
0.9938364955449357
0.9706243148965062
0.9871686037633536
0.927239666126849
0.7736317421937419
0.7450637204144335
0.5601907413105798
0.27547580584877773
0.9962237613081963
0.9975521434054688
0.8598814299953502
0.5443978340985131
0.4453181204915332
0.36809898070519825
0.34693036834132845
0.27047747180102866
0.25354623754964695
0.5356645504510864
0.3510519957741188
0.24761507375326797
0.4655870697121576
0.23533719825990812
0.8576861121434661
0.2905822610875304
0.20605396732963588
0.44321489544511045
0.2039529216944878
0.18519411980814482
0.176765689949692
0.17432600136451465
0.1697002311406438
0.1842851673250427
0.16747785838804857
0.16700827341191243
0.16662390023199164
0.16604939451266765
0.17004014020592745
0.16596821430096126
0.16560089331475836
0.17010373831246856
0.16559426413427103
0.16502830058519075
0.16719842150377295
0.16482861182122138
0.16315463604666502
0.18512754603527815
0.16272383876814256
0.31925299497898474
0.16179116611956124
0.15959010527213957
0.19530277443913574
0.15959005287887917
0.15692668517994235
0.17020644235403914
0.15674829486330338
0.15487142410122745
0.1761868004436427
0.1547343439741934
0.15335247866409119
0.1614146932696901
0.1531225366163519
0.15239076429609366
0.15852222159267293
0.152365170648256
0.151743340625488
0.1531716345525156
0.1514997679467871
0.15072766502245472
0.14932311681517596
0.2532928681431304
0.1493193784090957
0.14570487927093645
0.21012764754498575
0.1456191387379266
0.14216525821475084
0.14208522892760572
0.14137017003125651
0.14124003769295268
0.14109197646491806
0.141041077105184
0.14097592956120608
0.14147186770770148
0.14097134588348742
0.14091847843481398
0.14093057956373456
0.14087705740271916
0.14080011606599024
0.14093681520186147
0.1407671097742662
0.14062256918485067
0.1406061637424793
0.14050115365548543
0.14038491629225075
0.14038479725694708
0.14034714407398646
0.1408308311391171
0.1403468698252126
0.1403442196458211
0.1403632036101493
0.14034397787813513
0.1403435012162666
0.14034398047759955
0.14034323204895616
