0.9749625436565325
0.9749625436565325
0.974346492006126
0.9833169985161775
0.9829207273014793
0.9586139677693762
0.9852214603594087
0.9643497079724342
0.9615239475234946
0.9829371370976994
0.9859757658983574
0.9846617234019981
0.9464872631106978
0.9859821514112266
0.9921069251923684
0.9610764099855209
0.9614422198110829
0.9386253819828765
0.9970238821463403
0.9983809043466234
0.9984509354023593
0.998509372424878
0.9906278098593185
0.9892606239987612
0.9853345650136495
0.9815056290706534
0.9587234852174157
0.9807929370301253
0.9816338910246046
0.9336509526175694
0.9994893003438581
0.9983228288931622
0.9983875099914309
0.8982720941774931
0.9547118538354024
0.9864375668030825
0.9880896870831983
0.9717482393448178
0.9911755078198127
0.991837177573549
0.970925179236916
0.9564123817309448
0.9291207290360322
0.98752216965171
0.9981151343811716
0.9914286430755579
0.9861853462848524
0.9851868869900797
0.9723466661061958
0.9947934350529046
0.9413370994065132
0.9318306195569444
0.9246773865310455
0.9993541061603957
0.9887903443342726
0.9887929176550773
0.9655607647918999
0.9393879942921186
0.8987171378337934
0.9639140052115119
0.9728220135424134
0.9989791078406258
0.9989764303877365
0.997142828036012
0.9672722894377718
0.918713908864721
0.8850171347197006
0.8609934864253592
0.8734897866866389
0.9972706189830622
0.9935191438727893
0.9785340177967778
0.985247357133508
0.9669894058650108
0.9618307204471405
0.827781998926087
0.9993111659423181
0.9762128153761275
0.9787475840013627
0.9814433320629362
0.9700159725533855
0.9010797774301833
0.8254739359127438
0.8481836732615774
0.812674065696039
0.9382462847188622
0.8323628772805688
0.8004359229508947
0.7738983522693047
0.9812919092241876
0.7988742483118559
0.7698786164030124
0.9760657576754425
0.7691409852503908
0.7614523424304063
0.755672388281692
0.7460469433974196
0.7154917487845995
0.8697623061406746
0.7148985803743162
0.7615964412407971
0.7135202463372877
0.7349857777091565
0.6907583240489658
0.6859408607582955
0.6845944163940395
0.6845666303560438
0.6833456916588536
0.6831902968226898
0.6831582260080142
0.6831058123324913
0.6836620805112852
0.6831044542975698
0.683093193496022
0.6832327504301696
0.6830930745947893
0.683090751952005
0.6831209252850812
0.6830907348732855
