1.0	1.0	1.0	1.0	1.0	1.5	10.27	11.8	11.68	13.2	0.0	0.0	0.0	0.0	0.0
1.0259375650230151	1.0005662717317412	0.8949685207906019	0.9542567467452666	0.8630652763646948	0.02755646676855683	10.478517115334649	13.073703604119984	11.948367863902872	12.369765934450859	-0.08218046199387015	-0.05248859495036462	0.12820795721711986	0.02985155880518322	-0.08948618019930422
1.0239486789482009	1.0005228501553203	0.90302230865509	0.9577643280981932	0.8735653971260368	0.14046307294365468	10.462528074471269	12.97603632658536	11.927789482432965	12.433428077383013	-0.07587888448123963	-0.048463782463505384	0.11837700274767479	0.027562548654598503	-0.08262440202048114
1.0119743394741003	1.00026142507766	0.9515111543275451	0.9788821640490966	0.9367826985630184	0.8202315364718273	10.366264037235634	12.388018163292681	11.803894741216483	12.816714038691506	-0.03793944224061981	-0.024231891231752692	0.059188501373837396	0.013781274327299252	-0.04131220101024057
1.0113214089737794	1.000247170228186	0.9541551286639481	0.9800336663280275	0.9402297784078371	0.8572975946000302	10.361015002319668	12.355955017397502	11.797139073770726	12.837613654492815	-0.03587070023963976	-0.022910587380305027	0.0559611018250895	0.013029816231339473	-0.0390595509886408
1.0056607044868897	1.000123585114093	0.9770775643319741	0.9900168331640138	0.9701148892039185	1.178648797300015	10.315507501159834	12.077977508698751	11.738569536885363	13.018806827246408	-0.01793535011981988	-0.011455293690152513	0.02798055091254475	0.006514908115669737	-0.0195297754943204
1.0039184803376486	1.0000855486875744	0.9841325203136458	0.9930894037933126	0.9793127835388488	1.277552710589999	10.301501423351691	11.99242294040739	11.720543289126296	13.074573582423263	-0.012415295120267667	-0.007929639003557507	0.019368832773608916	0.0045097813199689585	-0.013518995992535116
1.0019592401688244	1.0000427743437872	0.9920662601568229	0.9965447018966563	0.9896563917694243	1.3887763552949994	10.285750711675846	11.896211470203696	11.700271644563147	13.137286791211631	-0.006207647560133834	-0.003964819501778754	0.009684416386804458	0.0022548906599844792	-0.006759497996267558
1.000979620084412	1.0000213871718935	0.9960331300784114	0.9982723509483281	0.9948281958847122	1.4443881776474998	10.277875355837923	11.848105735101848	11.690135822281574	13.168643395605816	-0.003103823780066917	-0.001982409750889377	0.004842208193402229	0.0011274453299922396	-0.003379748998133779
1.0004898100422062	1.0000106935859467	0.9980165650392058	0.9991361754741641	0.9974140979423561	1.47219408882375	10.273937677918962	11.824052867550924	11.685067911140786	13.184321697802908	-0.0015519118900334584	-0.0009912048754446884	0.0024211040967011144	0.0005637226649961198	-0.0016898744990668894
1.0001715734311687	1.0000037458097513	0.9993052311867866	0.9996974146606756	0.9990941956055086	1.4902599882072742	10.271379312086683	11.808425374450415	11.681775216570422	13.194508115654918	-0.0005436124719807001	-0.0003472048484454823	0.0008480780328978068	0.00019746396261161576	-0.0005919387947695238
1.0003258039992116	1.0000071129882346	0.9986806904989286	0.9994254150366808	0.9982799510843937	1.4815045093356198	10.272619201533367	11.815999101213402	11.683370991966354	13.18957135804392	-0.0010322758960177765	-0.0006593137841831952	0.0016104312473052642	0.00037496801387471333	-0.001124043654723372
1.336085223480414	0.6908233795960772	-0.4287565272992798	0.5078006195182987	-0.6629992883532466	-19.334069497487594	12.147105948886237	23.708183194345246	20.99885564785889	2.280828024014868	-1.182425819099798	-0.7387881164861516	1.444276336684744	0.5875585548704454	-1.086785475787508
1.1682055137398129	0.8454152462921559	0.2849620815998244	0.7536130172774897	0.16764033136557355	-8.926282494075986	11.209862575209801	17.762091147779323	16.341113319912623	7.735199691029394	-0.5917290474979079	-0.36972371513516744	0.7229433839660246	0.29396676144216005	-0.5439547597211157
1.2521453686101134	0.7681193129441165	-0.07189722284972777	0.6307068183978943	-0.24767947849383665	-14.130175995781789	11.67848426204802	20.735137171062284	18.669984483885756	5.008013857522132	-0.8870774332988529	-0.5542559158106595	1.0836098603253843	0.4407626581563027	-0.8153701177543119
1.210175441174963	0.8067672796181362	0.10653242937504837	0.692159917837692	-0.04001957356413144	-11.528229244928887	11.44417341862891	19.248614159420804	17.50554890189919	6.3716067742757625	-0.7394032403983805	-0.4619898154729135	0.9032766221457045	0.3673647097992314	-0.6796624387377138
1.1891904774573878	0.826091262955146	0.19574725548743632	0.7228864675575909	0.06381037890072105	-10.227255869502438	11.327017996919356	18.505352653600063	16.923331110905906	7.053403232652578	-0.6655661439481442	-0.4158567653040405	0.8131100030558646	0.33066573562069573	-0.6118085992294148
1.1786979955986003	0.835753254623651	0.2403546685436304	0.7382497424175403	0.1157253551331473	-9.576769181789212	11.268440286064578	18.133721900689693	16.632222215409264	7.394301461840986	-0.628647595723026	-0.39279024021960396	0.7680266935109445	0.31231624853142786	-0.5778816794752653
1.1734517546692065	0.8405842504579034	0.2626583750717274	0.7459313798475151	0.14168284324936042	-9.251525837932599	11.23915143063719	17.94790652423451	16.486667767660943	7.56475057643519	-0.610188321610467	-0.3812569776773857	0.7454850387384846	0.303141504986794	-0.5609182195981904
1.1708286342045096	0.8429997483750297	0.27381022833577584	0.7497721985625024	0.15466158730746693	-9.088904166004292	11.224507002923495	17.854998836006917	16.413890543786785	7.649975133732292	-0.6009586845541874	-0.37549034640627654	0.7342142113522546	0.298554133214477	-0.5524364896596531
1.1684959941530153	0.8451477576874578	0.2837271421497638	0.7531876907923432	0.16620308477793533	-8.944290973325485	11.211484277099075	17.77237960537373	16.349172560175212	7.725762051793283	-0.5927511236175145	-0.3703623032049732	0.7241914984313531	0.29447476008952317	-0.5448940137318933
1.3299750855510317	0.7121709531055413	0.6703905743110401	0.8691793857277278	0.364620042694911	-5.579828524850466	10.295195935666495	16.7036807233511	15.58314666972074	8.915162605204936	-0.2752002801630591	-0.1773577242080853	0.5256650399689881	0.29752815194446575	-0.41469927243135357
1.2492355398520236	0.7786593553964996	0.47705885823040195	0.8111835382600354	0.26541156373642316	-7.2620597490879755	10.753340106382785	17.238030164362414	15.966159614947976	8.32046232849911	-0.4339757018902868	-0.27386001370652924	0.6249282692001705	0.29600145601699446	-0.4797966430816234
1.2088657670025194	0.8119035565419787	0.3803930001900829	0.7821856145261893	0.21580732425717924	-8.10317536120673	10.98241219174093	17.50520488486807	16.157666087561594	8.023112190146197	-0.5133634127539006	-0.3221111584557512	0.6745598838157618	0.29523810805325884	-0.5123453284067584
1.1886808805777673	0.8285256571147183	0.3320600711699233	0.7676866526592663	0.1910052045175573	-8.523733167266107	11.096948234420003	17.6387922451209	16.253419323868403	7.8744371209697395	-0.5530572681857076	-0.3462367308303622	0.6993756911235575	0.294856434071391	-0.5286196710693258
1.1784846366996469	0.83692218646048	0.3076450548422061	0.7603626108953535	0.1784765998854586	-8.73617478646543	11.154805256719547	17.70627289750158	16.301788352504914	7.799335025668343	-0.5731083213315533	-0.3584235826389081	0.711911209927986	0.2946636343241363	-0.5368405331168902
1.1684959941530153	0.8451477576874578	0.2837271421497638	0.7531876907923432	0.16620308477793533	-8.944290973325485	11.211484277099075	17.77237960537373	16.349172560175212	7.725762051793283	-0.5927511236175145	-0.3703623032049732	0.7241914984313531	0.29447476008952317	-0.5448940137318933
1.1684959941530153	0.8451477576874578	0.2837271421497638	0.7531876907923432	0.16620308477793533	-8.944290973325485	11.211484277099075	17.77237960537373	16.349172560175212	7.725762051793283	-0.5927511236175145	-0.3703623032049732	0.7241914984313531	0.29447476008952317	-0.5448940137318933
1.459084250070786	0.5883292847347819	0.6196984703506427	0.8485124224491774	0.1955971973559306	-7.410047459587581	10.135632827211436	17.930248581144077	16.94369896141761	7.7176612925692325	-0.3206905459120555	-0.20772545709335594	0.6555388190180284	0.4007456586819781	-0.5249121105831753
1.3137901221119006	0.7167385212111198	0.45171280625020327	0.8008500566207603	0.18090014106693297	-8.177169216456534	10.673558552155257	17.851314093258903	16.64643576079641	7.721711672181258	-0.456720834764785	-0.2890438801491646	0.6898651587246907	0.34761020938575066	-0.5349030621575342
1.243266422197578	0.7790665353346303	0.37017495794651956	0.7777154232249693	0.1737663993121218	-8.549519189157996	10.934660035987193	17.813000417305805	16.50214843789708	7.7236776687449895	-0.5227479991456002	-0.328514684273586	0.7065266750202067	0.3218190192418499	-0.5397525277249797
1.2304168424882531	0.7904228423147938	0.35531857516487486	0.773500240013845	0.1724666152194615	-8.617362207317921	10.982233324580921	17.806019577762292	16.47585895707159	7.724035877823422	-0.5347782997781919	-0.33570635522114073	0.7095624414643602	0.3171198053044782	-0.5406361114625349
2.195608685833617	-0.3590264144514387	-0.7002056011604292	1.9986517012768887	0.43282930900161115	-3.7401801354182798	6.723907145280109	15.809686476012034	17.93479384029647	8.173449762179226	0.17868876543344703	0.025029621412403336	0.47013801489175744	0.6912060608397637	-0.4602349037742347
1.713012764160935	0.21569821393167754	-0.17244351299777716	1.386075970645367	0.30264796211053635	-6.1787711713681	8.853070234930515	16.807853026887162	17.205326398684033	7.948742820001324	-0.17804476717237244	-0.1553383669043687	0.5898502281780589	0.5041629330721209	-0.5004355076183847
1.6269480734147552	0.31819285838404887	-0.07832402531573313	1.2768310755938608	0.2794318161425632	-6.613662089297936	9.232778712830228	16.985863017556987	17.075235390964405	7.908669266499192	-0.2416635417697584	-0.1875046460581369	0.6111993406598136	0.4708062298249712	-0.5076047611952997
1.4286824579515043	0.5543078503494213	0.13849727492457087	1.0251656578038528	0.22594921568101234	-7.615512148307928	10.107506018705575	17.39594129765964	16.775547174017998	7.816352572161307	-0.3882209207739752	-0.26160550063963883	0.660380891062087	0.3939630175647247	-0.5241204363289174
1.3295496502198787	0.6723653463321075	0.24690792504472286	0.899332948908849	0.19920791545023692	-8.116437177812925	10.544869671643248	17.600980437710966	16.625703065544794	7.770194224992364	-0.46149961027608355	-0.29865592793038975	0.6849716662632236	0.35554141143460144	-0.5323782738957261
1.279983246354066	0.7313940943234507	0.30111325010479884	0.836416594461347	0.1858372653348492	-8.366899692565422	10.763551498112085	17.70350000773663	16.550781011308192	7.747115051407893	-0.49813895502713773	-0.31718114157576527	0.6972670538637918	0.3363306083695398	-0.5365071926791305
1.2584638099287904	0.7570216422307429	0.32464669121744405	0.8091012279217754	0.18003234844191437	-8.475638913948568	10.858493016863358	17.748009255885563	16.518253326076874	7.737095143366077	-0.5140460612228704	-0.3252239311714265	0.7026051415836687	0.3279901676073603	-0.5382997779452543
1.2444403262085217	0.7737222422727683	0.33998263319115946	0.7913007339678102	0.17624948183068792	-8.546500560633245	10.920363170722139	17.777014416823928	16.49705614157423	7.73056551059475	-0.5244121805005312	-0.3304651431962836	0.7060837915240145	0.32255498645591923	-0.5394679447038946
1.2400907160149806	0.7789022033744493	0.3447393235305233	0.7857796229873533	0.17507616459360117	-8.568479445972933	10.939553199196387	17.78601083641548	16.490481492105797	7.728540239426131	-0.5276273999835764	-0.33209078984048224	0.7071627510423558	0.3208691771512112	-0.539830270509842
1.235253779251617	0.7846625228446215	0.35002894934769907	0.7796399315005991	0.17377138990653132	-8.592920826645427	10.960893261888655	17.796015207088885	16.483170224588694	7.726288058624776	-0.5312028498808842	-0.3338985725308115	0.7083625962533581	0.3189944912278447	-0.5402331909861885
1.233404970267388	0.7868642738514048	0.3520507884190875	0.7772931741753677	0.1732726694803888	-8.602262988096975	10.969050015131389	17.799839150069214	16.480375658992116	7.725427213775369	-0.5325694842232787	-0.33458955631722964	0.7088212097755745	0.3182779352033832	-0.5403871981673948
1.7338445909584341	0.0766756302941618	0.1811089444271065	1.3565455234755412	0.16759427116051565	-7.0111003358650805	11.198480659281325	16.58355440587589	17.348821440470722	7.734738966550491	-0.18020487733280827	-0.06712005179326003	0.5258453605707072	0.5220603072398147	-0.5122142314700954
1.6362352215573126	0.21519596878721803	0.2144506801859209	1.2435639484730812	0.16870182710991435	-7.321452227836591	11.153730844177069	16.820787394600835	17.179433483194003	7.732922734823787	-0.24893262321024073	-0.1192892418237452	0.561534295894931	0.48231311695525303	-0.5177092910133123
1.4348200959123503	0.5010301213193114	0.2832507343025042	1.0104285613242245	0.17098724829515158	-7.961857607966783	11.061390429654228	17.310313272335026	16.82990457109306	7.729174974299578	-0.39075105371675967	-0.22693939907048744	0.6351777528352527	0.4002955260793181	-0.5290482445903535
1.334112533089869	0.6439471975853581	0.31765076136079584	0.8938608677497961	0.1721299588877702	-8.28206029803188	11.01522022239281	17.55507621120212	16.655140115042588	7.727301094037474	-0.46166026897001916	-0.28076447769385854	0.6719994813054136	0.3592867306413507	-0.5347177213788742
1.3100064294092406	0.6781568811646785	0.3258850051022052	0.8659583664046873	0.17240348650824466	-8.358706371367319	11.004168581661895	17.61366447027762	16.61330720816679	7.72685254826179	-0.4786336207908766	-0.29364844479174285	0.6808134013261601	0.34947056344457433	-0.5360748090835971
1.295086620160118	0.6993300230476802	0.3309813635830381	0.8486888813332802	0.1725727788989152	-8.406144348446045	10.997328472875358	17.64992606033902	16.587415882086386	7.726574933202079	-0.489138809636013	-0.3016226215404671	0.6862685344820103	0.34339511699027714	-0.5369147411587696
1.2652309702722455	0.7416990574321065	0.3411795566005384	0.8141313550655702	0.17291154558554947	-8.501071274883433	10.983640905580366	17.72248820367302	16.535605409600972	7.72601940478426	-0.5101604751901367	-0.3175795433200085	0.6971846623542461	0.33123769599223835	-0.5385955078192026
1.2504877276775153	0.762621628361899	0.3462156028514011	0.7970662435991618	0.1730788345061665	-8.547947853035131	10.976881745223125	17.758320660390076	16.51002049124653	7.725745075125957	-0.5205413416651159	-0.32545935065109843	0.7025752374051963	0.3252341486645628	-0.5394254998211507
1.2419463489724516	0.7747429511066519	0.3491331956352443	0.7871797088872647	0.17317575199327764	-8.575105420566052	10.972965880177256	17.779079905229644	16.495198075119323	7.725586144450663	-0.5265554129441973	-0.33002445348416404	0.7056982235903855	0.321756041933973	-0.5399063489942728
1.235884356983431	0.7833457029471088	0.3512038711893439	0.7801630320377575	0.1732445363254974	-8.594379704320282	10.970186710284688	17.79381316788676	16.484678301798912	7.725473348084442	-0.5308237229178058	-0.3332644007758926	0.7079146710621753	0.31928755811352205	-0.5402476175337024
1.5823027217813979	0.16073208454394994	0.3236905246331553	1.2264572090717305	0.15867882428360133	-8.649298756793648	10.789417552379252	17.505711949946388	16.473891280754476	7.710708803234117	-0.30080385004289845	-0.16043105074901626	0.5860799228977099	0.4558630603027799	-0.5166455490538675
1.509965217715284	0.2907434226527797	0.3294357362634377	1.1332640930984879	0.1617203698860436	-8.637830810560727	10.827164944041465	17.565871933197762	16.476143777324967	7.713791868197395	-0.3488355515350512	-0.196521323179061	0.6115208997231761	0.42734398640579185	-0.521574025422678
1.3729247873493575	0.5370445627999443	0.3403198037263908	0.9567135625681227	0.1674824531057705	-8.616105257440505	10.898675827163077	17.67984255054226	16.48041103956194	7.719632608140919	-0.4398296372264285	-0.2648928619774768	0.6597177853926758	0.37331577225965695	-0.5309108214781902
1.342578781825851	0.5915850786126428	0.3427299535666026	0.9176185060191425	0.16875839925353023	-8.611294387004481	10.914511078471065	17.705080014947608	16.481355975031477	7.720925971903089	-0.4599792165850433	-0.28003294208731894	0.6703904237873236	0.36135185416245097	-0.5329783461051625
1.289231569404641	0.6874653907798758	0.3469669123779732	0.84889076902845	0.1710014677895138	-8.602837045662381	10.942348894377876	17.749446591417186	16.483017138415196	7.723199659993766	-0.4954014697514245	-0.3066486714316058	0.6891525474247494	0.3403197061379865	-0.5366129818194324
1.2663618904005336	0.7285687936112188	0.3487832751000701	0.8194275372620806	0.17196305987790872	-8.599211426385505	10.954282824663446	17.768466317403224	16.48372927072042	7.724174378529734	-0.5105868097673404	-0.31805869941503667	0.6971957745316396	0.3313033311062682	-0.5381711316891185
6.850474453293796	-9.848602041069178	-1.4672252603810976	8.716151277440582	-0.12369106079312009	-7.508559382026322	9.307261504031247	14.77889394804597	13.314454711085741	7.791502591678815	3.2553644322122484	2.5125433803382733	-1.2019292346401023	2.450755573468874	-0.13019982414008713
4.058418171847165	-4.56001662372898	-0.5592209926405137	4.767789407351332	0.024135999542394315	-8.053885404205912	10.130772164347347	16.273680132724596	14.89909199090308	7.7578384851042745	1.372388811222454	1.0972423404616183	-0.2523667300542314	1.391029452287571	-0.3341854779146028
3.8786035911382037	-4.219420062090245	-0.5007435157462712	4.513506197204331	0.03365638817076977	-8.089005602419505	10.183808066624136	16.369947658860664	15.001146125678082	7.7556704424151395	1.2511210294719923	1.006093832906993	-0.19121281107570998	1.322780753501378	-0.3473226037841083
2.5724827407693684	-1.7454256342395131	-0.07598012032310053	2.666466867233206	0.10280972402433924	-8.344108514402505	10.569045445643791	17.069206988131945	15.742437698199252	7.739922410472437	0.370267109852326	0.3440175667459782	0.2529914817279648	0.8270420423038232	-0.44274686773661337
1.919422315584951	-0.5084284203141471	0.1364015773884848	1.742947202247643	0.13738639195112398	-8.471659970394004	10.761664135153618	17.418836652767585	16.113083484459835	7.732048394501086	-0.07015984995750718	0.012979433665470774	0.4750936281298022	0.5791726867050456	-0.4904589997128659
1.8937489318199585	-0.4597990700050014	0.14475081525337374	1.7066414120644509	0.13874568433934117	-8.476674326421671	10.769236441398785	17.432581439941423	16.127654466170846	7.731738847901708	-0.0874740982622545	-3.4475467091676926e-5	0.4838250003270882	0.5694283432347277	-0.4923346789413636
1.884756343193064	-0.4427657195699266	0.14767529385558326	1.6939246218321884	0.1392218022279217	-8.478430699535489	10.7718887849949	17.437395811819705	16.13275822832454	7.731630423345968	-0.09353874146681718	-0.004592843476862618	0.4868833287125174	0.5660152024867123	-0.4929916710952725
1.5755591167967988	0.14290153702064612	0.2482292844778267	1.2566760795471346	0.1555924310529152	-8.538821062960498	10.863085804829174	17.602931064611465	16.308243749522482	7.727902400937851	-0.3020627756170788	-0.16132577144594965	0.5920395516220784	0.44865926679649026	-0.5155814013921954
1.4209605035986663	0.4357351653159325	0.2985062797889484	1.0380518084046075	0.16377774546541196	-8.569016244673001	10.90868431474631	17.685698691007346	16.39598651012145	7.726038389733793	-0.40632479269220956	-0.23969223543049317	0.6446176630768591	0.38998129895137923	-0.526876266540657
1.3628369785653778	0.5458300903137161	0.3174086239634032	0.9558569359295769	0.1668551296496437	-8.580368548318198	10.925827716474323	17.716816345333267	16.42897463618975	7.725337588480533	-0.4455235657867713	-0.2691552107893881	0.6643851442600724	0.3679204908859353	-0.5311227300995691
1.9682992275951503	-0.6285188493081164	-1.0507296151522376	1.7686580668375633	0.23290414523715045	-8.586338620814699	10.820598424991488	17.97995411480371	16.715123226805975	7.3666687807116285	0.010508324424320648	-0.023626280209048556	0.42285935058203994	0.7088895001009536	-0.48786676343371765
1.665568103080264	-0.04134437949720016	-0.36666049559441716	1.36225750138357	0.19987963744339707	-8.583353584566447	10.873213070732906	17.848385230068487	16.57204893149786	7.546003184596081	-0.21750762068122534	-0.14639074549921832	0.5436222474210561	0.5384049954934444	-0.5094947467666434
1.6433811371182139	0.0016892530582760523	-0.31652551758169967	1.3324726699522635	0.19745929288349226	-8.583134813213679	10.877069163680206	17.838742632625088	16.561563110044478	7.559146485672853	-0.23421876004942965	-0.15538807280445338	0.5524728810846393	0.5259102977419491	-0.5110798475084464
1.5031090578417958	0.2737596716859961	0.00044155319085176226	1.1441648029409202	0.18215721126656798	-8.581751680765938	10.901448440077264	17.777779488979178	16.495268873117112	7.642242037076693	-0.3398711629181005	-0.21227164179692073	0.6084290126723559	0.4469153943139422	-0.5211012888040077
1.4329730182035867	0.40979488099985606	0.15892508857712748	1.0500108694352486	0.17450617045810582	-8.581060114542069	10.913638078275794	17.74729791715622	16.46212175465343	7.683789812778613	-0.3926973643524359	-0.2407134262931544	0.6364070784662141	0.40741794259993874	-0.5261120094517885
1.3907739786173452	0.49164374518680504	0.2542805294892706	0.9933608848096317	0.16990273725004726	-8.580644017046286	10.920972268052337	17.72895794440266	16.442177991483536	7.708788033958619	-0.4244815223547627	-0.25782611181191384	0.6532407564450645	0.38365334829103975	-0.5291268303635769
1.4392943384881347	0.7365760479343983	0.022537112093844347	0.8166521356756243	0.3668240022550441	-8.569430844127465	10.934935652488928	17.64209476936328	16.27750008923474	7.5621027352309	-0.3870668961674826	-0.19791054880851433	0.5746807763565736	0.44544085672578293	-0.509623856347811
1.41503415855274	0.6141098965606018	0.13840882079155747	0.905006510242628	0.2683633697525457	-8.575037430586876	10.927953960270631	17.685526356882967	16.359839040359137	7.635445384594759	-0.4057742092611227	-0.22786833031021408	0.6139607664008191	0.41454710250841137	-0.519375343355694
1.403782691899998	0.5573121390031004	0.19214818586965593	0.9459837949005264	0.22269897129549007	-8.57763767183619	10.924715967915132	17.705669202482415	16.3980264719967	7.669460481586569	-0.41445034892686367	-0.24176224950018388	0.632178170364013	0.40021909479039675	-0.5238979203182731
1.394923869587668	0.5125925253322825	0.2344597796464812	0.9782471872945863	0.18674518816518904	-8.579684967171792	10.922166540377251	17.72152863623781	16.428093278563562	7.6962422078705535	-0.4212814921038314	-0.2527016021307871	0.6465216110622571	0.3889379633271795	-0.5274587632680731
0.9619636153288278	0.5718511437288871	0.16311716111270141	0.7642747832671932	0.42660637816383096	-8.584897777412177	10.984717663145684	17.74408363743149	16.413648162528453	7.884764067691594	-0.5143048137773057	-0.34994233823634746	0.6060186607690583	0.43453768510301416	-0.4880457851166374
1.156011517442474	0.5452920994080667	0.19509211798598916	0.8601748011171144	0.3191032984703007	-8.58256145466358	10.956682955505267	17.733974740319685	16.420122300592695	7.800270696669677	-0.4726128103178172	-0.3063601372013539	0.624171626212186	0.4141004041735811	-0.5057102373408473
1.306767567521636	0.5246583457211067	0.21993350069181855	0.934679641087546	0.2355840257061443	-8.58074636269169	10.934902757198778	17.72612112591503	16.42515206629282	7.734627694429554	-0.44022224235507695	-0.27250107245380706	0.6382746870421181	0.3982226558767969	-0.5194337716595762
0.9393710320323547	0.7499671868573967	0.293045893966232	1.1934221555147	0.22229818138321053	-8.559321288589988	10.95812340828414	17.761812282640395	16.41792116282104	7.720738723863565	-0.6066466960925629	-0.451911775232685	0.55867706255493	0.513398074313369	-0.49993882685309815
1.1200866415563573	0.6391419051141528	0.25708325023376355	1.0661514638022564	0.22883324424563656	-8.569859889124773	10.946701596402198	17.744256458022583	16.42147791146205	7.727570453450103	-0.5247855632519502	-0.36366294494734747	0.5978296724365344	0.4567454008818461	-0.5095280322293755
1.2374237968994166	0.5671839633840657	0.23373300215448362	0.9835156529643545	0.23307640668348503	-8.576702515565875	10.93928550811508	17.73285760583831	16.423787279030822	7.73200623914603	-0.4716338046076477	-0.3063637070159466	0.6232511392365777	0.419961287099183	-0.5157542242214032
1.1898731851799365	0.49545134200842367	0.2718900172657058	0.9342191390918583	0.06444622546500436	-8.551505643226944	10.930627658048374	17.72915946747408	16.395551096785237	7.7039378700645	-0.6640666495582334	-0.4688729517124789	0.5513924944156862	0.5083491649394407	-0.5087421508287058
1.1940748742176719	0.50178981291307	0.2685183695348345	0.938575100339183	0.07934680314919781	-8.553732100857317	10.93139268698071	17.729486244078274	16.39804611531641	7.706418060211637	-0.6470628099462629	-0.4545132350383744	0.5577421010620035	0.5005389945975529	-0.50936175488511
1.0019494728826135	0.3452740596046294	0.2588947084368472	0.8694458258753491	-0.12387271388934207	-8.524604722047624	10.906721764521846	17.678901887111508	16.337875504992745	7.551250294146652	-0.8045412482230498	-0.6169430035290746	0.4657248198612096	0.6257271871780768	-0.49018704126872165
0.23344786754237978	-0.2807889536291328	0.2204000640448981	0.5929287280200135	-0.9367507820435016	-8.40809520680885	10.808038074686394	17.476564459244443	16.097193063698086	6.930579229886713	-1.4344550013301975	-1.2666620774918753	0.09765569505803412	1.1264799575001727	-0.4134881868031681
0.7776020689903262	0.162508518562208	0.247657030502177	0.7887226463730638	-0.36117486525000875	-8.490592291766498	10.87791319799804	17.619833856105743	16.267613477572507	7.370058815859326	-0.9884309293943343	-0.8066144192944622	0.3582750083986289	0.7719111160508034	-0.4677964714100663
0.9474723527150268	0.3008940482065824	0.2561659212049451	0.8498442335512989	-0.181495568406119	-8.516345659453318	10.899726329258746	17.66455870253555	16.320814140142595	7.507252504269215	-0.8491942287565662	-0.6629999327813882	0.4396333376801102	0.6612242748269848	-0.4847500549535319
-0.25778249960568855	-0.9466600842835023	0.21819824981488803	0.634501496623239	-1.0423276671464943	-8.318386282549993	10.752503006971732	17.411907781964793	15.942475073178677	6.291072940069729	-2.0072431555298382	-1.6991776437582862	-0.4504298820101566	1.7076556488764516	-0.3901080432679459
0.34484492655466914	-0.32288301803846	0.23718208550991654	0.7421728650872689	-0.6119116177763066	-8.417365971001656	10.826114668115238	17.538233242250172	16.131644606660636	6.899162722169472	-1.428218692143202	-1.1810887882698373	-0.005398272165023199	1.184439961851718	-0.4374290491107389
0.7709537782312457	0.11818042823278702	0.25060527217097783	0.8183056814560428	-0.30757085833085795	-8.48735303026009	10.878164374182745	17.627556088312268	16.265403558186918	7.329133924140343	-1.0187991428897771	-0.8147558971745845	0.30927693178168103	0.8144819647559229	-0.4708890255149451
-0.6150205962381847	-1.058515042831427	0.14128464057766593	0.6811489368748245	-1.3578288610261828	-8.320893369711722	10.741055795906343	17.447972845072403	15.909143581741004	6.454563670498115	-2.3440928173206603	-1.9545269832284893	-1.0487352713080302	2.3475410587885026	-0.3620715479207227
-0.026669817450813205	-0.5590038617093165	0.18769161600249984	0.7393724357913842	-0.9119908100521078	-8.391556054913103	10.799258848064671	17.5242065352211	16.060377138763272	6.825821681694499	-1.7815011995846677	-1.4706903276078886	-0.47225452822326086	1.6967523223470953	-0.4082649327823634
0.5303366036435818	-0.08610411325158093	0.23162626218156782	0.7944940807766231	-0.4899047584748436	-8.458454189169105	10.85436113559168	17.59637887942036	16.203553735758636	7.177300941304447	-1.248881621552153	-1.012630045106064	0.0735142327143887	1.0806343226039932	-0.4519973674245843
0.6506451909374138	0.01603815749060304	0.24111576717627284	0.8063998811163329	-0.3987378084028508	-8.472903609714598	10.866262754887211	17.611967483866312	16.23447864697278	7.253217432722394	-1.133840382220965	-0.9136929711403242	0.19139558224803488	0.947558143679958	-0.46144319646976467
0.7029485137992864	0.06044380038478361	0.24524126357434128	0.8115758451360581	-0.35910360995364227	-8.479185394955016	10.871436901227016	17.61874452139657	16.24792303736993	7.286221600176176	-1.0838270023075798	-0.8706807652867163	0.24264368034923872	0.8897041990193928	-0.4655497050520781
-1.5164059663917389	-1.9495297807448075	0.06536460746467526	0.7962913306510528	-1.2609842347618787	-8.244421401280295	10.682007505928137	17.360351878668784	15.71605786197027	6.244355274435109	-3.243137440687281	-2.626676387309129	-1.9327352611826856	3.311118046755304	-0.34936370050886045
-0.4214562771802359	-0.9578810974791458	0.15410928095492848	0.8038321604438964	-0.8160287674610189	-8.36024551329419	10.775465157403524	17.487833516403814	15.97846101284329	6.758374652480531	-2.1778113224317135	-1.7603312956387318	-0.8594815213192772	2.1164795319549734	-0.4066856969275544
-0.115257062511962	-0.680569682137832	0.1789264479868459	0.8059409296259568	-0.6915983794785435	-8.39263535959283	10.801600293810669	17.523483352870002	16.05184122338215	6.902118544489966	-1.8798962456117356	-1.5180606330549384	-0.5593495102105139	1.782402652762695	-0.42271561178077594
0.3974632904067914	-0.2162209838688505	0.2204819648840182	0.8094719931540638	-0.48324385280443427	-8.446871074871249	10.845362706385009	17.58317781274718	16.174713933834713	7.1428128882714725	-1.3810474046947607	-1.1123865043462955	-0.05678848690869748	1.2230020821667562	-0.4495571685421325
-16.359122651390965	-15.143711843490015	-0.5037924512563533	0.3690962499144618	-6.373141687698358	-6.6369301996166294	9.357716607703132	15.545412064344895	12.07246951722812	-2.381812781527894	-17.657484340690047	-14.670657647118931	-16.220563735257727	19.476854720385475	0.313082158579527
-7.980829680492087	-7.679966413679432	-0.14165524318616754	0.5892841215342628	-3.428192770251396	-7.5419006372439386	10.10153965704407	16.564294938546038	14.123591725531416	2.3805000533717893	-9.519265872692403	-7.891522075732613	-8.138676111083212	10.349928401276115	-0.06823750498130277
-1.133102571622613	-1.579715194136416	0.15432590541366054	0.7692475654926348	-1.0212339056852402	-8.281548990433615	10.70947939809462	17.397045941962126	15.800010203398967	6.272822608065275	-2.8677559034449613	-2.3508146084568518	-1.5332063373329852	2.890330008966116	-0.3798968139097583
-0.36781964060791084	-0.8979680890026333	0.18740393514883938	0.7893597793233493	-0.7522388792448371	-8.364210032652432	10.777421052239815	17.490111877354654	15.987362068616841	6.707817748168374	-2.124401654069861	-1.7316005564015737	-0.7949974121208414	2.056666045566436	-0.4147269912259454
-0.2682521636148846	-0.8092690778859642	0.1917075669576204	0.7919764878721907	-0.717241161380111	-8.37496468441035	10.786260631448775	17.502220262378664	16.011737566584564	6.764412984843608	-2.027687217979947	-1.6510374360402913	-0.6989524107255409	1.948201823862636	-0.4192585869770675
0.06460556339595341	-0.5127450308774074	0.2060947659208193	0.8007242405131272	-0.6002425070922726	-8.410917879640799	10.815811668916892	17.542699037562922	16.093225750209637	6.95361293655754	-1.7043673113373539	-1.3817119701932934	-0.3778704488171192	1.585601953014696	-0.4344078777596
0.13770507698761097	-0.4476248253192845	0.20925436583637722	0.8026453509791966	-0.5745482118264728	-8.418813628695549	10.822301428023424	17.551588657771916	16.1111215239985	6.995163495008008	-1.6333624164763607	-1.3225648963727084	-0.30735703322260444	1.505970711086161	-0.43773484209780705
0.26758418369720116	-0.3319229045940675	0.2148681653601977	0.8060586720666303	-0.5288960323154535	-8.432842351783398	10.833832067204217	17.56738323525955	16.142917728916608	7.06898819163974	-1.5072049105855607	-1.217475700359502	-0.18207276006565096	1.3644863966264587	-0.4436460053199698
0.3656582823252793	-0.24455425945828196	0.21910724847468585	0.8086361335033398	-0.494423233191868	-8.443435698216094	10.842539064602885	17.579310010778375	16.166927627168445	7.124734575812506	-1.4119410610807115	-1.138120918550061	-0.08746830463452301	1.2576489925036114	-0.4481096332239816
0.3166212330112403	-0.2882385820261747	0.2169877069174418	0.8073474027849851	-0.5116596327536608	-8.438139024999746	10.83818556590355	17.57334662301896	16.154922678042524	7.096861383726123	-1.459572985833136	-1.1777983094547815	-0.13477053235008696	1.311067694565035	-0.4458778192719757
0.34405625459002603	-0.26379827925368193	0.21817353822608612	0.8080684158875655	-0.5020162916364175	-8.441102383236407	10.840621241223136	17.57668299162496	16.161639151462705	7.112455748335264	-1.4329240968460952	-1.1555997862791776	-0.10830610073654781	1.2811812461700598	-0.4471264642208386
-0.030183292483738855	-0.5472653665975633	0.2169369163221374	0.8692613247413477	-0.7557493468489983	-8.438663887089671	10.824594775140143	17.606497212313375	16.143781449763427	6.788394041151476	-1.9651733205183959	-1.4267391504741063	-0.6649235252089164	1.8063887992082357	-0.4768535715067876
0.1569364810531436	-0.4055318229256226	0.21755522727411178	0.8386648703144566	-0.6288828192427078	-8.439883135163038	10.83260800818164	17.591590101969167	16.152710300613066	6.95042489474337	-1.6990487086822457	-1.291169468376642	-0.38661481297273215	1.5437850226891476	-0.4619900178638131
0.25240531340525435	-0.3332191236115653	0.21787069059206987	0.8230545063051494	-0.5641552972592973	-8.440505197640519	10.836696373549858	17.5839844684682	16.15726581577188	7.033093316712066	-1.5632714710770055	-1.2220015819071732	-0.24462122625341595	1.409804121357037	-0.45440660706720887
0.2982307839976402	-0.29850870143262365	0.21802211440907798	0.8155614610963574	-0.5330857944478574	-8.440803790438464	10.838658807386498	17.58033373004658	16.159452483617294	7.072774532523665	-1.4980977839615504	-1.1888006840931755	-0.17646366349498188	1.3454926837635484	-0.45076653564402375
0.34405625459002603	-0.26379827925368193	0.21817353822608612	0.8080684158875655	-0.5020162916364175	-8.441102383236407	10.840621241223136	17.57668299162496	16.161639151462705	7.112455748335264	-1.4329240968460952	-1.1555997862791776	-0.10830610073654781	1.2811812461700598	-0.4471264642208386
0.34405625459002603	-0.26379827925368193	0.21817353822608612	0.8080684158875655	-0.5020162916364175	-8.441102383236407	10.840621241223136	17.57668299162496	16.161639151462705	7.112455748335264	-1.4329240968460952	-1.1555997862791776	-0.10830610073654781	1.2811812461700598	-0.4471264642208386
0.060592281237250634	0.4267556736174124	3.687238341271364	-0.006469040755795019	-0.33550994683239355	-7.750692001296579	12.129113437367772	19.602750037515204	17.548139263513754	5.372135821322617	-1.423153293504485	-1.0739841017814862	-0.3625775779394762	1.5306478707001463	-0.5115691926451307
0.20232426791363833	0.08147869718186523	1.952705939748725	0.40079968756588524	-0.4187631192344055	-8.095897192266493	11.484867339295455	18.589716514570082	16.854889207488227	6.242295784828941	-1.4280386951752901	-1.114791944030332	-0.23544183933801202	1.405914558435103	-0.4793478284329846
0.2731902612518322	-0.09115979103590835	1.0854397389874055	0.6044340517267254	-0.4603897054354115	-8.26849978775145	11.162744290259296	18.08319975309752	16.508264179475468	6.677375766582102	-1.4304813960106926	-1.1351958651547547	-0.17187397003727992	1.3435479023025814	-0.46323714632691165
0.27670294637169446	-0.0997171345530457	1.0424510933074491	0.6145277986310658	-0.46245305180298624	-8.277055352137829	11.146777296955271	18.058092733394933	16.49108267222894	6.698941808429011	-1.4306024757906068	-1.1362072465909616	-0.16872303828460689	1.340456512276807	-0.4624385721358358
0.3103796004808602	-0.18175770690336382	0.6303123157667676	0.7112981072593156	-0.48223467171970186	-8.359078867687117	10.993699269089204	17.817387862509946	16.326360911845825	6.9056987783821375	-1.4317632863183511	-1.1459035164350695	-0.13851456951057733	1.3108188792234334	-0.4547825181783372
0.32721792753544315	-0.22277799307852286	0.42424292699642685	0.7596832615734406	-0.4921254816780597	-8.400090625461763	10.917160255156169	17.697035427067455	16.244000031654263	7.009077263358701	-1.4323436915822232	-1.1507516513571237	-0.12341033512356257	1.2960000626967467	-0.4509544911995879
0.33537585940083153	-0.24265174292498412	0.32440521582231546	0.7831251861132957	-0.49691743954134554	-8.419960243418512	10.880078182888203	17.63872637029532	16.204097347331874	7.059162680636324	-1.4326248897429212	-1.1531005043185918	-0.11609254668717595	1.2888205551863792	-0.44909986614269987
-0.2558769182652038	0.6981612627291146	4.310146413107206	-0.04658024626790325	-0.18464874097183337	-7.642756992119628	13.73583411948561	21.90331971147897	13.031715848266948	3.991412457527267	-1.449054680264844	-0.9859518981636975	-0.5773088655716632	1.7060088069162074	-0.5513426922317693
0.03974947056781386	0.22775475990206526	2.3172758144647605	0.36827246992269624	-0.3407830902565895	-8.031358617769069	12.307956151186906	19.771023040887144	14.617906597799411	5.5252875690817955	-1.4408397850038825	-1.0695262012411446	-0.3467007061294195	1.4974146810512934	-0.5002212791872346
0.06412671633441575	0.18896520875648112	2.1529444211953246	0.40248107578985653	-0.3536578725794653	-8.063402568145598	12.190213847141125	19.595194623838477	14.748703316883592	5.651770359462051	-1.4401623876933318	-1.076417708233919	-0.327684840188972	1.4802140844071598	-0.4960058258420784
0.19975128786762364	-0.0268432670842515	1.2386748185088199	0.5928031309515761	-0.4252876560604054	-8.241681405782055	11.535146015014664	18.6169604970669	15.476400332107733	6.3554665200491876	-1.4363936387181264	-1.1147591062762554	-0.22188869343807396	1.3845173197967695	-0.4725528459923891
0.2088680456573304	-0.04135003072570567	1.1772171163538427	0.6055966834718417	-0.43010264923710256	-8.253665406641103	11.491111997477784	18.55120306465932	15.525316523009518	6.402769360390686	-1.4361403013531584	-1.1173364359984372	-0.21477701865740162	1.3780845310008405	-0.47097632387460947
0.27212195252908095	-0.1420008868253449	0.7508111660880791	0.6943609347925687	-0.46351004438922405	-8.336812825029808	11.185595090182993	18.09496471747732	15.864706935170696	6.730966020513505	-1.4343825955480398	-1.1352184701585146	-0.16543478267228878	1.3334525430936097	-0.46003809500865467
0.2775295827194325	-0.1506056139488835	0.714357359453212	0.7019494659838379	-0.4663660709580161	-8.343921168405975	11.159476190446098	18.055960513907415	15.893721709591503	6.759023831570948	-1.4342323277867648	-1.136747220437687	-0.16121647303469527	1.3296369165623996	-0.459102976538195
0.306452721060132	-0.19662867843693382	0.5193812876377637	0.7425373260485668	-0.4816417552496808	-8.381940705912244	11.01977718666715	17.84734344210137	16.04890952846169	6.9090932561036364	-1.4334286087648431	-1.1449238623781393	-0.1386545098609356	1.3092287358743895	-0.4541014213404474
0.3209142902304818	-0.21964021068095896	0.4218932517300396	0.7628312560809313	-0.4892795973955132	-8.400950474665377	10.949927684777677	17.743034906198343	16.126503437896783	6.98412796836998	-1.4330267492538822	-1.1490121833483655	-0.1273735282740558	1.2990246455303842	-0.45160064374157366
0.3299753429043136	-0.23405833525046912	0.36081106776902144	0.77554663757351	-0.49406517005243433	-8.412861251010636	10.906162723423478	17.677679264150495	16.175120741612442	7.031141779402681	-1.43277495982817	-1.1515737650980626	-0.1203053071725159	1.2926311622917095	-0.4500337544723654
0.3327775527334889	-0.2385172664410623	0.34192086787233766	0.7794789805675111	-0.49554515027329604	-8.416544762822037	10.89262802615432	17.657467459945067	16.190156068217867	7.045681211864353	-1.4326970917449562	-1.152365956669575	-0.11811939794557574	1.2906539216532322	-0.4495491802546164
-0.11421869708681737	0.3928857638884703	2.87746484529597	0.8345764649444396	-0.404188047123107	-8.357611483215438	12.956572148308023	16.493622091862395	14.418544828995007	5.276987308924063	-1.4743985542949885	-1.0499814544745651	-0.44253688820528625	1.5822241470408032	-0.5262999318378061
0.10927942782333577	0.077184248723704	1.6096928565841537	0.8070277227559753	-0.4498665986982015	-8.387078123018737	11.924600087231171	17.075544775903733	15.304350448606437	6.161334260394208	-1.4535478230199723	-1.10117370557207	-0.28032814307543097	1.4364390343470177	-0.4879245560462112
0.15706651285708842	0.009682764509784836	1.3386251335223347	0.8011374089734221	-0.4596333241649821	-8.393378510650649	11.703949749985787	17.199968140961186	15.493748317088619	6.350420244834715	-1.4490896394497268	-1.112119338593596	-0.24564560110844663	1.405268099110967	-0.4797193536674782
0.17840622994453237	-0.020460580184501947	1.217577605354606	0.7985070407560015	-0.4639947360021892	-8.3961920007288	11.60541652142121	17.25553042117808	15.57832549787962	6.434858151233719	-1.4470988007943508	-1.1170072013259087	-0.230157825846028	1.3913484608066315	-0.4760552528485287
0.2555918913390106	-0.1294889233127821	0.7797492366134717	0.7889930106617563	-0.4797699431377426	-8.406368381775417	11.249022273787764	17.456498940561573	15.884240783048742	6.7402696815490355	-1.4398979462696535	-1.1346865789977418	-0.17413861189580188	1.341001191229932	-0.46280221655157255
0.2895183426836471	-0.17741161661488997	0.587304648058579	0.7848111811191658	-0.48670383199309164	-8.41084134333596	11.092371519186479	17.544833335467146	16.018703840699153	6.874511317056674	-1.4367328578807184	-1.1424574335262982	-0.14951573373279778	1.3188713790242754	-0.4569769313499671
0.311147947708568	-0.20796444152797613	0.4646127579654583	0.7821450808433384	-0.49112449113319384	-8.413693053079	10.9924997726704	17.601150397706107	16.10442995445851	6.960096264460514	-1.4347149748128372	-1.1474116950979365	-0.13381756583918675	1.3047626503387537	-0.4532630558022917
0.32531929604183085	-0.22798213135216272	0.3842271240080778	0.7803982974112496	-0.4940208316102775	-8.415561444668553	10.927065507601759	17.638048376433634	16.16059624218966	7.0161700624030265	-1.4333928922404653	-1.150657642787915	-0.1235323939574955	1.2955188519193346	-0.4508297878812245
-0.03788771699656385	0.4597687130591813	0.5729771716314899	-0.15711080825337942	-0.17648348565360877	-8.627742786374284	12.966486035576072	17.223865847126667	15.815054118323804	6.896762078799436	-1.4615510104653568	-1.0585900547121532	-0.28218972236256845	1.4071475305912353	-0.4808911689960682
-0.0174138896365294	0.4210004857130115	0.5623374104195237	-0.10426381221861714	-0.19438293298832504	-8.615782212918495	12.8515247537028	17.24721314301073	15.83453218327213	6.903493056875157	-1.4599637491223085	-1.0637798661311266	-0.2732462751422187	1.4008550686796708	-0.47919662152023396
0.15395270320265073	0.0965091771804244	0.47328226721380073	0.3380672425963162	-0.34420188229930127	-8.515671828793524	11.889295130652279	17.44263075972218	15.997564212730895	6.959831559639092	-1.446678320681387	-1.107218754459521	-0.19838933454985713	1.3481869602995027	-0.4650132047007292
0.2396359996222408	-0.06573647708586916	0.42875469561093926	0.5592327700037829	-0.4191113569547894	-8.465616636731038	11.40818031912702	17.540339568077908	16.079080227460278	6.98800081102106	-1.440035606460926	-1.128938198623718	-0.1609608642536763	1.3218529061094186	-0.4579214962909769
0.26670743782312734	-0.11699761416121825	0.414686312935984	0.6291095039480296	-0.4427788312296619	-8.449801815229339	11.256173213518515	17.57121043880318	16.10483502270441	6.996900820472351	-1.437936856354199	-1.1358004064870726	-0.14913542612376426	1.3135327229421583	-0.455680887514522
0.2960133669324791	-0.17248987275669048	0.3994567184720309	0.7047539006796395	-0.4683998314199697	-8.432681629948945	11.091619360560138	17.604629407618408	16.132715632447034	7.006535441437689	-1.4356648742973321	-1.1432290246374939	-0.1363339100406299	1.3045257874307463	-0.45325533769787324
0.3019872469763402	-0.18380171668340245	0.3963522350719371	0.7201736660922528	-0.4736225555031928	-8.429191758230083	11.058075807831935	17.611441712055054	16.138398967635986	7.008499414997449	-1.4352017411129556	-1.144743314580552	-0.13372437934891057	1.3026897646891642	-0.45276090042577716
0.3136532715090855	-0.20589192401778258	0.3902896795400075	0.7502859817517512	-0.48382169355673516	-8.422376601449317	10.992570657716847	17.624745044244342	16.149497604912824	7.012334738700238	-1.4342973166767103	-1.1477004786842333	-0.12862838665320303	1.2991043083042493	-0.45179534415350087
0.3191618088864832	-0.21632261807592906	0.3874270236578391	0.7645046057452762	-0.4886375871824925	-8.419158577541149	10.96164002090838	17.631026695924653	16.154738229780875	7.014145726146041	-1.4338702598161575	-1.1490968111666917	-0.12622212853498488	1.297411304791708	-0.45133942167529195
0.15494885869689107	-0.06864116142690391	0.534583857663752	0.6543130110022495	-0.25153785489162406	-8.933283365676619	11.024715301350573	17.63681443892372	16.07596666928563	7.186483748428441	-1.460571178493311	-1.1522514530040076	-0.19370585583133526	1.3798971203770425	-0.49709466291183513
0.25126565082781044	-0.15526163895460784	0.44827109015529737	0.7189443382708055	-0.3906053620705042	-8.631730715346514	10.987719384354161	17.63341971981841	16.12216901818253	7.085401309745845	-1.4449101308660517	-1.1504011422840463	-0.15412422644876914	1.3315162274918628	-0.4702575708676809
0.31107185899575446	-0.2090470921037018	0.39467670409906885	0.7590760175686351	-0.4769568704599456	-8.444486931783585	10.964747424176709	17.63131182904472	16.150857549380913	7.022635957658977	-1.4351856803958694	-1.1492522245756684	-0.12954671390804323	1.301474967943797	-0.4535935533282126
0.16706622717666658	-0.09577679165320878	0.24347043316246367	0.6483071335305393	-0.21011317340133207	-8.520392608142155	10.863633230618298	17.5946818099869	16.143109338021677	6.8825473025943245	-1.4473472465987858	-1.168869039225868	-0.21585835455803987	1.4337944025784901	-0.5251931775800421
0.2703936454074459	-0.1770508887835043	0.35196447883847604	0.7277864057185867	-0.4015797843937506	-8.465928505119814	10.936185035953269	17.620964707754005	16.148668861392693	6.9830641981379475	-1.4386210376198985	-1.1547935146362236	-0.1539277281028819	1.3388521049068587	-0.4738187679352187
-0.09222970976836936	0.22603642737925697	0.11838871377656918	1.0062338156894046	0.349810816504789	-8.206008150599263	10.890983308229648	17.613167694778536	16.127816341221315	7.175170181638188	-1.4423081078132522	-1.1962577672046275	-0.40287842440994087	1.710658773852213	-0.6461075484939263
0.1208541366618334	-0.010824752545418842	0.2556419318660032	0.8426132316916021	-0.0917194851861608	-8.35874191172143	10.917544636591883	17.617749356416613	16.14006964797186	7.062285334862002	-1.4401415206708519	-1.1718926448248372	-0.2565906269379171	1.4921786511120079	-0.5448676378973818
0.2126188165003621	-0.11282915459700114	0.31475010841616824	0.7721499339940472	-0.28186476110669206	-8.424516792946415	10.928983287780511	17.61972245161078	16.14534654150351	7.013671411298204	-1.439208478683881	-1.161399790993515	-0.19359170363050943	1.3980900618068373	-0.5012686127323452
0.226991369040637	-0.09905174190998235	0.2273063748854292	0.9768744557209746	-0.031669562318928424	-8.484372553675627	11.054762199495062	17.66626448653665	16.217630486098418	6.920626625552659	-1.4397964892573785	-1.1588433903676012	-0.27814750930859644	1.5097065008394082	-0.5557004965624973
0.21499890590412848	-0.11054762013359935	0.3002694583702507	0.806052239342244	-0.24043252839511886	-8.434428884863753	10.949812229205508	17.627429795441763	16.15731673608869	6.998263229069743	-1.439305853018145	-1.1609764519920072	-0.20759411388835328	1.4165737029751775	-0.5102825126341306
0.326812546716687	-0.06264477602344976	0.3382223458948522	0.7925595893671346	0.09440008769290958	-8.39584565928047	10.978614856346022	17.626137494210983	16.14381377011626	6.993363986066056	-1.4310933321031052	-1.153565486305384	-0.298328097772773	1.5350602026287816	-0.5646973893301046
0.2826122640448231	-0.08158092044257537	0.3232194505002464	0.7978932761924488	-0.03796029491604583	-8.411097729285348	10.967229087561002	17.626648344937983	16.149151534887647	6.995300672181162	-1.4343397673614102	-1.156495064269573	-0.2624606695547907	1.4882221179422412	-0.543187018019071
0.41729097148925226	0.0003591729850667552	0.33824767742233214	0.779357285468536	-0.048305154544068876	-8.421196925430097	10.98277982335918	17.639053243700904	16.14314589641447	6.988413106219706	-1.4307084519793825	-1.1505868715144056	-0.307748451057927	1.5449869956098723	-0.5643511970659474
0.35760630877503513	-0.03595367060988826	0.3315877185315958	0.7875717566007829	-0.04372069223788555	-8.416721332168017	10.975888307701776	17.63355584761864	16.145807375080672	6.991465422796928	-1.4323177177489896	-1.1532051658129923	-0.28767856758948673	1.519830884136169	-0.5549720092789149
0.48206707505037105	-0.138111217824509	0.36177403997666074	0.7467230486360295	-0.07279225424862516	-8.421439596074938	11.01382433185811	17.639576885421324	16.143423626447408	7.01160274753881	-1.4317949000035997	-1.1454111167412928	-0.3250556585687772	1.5583872657933446	-0.5606328928886515
0.3884944441131836	-0.06130668938528213	0.33907922939127777	0.7774341007132035	-0.050935546916608905	-8.417892290522841	10.985303106303771	17.635050122771293	16.145215786642	6.996463017063698	-1.4321879670993667	-1.1512708723825127	-0.29695465257003856	1.5293996403829488	-0.5563769029197289
0.4516473764782518	-0.06293456219875244	0.3358771175671348	0.7778070678527395	-0.025065769892177705	-8.426348713802216	10.989504263643687	17.6342164752988	16.14609049397884	6.996729253305512	-1.431316597511876	-1.1398136754065054	-0.3254848630928384	1.5537207382644156	-0.5584484907557041
0.42454262548076876	-0.062235891755238866	0.3372514392400821	0.7776469932359517	-0.03616887846288071	-8.422719282218711	10.987701159348521	17.634574270357803	16.145715076343066	6.996614986766009	-1.4316905826113988	-1.1447310158930664	-0.313239917004571	1.5432823108252616	-0.5575593812502431
0.44322914423414456	-0.06542912747414142	0.3345915323819398	0.7819625186010142	-0.03907710267467802	-8.421608354758462	10.987694995064773	17.636046145202542	16.148516911487157	7.001963696228847	-1.4314956727423847	-1.132858449900038	-0.32810403449296566	1.5513425461394519	-0.5573313021499811
0.5179752192476479	-0.07820207034975166	0.32395190494937043	0.7992246200612644	-0.05070999952186726	-8.417164644917467	10.98767033792978	17.641933644581496	16.159724252063526	7.0233585340802	-1.4307160332663278	-1.0853681859279252	-0.3875605044465442	1.583583487396213	-0.5564189857489332
0.4515594397336717	-0.06685264554560123	0.3334057679053145	0.7838863441140024	-0.040373564973669604	-8.421113112485434	10.987692247078064	17.63670229483409	16.149765946419738	7.0043481066669075	-1.431408783534925	-1.1275657581812184	-0.3347303351245719	1.5549357323743571	-0.5572296263735819
0.45822113159249805	-0.06703647056243507	0.3302347319135567	0.7867466059625995	-0.055899821934712955	-8.422742827321636	10.980035221931622	17.63707671199053	16.151463594020903	7.008722624948906	-1.4317069250807666	-1.1106059390654124	-0.3469596376399596	1.5555381752327733	-0.5547379771478126
0.48486789902780364	-0.0677717706297704	0.3175505879465253	0.7981876533569882	-0.11800484977888637	-8.429261686666445	10.949407121345855	17.638574380616298	16.15825418442557	7.026220698076898	-1.432899491264133	-1.042766662602188	-0.39587684770151027	1.5579479466664383	-0.5447713802447357
0.4591637805933903	-0.06706248234324534	0.3297860209895497	0.7871513414308572	-0.05809683298266946	-8.4229734367666	10.978951730341638	17.637129693119938	16.15170381615201	7.00934163215838	-1.4317491129868223	-1.1082060747541196	-0.3486901199321516	1.5556234226700034	-0.5543854014503743
0.4723863607033792	-0.07386683270909833	0.32799388823118086	0.7868848310733849	-0.058333737275884465	-8.419769380339222	10.97080679820575	17.636728777316705	16.151734804753442	7.0178055718429455	-1.430417742631008	-1.0806846878513643	-0.3724037927431042	1.5646276725057784	-0.5563153938936024
0.5252766811433347	-0.1010842341725103	0.3208253571977057	0.785818789643496	-0.05928135444874448	-8.406953154629706	10.938227069662197	17.635125114103776	16.151858759159172	7.051661330581207	-1.4250922612077517	-0.9705991402403435	-0.4672584839869146	1.600644671848878	-0.5640353636665146
0.4821565381323917	-0.07889457387690024	0.3266696795759895	0.786687906308512	-0.05850878609080198	-8.417401899898366	10.9647884998515	17.636432540235962	16.151757702261474	7.0240595851882075	-1.4294339917675738	-1.0603491080404854	-0.3899258488720385	1.571280921552401	-0.5577414672053267
0.5063652052117428	-0.10478402388389335	0.3230963790140752	0.7829967756944957	-0.05933635537778097	-8.414560152828079	10.943950318573888	17.636352083013463	16.152193137411533	7.0473164389499345	-1.4197570021375008	-0.9745788568087903	-0.47692989694731425	1.6164499714214593	-0.5637258871147351
0.6031998735291471	-0.20834182391186576	0.3088031767664179	0.7682322532384299	-0.06264663252569692	-8.403193164546932	10.86059759346344	17.636030254123465	16.15393487801177	7.140343853996844	-1.3810490436172085	-0.6314978518820097	-0.8249460892484172	1.797126170897692	-0.5876635667523689
0.5144590524372562	-0.11343981862146907	0.32190169329494095	0.7817626950579476	-0.05961304220879812	-8.413610052330391	10.936983348638462	17.636325183206672	16.15233871938718	7.055092059998236	-1.4165216288138907	-0.9459027092254574	-0.5060185481652558	1.6315516450395655	-0.5657266986555485
0.7741052923314529	-0.35463793291203133	0.28164236256900765	0.7441341857149303	-0.050709683537101494	-8.392241413931272	10.74313105862715	17.638671187027786	16.161095732258808	7.288211956370054	-1.2899695106731712	-0.08291334127980621	-1.445427407612263	2.1757790127002785	-0.6352162738054072
0.5332262619296092	-0.13087359906787965	0.31899175208391706	0.779042909406466	-0.058969508154750674	-8.41206552885273	10.922971720591404	17.636494752175583	16.15297167557848	7.0719419474983525	-1.4073744518171596	-0.8835259066015911	-0.5739189455343779	1.6708883557291652	-0.5707493996001238
0.5704993785735863	-0.1552705914262178	0.3181722554096253	0.7708923062890075	-0.05013181252288846	-8.415586694675035	10.905960837425264	17.63868937128616	16.153305705500625	7.09708684104087	-1.3836231826392404	-0.7794770516810416	-0.7014608631466366	1.7585672078940742	-0.5829609642240889
0.7195918451494949	-0.2528585608595703	0.3148942687124581	0.7382898938191733	-0.0147810299954396	-8.429671357964255	10.837917304760705	17.647467847728457	16.154641825189202	7.19766641521094	-1.288618105927564	-0.36328163199884345	-1.2116285335956714	2.1092826165537106	-0.6318072227199495
0.5707552334684249	-0.15543806038176133	0.3181666301157325	0.7708363578765522	-0.050071147682110496	-8.415610865111862	10.905844069145187	17.638704435871368	16.153307998391544	7.0972594438353855	-1.3834601461393459	-0.7787628262223001	-0.7023363526912831	1.759169064286028	-0.583044788407951
0.5371755350277555	-0.14424966484005616	0.32156244150734964	0.7665139434764593	-0.02623384995981971	-8.418317087560164	10.910962960847671	17.640288577180772	16.15192647793633	7.090663574841182	-1.3612704161089793	-0.7725889855614401	-0.7248501614771342	1.7963796399617509	-0.5921475840286209
0.402856741265078	-0.09949608267323554	0.3351456870738182	0.7492242858760874	0.06911534092934343	-8.429141977353373	10.931438527657608	17.646625142418387	16.14640039611546	7.064280098864366	-1.2725114959875123	-0.7478936229180001	-0.8149053966205387	1.9452219426646427	-0.6285587665113002
0.5160169667910594	-0.13719985672618684	0.3237021422904115	0.7637903901308795	-0.011213968488082524	-8.420022278344925	10.9141883745474	17.641286744631586	16.15105598188724	7.086507517738979	-1.3472886670521518	-0.7686988485152096	-0.7390361125601979	1.819826023971203	-0.5978832556167664
0.5205650258765327	-0.1353842483479602	0.3198895837718992	0.7649648768186972	-0.03862702120785785	-8.419861566945272	10.90378271021706	17.642105008143584	16.153391877195286	7.099941145917511	-1.3083342489323777	-0.7201280775769522	-0.7921381069219345	1.8689559199947103	-0.6026535382898247
0.5387572622184262	-0.12812181483505364	0.30463934969784984	0.7696628235699682	-0.14827923208695915	-8.419218721346656	10.862160052895698	17.645378062191575	16.16273545842747	7.153675658631641	-1.1525165764532819	-0.5258449938239225	-1.0045460843688812	2.0654755040887403	-0.621734668982058
0.5217095781929013	-0.13492733722700426	0.31893012554990907	0.7652604449794934	-0.045525716321421335	-8.419821122746706	10.901164048720185	17.6423109301381	16.153979722325566	7.103321816651998	-1.2985310848454852	-0.7079048880052177	-0.8055016119926237	1.8813198174814998	-0.6038540147965219
0.5154870917971635	-0.1272480065798427	0.3180563379210169	0.7656100313383746	-0.07615564381893457	-8.42340367575449	10.904695714577677	17.640100203055823	16.152547751951445	7.099045035670159	-1.2517866887935496	-0.7149015096156291	-0.787376946028286	1.893412767444142	-0.6065798932274539
0.49059714621421213	-0.09653068399119645	0.3145611874054482	0.7670083767738993	-0.19867535380898751	-8.43773388778562	10.918822378007643	17.631257294726726	16.146819870454962	7.0819379117428	-1.0648091045858072	-0.7428879960572748	-0.7148782821709354	1.9417845672947114	-0.6174834069511816
0.5121229726690342	-0.1230962605609135	0.31758393420820324	0.765799031375024	-0.0927153786956838	-8.425340543806024	10.906605071048666	17.63890499766821	16.15177357285002	7.096732840866859	-1.2265148429605268	-0.7186841564701067	-0.7775780438557804	1.8999506884129531	-0.6080536095503588
0.5001632604105384	-0.125518961164383	0.31680091438696856	0.7623925345508357	-0.08952614162665924	-8.42537005464733	10.90864954213934	17.637386380362898	16.14934842226577	7.092391990000478	-1.171358303526664	-0.7051746442936903	-0.7888779478206323	1.9389889645305542	-0.6183293373583919
0.452324411376555	-0.135209763578261	0.3136688351020298	0.7487665472540821	-0.07676919335056098	-8.425488098012549	10.916827426502035	17.63131191114166	16.13964781992878	7.075028586534953	-0.9507321457912121	-0.6511365955880245	-0.8340775636800393	2.095142069000959	-0.6594322485905245
0.496825434467142	-0.1261951106195338	0.31658238204964967	0.7614418182434433	-0.08863606015993587	-8.425378290802982	10.909220131840788	17.636962550748088	16.148671589047563	7.091180505616484	-1.155964711750279	-0.701404286006597	-0.7920316284273689	1.9498841238784086	-0.6211971815107935
0.49504456582515854	-0.13157669532206578	0.31894254340099604	0.7583886283306537	-0.09382066534219835	-8.428322548155316	10.90763033348136	17.637862741895606	16.14752679769299	7.090276050384668	-1.103200222939168	-0.6828728502081309	-0.8034950332197899	1.9828595440187384	-0.6281995726445574
0.4879210912572246	-0.15310303413219367	0.3283831888063816	0.7461758686794954	-0.11455908607124829	-8.440099577564656	10.901271140043644	17.64146350648569	16.142947632274705	7.086658229457404	-0.8921422676947244	-0.6087471070142666	-0.8493486523894738	2.114761224580058	-0.6562091371796128
0.49312072552382397	-0.13739032429598347	0.3214921831769625	0.7550903222886591	-0.09942150089008887	-8.4315031763153	10.905912902963037	17.63883520217015	16.146290100222654	7.089298983696705	-1.0461996965325306	-0.6628536740655405	-0.8158787428378156	2.0184822961543194	-0.6357641295979768
0.5071580706689727	-0.14050193901395147	0.3226893267585839	0.7561966180378802	-0.08666118995882605	-8.434039762925234	10.903973275892941	17.63938820228516	16.14626748318559	7.085348116535639	-0.9905360212619031	-0.6592836849894096	-0.799902147961199	2.0311721988945095	-0.6383749350734451
0.5633074512495673	-0.1529483978858235	0.3274779010850695	0.7606218010347646	-0.03561994623377476	-8.444186109364978	10.896214767612559	17.641600202745202	16.14617701503734	7.069544647891375	-0.7678813201793929	-0.6450037286848856	-0.7359957684547326	2.081931809855271	-0.6488181569753185
0.8440543541525403	-0.21518069224518366	0.3514207727174976	0.7827477160191865	0.21958627239148165	-8.494917841563687	10.857422226210652	17.65266020504542	16.14572467429607	6.990527304670056	0.34539218523315784	-0.5736039471622663	-0.4164638709224005	2.3357298646590765	-0.7010342664846857
0.5645397338000103	-0.15322155413303448	0.3275829935459838	0.7607189183267666	-0.034499769424254756	-8.444408786187752	10.896044495487159	17.64164874841998	16.146175029577847	7.069197817019059	-0.7629948281098271	-0.6446903335807331	-0.7345932469039422	2.083045805810479	-0.6490473491763191
0.5723881780607288	-0.1629385597486722	0.32958991920769154	0.7616332027832345	0.017293774825896155	-8.45981097542185	10.893944398903137	17.641023399424416	16.145461552459814	7.035272526173404	-0.4010818755557526	-0.658312115510315	-0.600506960655441	2.155493790020915	-0.6650381631772707
0.6037819551036028	-0.20180658221122308	0.3376176218545224	0.7652903406091064	0.2244679518264998	-8.521419732358238	10.885544012567053	17.638522003442166	16.14260764398768	6.899571362790787	1.0465699346605455	-0.7127992432286422	-0.06416181566143608	2.4452857268626587	-0.729001419181077
0.5739506873935142	-0.16487307204904642	0.3299894684651564	0.7618152233147687	0.02760510450863786	-8.462877323811943	10.89352630069115	17.640898901675644	16.14531950970349	7.028518501833943	-0.32903035206441233	-0.6610240111022433	-0.5738123614836775	2.1699171136389293	-0.6682216980646082
0.5423670139464751	-0.15895510199407573	0.3259259060257511	0.7612318113784707	-0.0005441913940880845	-8.480502684401237	10.907780104212767	17.63478171216174	16.143393396051447	6.982996131975508	0.0546344031275483	-0.716539839474996	-0.3864767528321789	2.222312490998993	-0.6828336095474217
0.546429417107315	-0.1597162921164781	0.32644857571855274	0.7613068518736197	0.003076470048046051	-8.478235648532564	10.90594672987215	17.63556852659162	16.143641139563655	6.988851379292193	0.005286092937848541	-0.7093991983764775	-0.4105725176899254	2.2155732132845802	-0.6809541741013445
0.545244402070829	-0.14870487433885166	0.32378571325924776	0.7601439194229177	0.0002037106496652185	-8.47965571561289	10.910840027809991	17.634996853592824	16.14440191367689	6.991312255418528	-0.0913245148142459	-0.7104518881937261	-0.43815035431156957	2.1876644231850633	-0.675199179310851
0.5455714581441515	-0.1517439505945785	0.32452064514865286	0.7604648808530728	0.0009965726636535148	-8.479263786777521	10.909489510930566	17.63515463144412	16.144191945206874	6.990633070380337	-0.0646606455469024	-0.7101613529790195	-0.4305390593672032	2.1953670590336314	-0.6767875186485117
0.5598035965741993	-0.15591677615133204	0.3254732859766015	0.7609342281336661	0.015321479537600808	-8.487943755031198	10.909680395270998	17.63544972577664	16.144168732252396	6.9798762752255685	0.048960472457126675	-0.6973287194410074	-0.4022279743617725	2.2198210923030173	-0.6824415436867091
0.5548985955715577	-0.1544786427576523	0.3251449653774722	0.7607724710728272	0.010384506578490642	-8.484952268319875	10.909614608398154	17.635348023702562	16.14417673242507	6.983583524932187	0.009801796445770103	-0.7017513914575745	-0.41198517993000433	2.2113931910220876	-0.6804929258723428
0.5492841235257286	-0.1568280587158491	0.32556511158680634	0.7609668316996782	0.008987718199001387	-8.486260940213551	10.909813487196171	17.635227893324732	16.14389575641282	6.981672505146858	0.02288985944812823	-0.6951401897702507	-0.40832918058523116	2.2087237215037807	-0.681171319447638
0.5268262353424122	-0.1662257225486362	0.32724569642414303	0.7617442742070821	0.0034005646810443668	-8.491495627788257	10.910609002388235	17.63474737181342	16.14277185236382	6.9740284260055425	0.07524211145756074	-0.6686953830209554	-0.39370518320613834	2.198045843430553	-0.6838848937488186
0.5472837422274135	-0.15766513256827502	0.3257148055585368	0.7610360804838752	0.008490056205277522	-8.486727207168016	10.90988434576042	17.635185092049884	16.143795647416713	6.980991627549093	0.02755300787016678	-0.6927846834810107	-0.407026583892926	2.207772615708391	-0.6814130244218262
0.5505119214490393	-0.15875243852123663	0.32606350385739635	0.7613881832403776	0.006621298936016453	-8.487252567010994	10.910488968871025	17.635173895360058	16.143701112455116	6.979573164344674	0.033956900634778395	-0.6862849638892057	-0.4007226172420906	2.1974991099816643	-0.6815223391361559
0.5634246383355425	-0.16310166233308307	0.3274582970528346	0.7627965942663874	-0.0008537301410278201	-8.489354006382904	10.91290746131345	17.63512910860076	16.14332297260873	6.973899311526999	0.05957247169322484	-0.6602860855219854	-0.37550675063874894	2.1564050870747584	-0.681959597993475
0.5563044118844307	-0.16070344833217964	0.32668919141137426	0.7620199795903609	0.0032680902492907785	-8.488195247592419	10.911573875669799	17.635153804555223	16.14353148344035	6.977027941796463	0.04544773960052931	-0.6746221778468323	-0.3894110809167931	2.179064822547638	-0.6817184882325137
0.5574031120922834	-0.16105603084885445	0.3266608813386435	0.7616826759296104	0.0028871535242105404	-8.488315086883599	10.909395469193207	17.634927201350745	16.143277749002234	6.976442728584873	0.048940627113599616	-0.650375613974287	-0.3943185805642835	2.164837308231459	-0.6828260636560757
0.5617979129236944	-0.16246636091555364	0.32654764104772044	0.760333461286608	0.0013634066238895888	-8.488794444048324	10.900681843286842	17.634020788532826	16.142262811249772	6.974101875738516	0.06291217716588086	-0.553389358484106	-0.41394857915424504	2.1079272509667435	-0.6872563653503236
0.5587631598309465	-0.16149248207646716	0.32662583715632365	0.7612651379353806	0.0024156034800619074	-8.488463432315601	10.90669888573832	17.63464669610134	16.14296365881975	6.975718310859848	0.053264366864991634	-0.6203615263009521	-0.400393425868175	2.1472254988095494	-0.6841970977556853
0.5600151244028254	-0.16128691812249188	0.3269102367569921	0.7616479618640863	0.0020650544287338216	-8.488573851305306	10.904244039707406	17.634682549714334	16.143134129582474	6.975772612589245	0.06812056461379289	-0.5702326482453997	-0.41556187366164904	2.128944413005182	-0.6874250315387546
0.5650229826903409	-0.16046466230659076	0.3280478351596659	0.7631792575789094	0.0006628582234214787	-8.489015527264126	10.894424655583746	17.634825964166318	16.14381601263338	6.975989819506833	0.1275453556089979	-0.3697171360231901	-0.4762356648355452	2.055820069787712	-0.7003367666710316
0.562601898234734	-0.16086218768772495	0.3274978551779434	0.7624389418512584	0.0013407598814727708	-8.48880199590263	10.899171906184804	17.634756629436684	16.143486351456826	6.975884809288566	0.09881602073248	-0.4666577764880966	-0.4469024920019473	2.091172549935091	-0.6940944971360488
0.5563046694116034	-0.15782801146849204	0.32649962174276903	0.7651148447178897	0.007879176289718081	-8.488095810033773	10.896620390036272	17.63495004250933	16.145007103066565	6.972823757239623	0.10031189611801665	-0.4118710541302819	-0.4505327460098579	2.0427505453189565	-0.6943910663802677
0.5565021914678492	-0.15792318297053967	0.32653093283630985	0.7650309109985703	0.007674089021997409	-8.488117960616009	10.896700422179038	17.63494397581732	16.144959402404346	6.972919771742504	0.10026497573599824	-0.413589522103898	-0.4504188776311667	2.044269374344859	-0.6943817640397331
0.5561788035608269	-0.16005428545451764	0.3256094252585645	0.7652710522698324	0.007492251697258601	-8.486687424381657	10.895110240518227	17.635464876589605	16.145623074562852	6.97586533919805	0.08080786175633728	-0.39125803412211163	-0.4675134702924573	2.0314783151692573	-0.6945958552439891
0.5548852519327381	-0.1685786953904295	0.3219233949475832	0.7662316173548804	0.006764902398303365	-8.480965279444248	10.888749513874979	17.637548479678756	16.148277763196873	6.987647609020233	0.0029794058376934607	-0.3019320821949662	-0.5358918409376197	1.9803140784668494	-0.6954522200610134
0.55614865632414	-0.16025295352340158	0.3255235194270482	0.765293438993596	0.00747530025056447	-8.486554065299545	10.894961998787899	17.635513436596124	16.14568494416654	6.976139934250404	0.07899400846234714	-0.38917622265316476	-0.46910708192676825	2.0302858924469795	-0.6946158134986645
0.5567596793886246	-0.16076405219643514	0.3257042482066837	0.7652731323065808	0.008342420684221526	-8.486223418923693	10.894945658673949	17.63557989298814	16.145674940839974	6.9767402556418645	0.07514505692020566	-0.38999348362291697	-0.4708105544005397	2.0294333484536757	-0.6945353435595212
0.5592037716465628	-0.16280844688856932	0.3264271633252256	0.76519190555852	0.011810902418849752	-8.484900833420282	10.894880298218151	17.635845718556208	16.145634927533713	6.9791415412077065	0.05974925075163978	-0.3932625275019258	-0.4776244442956255	2.0260231724804596	-0.6942134638029478
0.5570031383452678	-0.16096769679990594	0.3257762586473412	0.7652650412129365	0.0086879203033566	-8.486091674597885	10.894939148040677	17.635606372191305	16.14567095506662	6.976979450572647	0.07361146223109104	-0.39031911699842453	-0.47148929413270463	2.0290936567412565	-0.694503280731514
0.5570495657989616	-0.16098098501329858	0.32571992608277	0.7652930646153495	0.008912995539253852	-8.486027248238523	10.894929649994047	17.635576715450238	16.145686172712054	6.977165473893973	0.07292645017397394	-0.3908008186865201	-0.47223167641319	2.0284833522953205	-0.694568438823499
0.5572352756137366	-0.16103413786686918	0.32549459582448514	0.7654051582250015	0.009813296482842853	-8.485769542801071	10.89489165780753	17.635458088485976	16.145747043293785	6.977909567179279	0.0701864019455055	-0.3927276254389025	-0.4752012055351316	2.026042134511577	-0.6948290711914387
0.5571189462392276	-0.16100084270572368	0.3256357436040787	0.765334942337311	0.009249344352663683	-8.48593097052304	10.89491545626589	17.635532396893257	16.145708913716696	6.977443464154187	0.07190277917052357	-0.39152066594364987	-0.4733410805559529	2.0275713231447523	-0.6946658100284465
