0.27574417163330556
0.25941078728264055
0.20286702508205184
0.19462092785329088
0.14197248070694046
0.13036440240550856
0.11201413812248573
0.10442683113391593
0.08981025617283117
0.08357004329481715
0.07537167903356295
0.06849088123743419
0.06254941231573219
0.058739060113990216
0.055173430343928465
0.05132199260937231
0.04758696543620261
0.04481032859676504
0.042716443836218476
0.04079261068326401
0.03884985184263229
0.036971561680133824
0.03509574329772147
0.03322710002682783
0.03155066340404794
0.03014578470171514
0.02882585568938123
0.027450858561118063
0.02618549113640123
0.025162123623394983
0.02423560126402302
0.023167743990691658
0.022028659144107787
0.02113891094043996
0.020503441564476366
0.019879190439913097
0.01904858407252291
0.018132168127242332
0.01744523672218229
0.016992070368421375
0.01659208783105054
0.016134869415508235
0.015704048377302382
0.015379152001516683
0.015094193286226798
0.014736917591554655
0.01431086616173216
0.013944373127800946
0.01367609947165438
0.013420693391317962
0.013092248204968682
0.012717822756156683
0.012416359405419408
0.012188556135100614
0.01192993540658871
0.011592691363943308
0.011286184963666845
0.011103931571902315
0.010979719639164498
0.010821119015813008
0.01060798541548863
0.010391197420302256
0.010221349911842592
0.010075042872543682
0.009909563600318083
0.0097219869812607
0.009548634040515036
0.009394935595976484
0.009226578096834692
0.009015790993407213
0.008797777358074965
0.008616789520500157
0.008472864612972919
0.008330862080504042
0.008182147286853347
0.00804307780272312
0.007924256334700008
0.00781084595728887
0.0076916668429801716
0.007565973888499444
0.007435373680804491
0.007289033607347617
0.007129216054151011
0.006978635532210342
0.006854333429101633
0.0067440867506844415
0.0066317914138088185
0.006513636406767831
0.006403528425583338
0.0063083263799045275
0.006221130612574566
0.006134389752173952
0.006052051419188076
0.005976526306686547
0.005900802707978103
0.00581625321750745
0.005724785896802587
0.005636866503885285
0.005562184844333851
0.005501927576471
0.00544794626306444
0.005390222178372039
0.005328454462504462
0.005273250328951817
0.0052321851222191795
0.005197562953375312
0.005153755644583646
0.005090923718077567
0.005020805823783447
0.004968752109253349
0.004934906633912883
0.00490098123885907
0.004854133213714418
0.004801653751043744
0.004761079931971335
0.004733342527405482
0.0047047171248245645
0.004665383209320306
0.004621483135071547
0.004586383228816937
0.004560064711644274
0.004531497072011392
0.004493706524757335
0.004453426560777962
0.004422837905361521
0.004400587753487506
0.004375339053649063
0.004340453602815986
0.004302966705249434
0.0042743824204540815
0.004254642178968371
0.00423601946539881
