0.09706656980117254
-1.6627221844746156
-0.4271239964888015
-0.06047995431808473
-0.25705416463075353
-2.2603861266803897
-3.526856927204042
-6.91395827466489
3.8884529399090506
2.5394823290992377
-0.32123141143204664
6.297025464049255
23.357627185014067
0.9968084221267334
-0.21899038748401312
17.512415458853194
6.4544582188442305
7.801482781322265
6.224749903423161
7.7072145701003105
16.847064330673607
2.8374900951620083
-1.131801043921852
1.3747705182260503
-5.3402922911726805
0.2537673044061975
-1.6747562084575183
-0.023812487090059644
0.1344024173094653
0.014004116649190832
-2.234779995688766
-0.2586715816536264
-0.027312908978017393
0.0018609494490338645
-0.017586948875725927
-0.0013809355246093484
0.00030649160923494867
-0.0005017341608965875
3.8690894451804876e-5
-0.0003228990204261516
-2.242627968237525e-5
7.093476402951022e-6
-5.834030922282769e-6
2.08968017381928e-6
-3.130860992053958e-6
7.727802556203658e-7
-1.7589014238833793e-6
-4.9807289851579456e-8
2.002572417598744e-7
-2.0464808871035388e-7
-4.818644549031732e-8
1.9783907627091635e-7
2.0933445951264801e-7
-4.818644549031732e-8
0.015987573400426423
-0.0747817244840965
-0.09656640624252003
-0.054544321711152866
0.20006302517534488
0.006602534088631277
-0.019369439898710553
0.0030515609234798135
-0.010312639469608156
0.11902545834254168
0.006024727898816464
-0.0030472694002588595
0.0009256238748981597
-0.0012625079734583425
-5.31341741872979e-5
0.0003834522450808357
1.839361960004093e-5
-2.0945092759015713e-5
-1.3886702255930919e-6
1.1762373230271118e-5
7.57929294844367e-7
-4.2665134171454097e-7
1.0261797317907202e-7
-1.889876911137054e-7
-1.8023962042486566e-9
4.5076933183855564e-8
5.421512282239864e-9
6.731742624171508e-11
-1.249632194717899e-9
-5.655917637793157e-10
7.501394417887795e-10
6.731742624171508e-11
-0.005932673747673441
-0.0012292365646189541
-0.0002588611452319623
-5.500952714671261e-5
-1.1561808410780376e-5
-2.450208731948975e-6
-5.202481192528493e-7
-1.0982058263368093e-7
-2.437943409281373e-8
-5.440232328422321e-9
-3.8976981269779515e-11
-0.0006939065606845806
-0.0007365698343552302
0.004127042327323134
0.00016641677615550056
0.00020478493428145898
0.0011446478234728018
0.00214185131923941
0.006004270830194394
0.048623872675290725
0.0038913882741042124
-0.0395304328864833
-0.006756219391816879
0.004013489195215423
-0.0017346949657548335
0.001958290104774729
-0.00011283295575682831
0.0012386441891505957
9.099365758641551e-5
-1.333088082792144e-5
3.723201772400429e-5
-1.3761304986169533e-6
2.4376765586094027e-5
2.6047218462962846e-6
-1.8229877412020833e-7
1.5808128904227092e-6
1.6253536219267803e-7
6.948665867004608e-12
-1.221374945520842e-7
-1.6472860187171825e-8
-1.6572633777967698e-9
-1.3466372167809735e-9
-1.0729179558034574e-9
6.948665867004608e-12
-4.665511793907022e-5
0.0010429842999319326
7.066751362410887e-5
-4.804788399969821e-6
5.076797644474259e-6
0.00024520641350475516
4.15881627058264e-5
1.1641117082841736e-5
6.1678308593016884e-6
1.0247998658371126e-5
6.6592171386582046e-6
6.4845838732297534e-6
6.1179754964624255e-6
6.266516490069597e-6
6.124479594822218e-6
6.1179754964624255e-6
0.0005309247547066909
8.088622963121203e-5
1.956455776679199e-5
8.889537275442978e-6
6.354272856461161e-6
8.358577250440848e-6
6.1825679173251254e-6
6.685721066148271e-6
6.776696318127574e-6
7.01467528752454e-6
6.1825679173251254e-6
6.581631457938537e-6
6.1825679173251254e-6
6.030078878954891e-6
6.6832965648362865e-6
6.030078878954891e-6
6.884915003690594e-6
6.030078878954891e-6
6.610977913438095e-6
6.030078878954891e-6
6.6084974988321645e-6
6.030078878954891e-6
6.6045650885324464e-6
6.030078878954891e-6
6.842285364686284e-6
6.030078878954891e-6
0.0007543013780349187
0.00011110639421342997
2.5958618919300445e-5
1.0540895746485741e-5
7.804164021449106e-6
6.135081341103363e-6
6.258530147532858e-6
6.743827958446219e-6
6.030078878954891e-6
6.03012980158135e-6
6.030078878954891e-6
6.03012980158135e-6
6.030078878954891e-6
6.03012980158135e-6
6.030078878954891e-6
6.030078878954891e-6
6.03012980158135e-6
6.030078878954891e-6
6.03012980158135e-6
6.030078878954891e-6
6.03012980158135e-6
6.030078878954891e-6
6.03012980158135e-6
6.030078878954891e-6
6.03012980158135e-6
6.030078878954891e-6
6.03012980158135e-6
6.030078878954891e-6
0.0007543013822345285
0.0001111239160751728
2.636281450465048e-5
1.0980762075531469e-5
7.549481212863998e-6
6.369452360403297e-6
6.901785130285177e-6
6.533380136801016e-6
6.030078878954891e-6
