0.9940422753061071
0.9938655055209098
0.9934675760741218
0.9938454270389481
0.9844306485838342
0.9760327037369109
0.9567102976779784
0.8061014808908422
0.9921577828462608
0.663339496986747
0.9798131387275794
0.9369594558976395
0.9541018287775997
0.9666354389759859
0.9966546221491586
0.6441954240849936
0.6455962167303702
0.6174878980188766
0.4723629178705623
0.5997854176377401
0.2679930708217085
0.012502698073126317
0.11194323213683116
0.0053032157407917335
0.03537223623082553
0.0052733742858872
0.008359027617902193
0.005411827562605054
0.005320207564127544
0.005386870142335409
0.009111821475059623
0.005471525136207966
0.005393095991020003
0.005388455250910362
0.005391415293892754
0.0053889139200909986
0.005388673525778098
0.005388788266849243
0.005388711821459613
0.00538875981727055
0.005388719735392344
0.0053887132497854595
0.005388718232201661
0.005388715415125311
0.005388716955224526
0.005388716191846499
0.005388716610198463
0.00538871620911574
0.005388716263404425
0.0053887168027141885
0.005388716059296972
0.005388716310831931
0.005388716355848866
0.005388716059296972
0.004290605551316107
0.0021654426586928954
0.0014900135929173386
0.0005116625530112717
0.00045674028766706787
0.0004168386745789787
0.00034164277870363247
0.0003513856817984329
0.0003414503433644134
0.000520921619306669
0.0003465081103681822
0.0003429324194794692
0.0003442709031912794
0.00034349063673522195
0.0003439075380585743
0.0003440665528905429
0.0003439329802178981
0.0003439194277161661
0.0003439264773821282
0.0003439305894753497
0.00034392725947784974
0.0003439268305622245
0.0003439270157263863
0.00034392691565887645
0.0003439269836718051
0.0003439269989707894
0.00034392698214397166
0.00034392698449348114
0.00034392698291696444
0.00034392698296925595
0.00034392698268959077
0.00034392698449348114
0.0003380617055613322
0.00034233136416783605
0.00034357514053207083
0.00034385146029858316
0.0003439110885479213
0.00034392360819085477
0.0003439262646791619
0.00034392683065898044
0.00034392694959906045
0.0003439269760410202
0.00034392698172469593
0.0003374778860590899
0.00033395979221229055
0.00033202969810841587
0.00033078782114714933
0.00032751258366625624
0.0003119020434575459
0.0002950163130827077
0.0001780959194506715
0.00017867735939863794
0.00010095071374399689
0.00013844011881619656
8.949907677174851e-5
7.50534320062557e-5
6.975642797529824e-5
6.997451850626613e-5
6.921354236077981e-5
6.95596235736895e-5
6.922552993149367e-5
6.921758695432878e-5
6.922079049898056e-5
6.921818798744095e-5
6.921989585167987e-5
6.921851430252701e-5
6.921829971534565e-5
6.921836041651197e-5
6.921833879086625e-5
6.921833210654649e-5
6.921831034240045e-5
6.921832892203827e-5
6.921833209244665e-5
6.921833115247633e-5
6.921833117690124e-5
6.921833210654649e-5
6.688921981351514e-5
6.695989665206348e-5
6.684792691080688e-5
6.687279172873373e-5
6.686909666903107e-5
6.634212116296556e-5
6.67676919444693e-5
6.684992027217174e-5
6.686533145705553e-5
6.68553456374954e-5
6.686382281956282e-5
6.686513956633e-5
6.686528149901783e-5
6.686542139627827e-5
6.68652959685545e-5
6.686528149901783e-5
6.594501076362391e-5
6.666945318978268e-5
6.682953799624913e-5
6.685931320532523e-5
6.686450287834989e-5
6.68611501883909e-5
6.686387610560507e-5
6.686396975585929e-5
6.686423472540559e-5
6.686440984016162e-5
6.686387610560507e-5
6.686413895101717e-5
6.686387610560507e-5
6.686381951864773e-5
6.686423316626389e-5
6.686381951864773e-5
6.686430097657681e-5
6.686381951864773e-5
6.686413806816782e-5
6.686381951864773e-5
6.686417075313367e-5
6.686381951864773e-5
6.686415354784092e-5
6.686381951864773e-5
6.6864290812374e-5
6.686381951864773e-5
6.571290542234376e-5
6.657409782984125e-5
6.680547762233369e-5
6.685263207317771e-5
6.686254141002879e-5
6.686378271236748e-5
6.68638763272611e-5
6.68642047771395e-5
6.686381951864773e-5
6.68638195384097e-5
6.686381951864773e-5
6.68638195384097e-5
6.686381951864773e-5
6.68638195384097e-5
6.686381951864773e-5
6.686381951864773e-5
6.68638195384097e-5
6.686381951864773e-5
6.68638195384097e-5
6.686381951864773e-5
6.68638195384097e-5
6.686381951864773e-5
6.68638195384097e-5
6.686381951864773e-5
6.68638195384097e-5
6.686381951864773e-5
6.68638195384097e-5
6.686381951864773e-5
6.571290542273234e-5
6.657412496891002e-5
6.680568265765574e-5
6.685328693073478e-5
6.686274018713467e-5
6.68638991077608e-5
6.686433334363029e-5
6.686405992722966e-5
6.686381951864773e-5
