0.8060668547112209
0.9963274196251339
0.8194639445518178
0.7968466177860319
0.9843840663717631
0.777212659104806
0.7660667058590868
0.5449432135750386
0.9822019760492036
0.45324867306653943
0.09172216716037424
0.9725827455897047
0.9832401136587923
0.3419576281863555
0.0036148922715342757
0.09467641689538969
0.0011238835123319468
0.0015021535443672795
0.00047743518502696425
0.010730509707649216
0.0006024233383228883
0.00047304331493724927
0.0004756613070439064
0.00047337145178016904
0.0004751871325124335
0.0004755797314428545
0.0004756210922039483
0.00047559306443950566
0.0004756170580257346
0.00047562048710975136
0.00047562100278414343
0.0004756210699226604
0.00047562108040205553
0.0004756210792524196
0.000475621082631994
0.00047562107739052006
0.00047562107904663975
0.0004756210773299019
0.00047562108365972744
0.0004756210837646435
0.0004756210773299019
0.00044880762340676617
0.00046671343300369594
0.0004732232671633141
0.00047500124285632106
0.00047546313528762374
0.00047558095409683254
0.00047561053897043903
0.000475617917855109
0.00044369555432460794
0.00045509275257282766
0.00044777955963631877
0.0004357242228594238
0.0004038161519883676
0.00032053989832803165
0.00013880906705471263
0.0024193515271220822
0.00015376926212640196
0.00013960902604837067
0.00014054287273412847
0.00013973273536360686
0.00013963684694395795
0.00013965110674107883
0.00013963888528201185
0.0001396371843485067
0.00013963698320751394
0.00013963693553503687
0.00013963697631436123
0.00013963698007035674
0.00013963698233104838
0.00013963698224706
0.00013963698320751394
0.00020142360106450985
0.00013310606763311528
0.00013774060649540676
0.00013926668570396483
0.00013956814778431914
0.00013962452707216855
0.00013963463023980438
0.00013963656131305013
0.00013963691729845795
0.0001396369701290312
0.00013963698112973155
8.083655025792336e-5
6.999936353946357e-5
9.908852321627304e-5
7.158764774856108e-5
8.62237342752481e-5
7.27513830980353e-5
7.194910326996373e-5
7.246145006378768e-5
7.25996488884495e-5
7.270054072655574e-5
7.263339065849417e-5
7.26781816965949e-5
7.26453886650269e-5
7.266732542288157e-5
7.264987975935666e-5
7.266149153228874e-5
7.265169906556235e-5
7.265051674498757e-5
7.265130941480624e-5
7.2651320985051e-5
7.265123397759421e-5
7.265132514433503e-5
7.265133442257987e-5
7.265130941480624e-5
0.006006965977638112
8.059425488810001e-5
7.333240701040689e-5
7.273544136454646e-5
7.266237199676784e-5
7.265275863299614e-5
7.265153331209584e-5
7.265141273338216e-5
7.265136741030354e-5
7.265127782296599e-5
7.265130939737574e-5
7.265130939360098e-5
7.265130939737574e-5
7.265130940148357e-5
7.265130939737574e-5
7.265130944300591e-5
7.265130939737574e-5
7.265130944300591e-5
7.265130939737574e-5
7.265130944300591e-5
7.265130939737574e-5
7.265130944300591e-5
7.265130939737574e-5
7.265130944300591e-5
7.265130939737574e-5
7.265130944300591e-5
7.265130939737574e-5
7.265130944300591e-5
7.265130939737574e-5
7.265130944300591e-5
7.265130939737574e-5
7.265130944300591e-5
7.265130939737574e-5
7.265130944300591e-5
7.265130939737574e-5
7.265130944300591e-5
7.265130939737574e-5
0.006007047762991158
8.059446373798185e-5
7.33324562391946e-5
7.273544972297152e-5
7.266237273440002e-5
7.265270764522658e-5
7.265151935786918e-5
7.265128749511796e-5
7.265125184152676e-5
7.265126061978266e-5
7.26513293829445e-5
7.265126062183658e-5
7.265126061978266e-5
7.265126062183658e-5
7.265126061978266e-5
7.265126061917204e-5
7.265126061978266e-5
7.265126061917204e-5
7.265126061978266e-5
7.265126061978266e-5
7.265126061978266e-5
7.265126061978266e-5
7.265126061978266e-5
7.265126061978266e-5
7.265126061978266e-5
7.152511141417239e-5
7.268687684736097e-5
6.989791981448779e-5
7.20457376529593e-5
6.991010625234662e-5
7.215736727816946e-5
6.99679567601752e-5
7.108588224691292e-5
7.001147931995355e-5
6.997275335673958e-5
6.99697149382228e-5
6.997158445859464e-5
6.99718121385251e-5
6.997162132599266e-5
6.997165629640811e-5
6.997180291407057e-5
6.997200663472203e-5
6.997180942658332e-5
6.997181459911239e-5
6.997189344459809e-5
6.997182086276865e-5
6.997182765061671e-5
6.997185632717784e-5
6.997184069124085e-5
6.997184205725926e-5
6.997184283941138e-5
6.997184157153669e-5
6.997184235224552e-5
6.997184205725926e-5
7.309607562200338e-5
7.004071471938822e-5
6.997761391780433e-5
6.997242898765244e-5
6.997195487123964e-5
6.997184469792472e-5
6.997184171275705e-5
6.997184206081197e-5
6.997184177726101e-5
6.997184205725926e-5
