0.09706880674580483
0.11638874686518741
-1.1763009759642142
-4.1360972697008185
-19.85462154634859
-10.437909612222859
23.193570903002584
8.464263600342585
5.1218516368107245
0.4413897674723496
24.019517010014873
23.515316830699163
29.294320727269696
-12.142521376646318
25.706829042572465
31.246954970248826
26.296854576614784
28.67032556357328
28.213879712038832
24.096547040513173
-0.13592683399943686
18.148415292055798
-12.675475272357525
15.870915301326557
-23.01312217672944
7.826365689639434
-3.1559460446002348
3.0022554389335507
-0.43023615269231813
2.279236833687603
1.4861524304720342
-1.8068659180075974
-0.6517134689267174
1.5230894789394036
0.580468136115934
-1.9799710026255826
-0.0957788614566877
0.16973825900731895
0.07754857347925526
-0.22432563759884347
-0.047722011539886734
-0.0006137152150374177
0.29915327254931634
0.05606042569190811
0.012951580339703927
0.0030125515660514093
0.0006656167138481828
8.42973097185617e-6
-0.009075342165789677
-0.018469326298135268
-0.027361402835515133
0.24970996679833646
0.034220335748370585
0.033988671338452466
0.012975102916761462
-0.005230476743779537
0.03755151365612795
0.0029238926833845373
-0.001093372764090987
0.00044317855282785735
-0.00013380100849469417
0.0017971985651871693
0.00047255893957019865
0.0014463793532767544
0.0012809864156650324
0.00038152603036944067
-0.007926026607069073
-0.01274218045867744
-0.031136018196003156
-0.03313645894713846
-0.03501360166224355
-0.03571247289977461
-0.03626035620492573
-0.03367534206291949
-0.020510154618493526
0.018236830069363417
-0.005990074354014433
0.10483305651253999
0.00721142094193064
-0.00179423482406203
0.0042213682380883785
-0.0006421578777234648
0.0026037297563333184
-0.00015870262076619727
0.0016839093322429007
6.011864321374445e-5
-7.686652500976421e-5
-1.339015158364031e-5
3.562116215493298e-5
-4.644327553722778e-6
2.2199489492784063e-5
-8.698666382529489e-7
1.4510463756402661e-5
8.613348121885558e-7
-2.1755099155105714e-7
5.013327464103848e-7
-7.888572024403608e-8
-3.2931273679820774e-9
2.4925279335800954e-7
2.3119231998908818e-8
9.84797305798491e-11
-1.8629074605216875e-9
-7.092624046065074e-10
-3.9115388379146894e-10
8.796422842251839e-11
-0.005887344114504647
-0.004717941689650167
0.0020882755690775534
-0.001393704826559259
0.008512993060942727
0.00016583674356027907
-0.0007333040277197365
-7.116560900083018e-5
2.408189084971982e-5
-3.2854868872382775e-5
-3.960985880619326e-6
1.4771170937053931e-5
-6.576215613870737e-7
9.5904812442551e-6
6.959321685371647e-7
-1.4308566102807684e-7
4.174861482883999e-7
-3.529404846931394e-8
2.661568528779583e-7
8.623076229773809e-9
-1.6394722964643343e-8
-3.4539949434783136e-9
4.728667077864572e-9
-1.1296086090300592e-9
5.488592597449183e-10
-8.069965413985798e-10
-2.6526615574816655e-10
-2.1017136697305413e-10
5.488592597449183e-10
-0.0006485171922393669
-0.00016896249226373985
-4.5430775052594075e-5
-1.2167725339321833e-5
-3.3716860740044727e-6
-9.54450690676848e-7
-2.710807399515907e-7
-7.688790891378674e-8
-2.0695005196739578e-8
-6.109573192902172e-9
-2.936776363443672e-10
0.00020559285943573912
4.0685347321396796e-5
0.0003158836012756917
0.00010564478841111675
0.00039548487752055447
0.000182887315243146
0.0004901854915091874
0.0005984936008544676
0.0006278173205428463
-0.004610157187488401
-8.289505350129458e-5
5.13026787414867e-5
-0.0017072478886635337
-0.0019559188717670887
-0.0026297236040894716
-0.0032364771190401833
-0.005123605113402194
-0.006636753383849376
-0.0075611544493927475
-0.007602565996743934
-0.007552936466673144
-0.007530547764586081
-0.007551606124869081
-0.007552863852270469
-0.0075528294849252844
-0.0075521992955653195
-0.0075527696472012604
-0.007552758232007896
-0.007552772034321072
-0.007552771528058054
-0.0075527696472012604
-0.00755276984288108
-0.0075527696472012604
-0.007552768113633819
-0.0075527709919500025
-0.007552768113633819
-0.007552773368323171
-0.007552768113633819
-0.007552771659728203
-0.007552768113633819
-0.007552768079686236
-0.007511569608441763
-0.007551020581909066
-0.0075527319461731555
-0.00755277117309843
-0.007552772327804605
-0.007552768191477497
-0.007552768079686236
