0.9974570226393542
0.9956673745892505
0.9861958693493338
0.9847520287759886
0.9748293441234261
0.9764395512476802
0.9748373377050923
0.998264523683385
0.999241898163675
0.9995411812677625
0.986201410547289
0.9831733303985362
0.9849983149168151
0.9749428439811725
0.9748477669511146
0.9731983608738726
0.9741242382511882
0.9665183551874286
0.9231062083277579
0.5539862195558092
0.8766479866030497
0.08675344269988627
0.058002854062437215
0.17117191552864452
0.046947274437672215
0.11456053243759778
0.009755704708985069
0.007636952749406123
0.00434096122760963
0.0028325926699800386
0.0021451037742588053
0.0018849897963410522
0.0016316077590513012
0.0010869023845210823
0.0006440052476560099
0.000601099650410275
0.00031001277254461
0.00030025630683078175
0.0002760512504482171
0.00026158636750511777
0.00027179284055273145
0.0002462279561930014
0.0001581448769231164
0.00014827081807872178
0.00014631106970453
0.000149506539937172
0.0001456936331156733
0.00014609262623527242
0.00012920010693939776
0.00010808392376299158
0.00010207529027728146
7.547362079252107e-5
7.288279707506895e-5
7.152902567308939e-5
7.10267582331725e-5
7.135438752181589e-5
7.037777580026772e-5
7.460597320918527e-5
6.990714907983975e-5
7.022068884532384e-5
6.662338276969271e-5
6.496573615377699e-5
6.471469385449513e-5
6.48021494188411e-5
6.540259367271428e-5
6.489795179120961e-5
6.773060787673701e-5
6.487438059410433e-5
6.487716457459491e-5
6.488597789522377e-5
6.488117475034194e-5
6.488452791597599e-5
6.488521076841725e-5
6.488489111067253e-5
6.48852009106915e-5
6.488519625375e-5
6.488519284320038e-5
6.488495492845692e-5
6.488477795613123e-5
6.48847798954133e-5
6.488477795613123e-5
6.361841722885009e-5
6.214310160918002e-5
6.175469185826232e-5
6.117799257998602e-5
6.0543241985844265e-5
5.930473443582773e-5
5.767072179818644e-5
5.633915799135858e-5
5.572584176982698e-5
5.173558779075771e-5
4.8231413922572575e-5
4.4516326331567324e-5
4.275341009341016e-5
4.2471058361137626e-5
4.332867399597928e-5
4.472652255116394e-5
4.3424738224606685e-5
4.337269225490603e-5
4.3407217767965633e-5
4.338448842117204e-5
4.339976361572573e-5
4.3389177190711337e-5
4.33960189406557e-5
4.339055111085566e-5
4.339434768130257e-5
4.339133213615565e-5
4.3393549878478765e-5
4.339163128186385e-5
4.3392698275135366e-5
4.3391802628522935e-5
4.3392150814169916e-5
4.339179801143844e-5
4.339211551968036e-5
4.339181389900748e-5
4.339179801143844e-5
4.686867935699279e-5
4.359501913159258e-5
4.341127072643447e-5
4.339422176202756e-5
4.339202950759402e-5
4.339185530988221e-5
4.339221336047139e-5
4.3392101668371375e-5
4.3392193090574516e-5
4.339186632418279e-5
4.339185530988221e-5
4.339186413504503e-5
4.3391862611874554e-5
4.3391859102515085e-5
4.3391864342434694e-5
4.3391859102515085e-5
4.339186163704323e-5
4.3391859102515085e-5
7.530914742476247e-5
4.417380379279079e-5
4.3455359102329005e-5
4.339822859472653e-5
4.339249577278714e-5
4.33920803480925e-5
