-6.9300687236721545
1.0805888058557822
10.920205564009615
-0.8007436305340526
1.5826184203991358
12.571258763797404
4.750075353978669
32.84162311623004
2.365905958361447
37.69626352242371
27.78952470720875
38.94860460565607
-2.5110516566044185
-45.59820428580218
4.2138543279778276
-31.099612483585155
-1.126740109593215
1.6400480579895487
-0.04513788649732811
8.774438947550502
1.1823856547775227
0.1428818377434066
-0.001149188761848928
0.09489710595011028
0.013008110854612483
0.001205497085498962
-2.5737152409364124e-7
0.0008041931638824937
0.00011606705581790521
1.6657923537843253e-5
2.248255771369305e-6
1.8604897160916047e-7
-3.184190967586029e-8
7.025590355633772e-8
-5.604931172404446e-9
5.144749590072338e-8
5.1843971142044384e-9
5.301075543603223e-9
-8.073546119571162e-9
-4.1087941570431835e-9
5.301075543603223e-9
-0.016888251045270263
-0.0049431029602223725
-0.001298645676844494
-0.00033295018438138314
-8.619477339923548e-5
-2.108811192475644e-5
-5.2351903812185904e-6
-8.580995612247228e-7
0.011559844385351872
0.0028483948513784905
0.004488741890165096
0.006914095939341646
0.012894111042906109
0.027596399799652636
0.007906509457797709
-2.778320278262625
-0.04111992158655946
0.0001700961043394981
-0.004625159585055954
-0.0005618395687210927
7.892970044121659e-7
-8.273086285769063e-5
-1.1737881274458094e-5
-1.3101915450255534e-6
-1.5674636487362051e-9
3.2696437570784516e-7
5.3398519450784214e-8
1.6216121169626335e-8
2.078710037030375e-9
3.209679154913338e-9
-1.5674636487362051e-9
0.04548766837120757
0.019530535336066426
0.004079698120643618
0.0007629661866734091
0.00013978693027628285
2.5703717860314677e-5
4.850769132798031e-6
8.951461017535313e-7
1.2865624186733427e-7
2.4729668959347227e-8
2.7408445810445607e-9
-0.0021697945832818174
-0.0020166262089744693
0.01093976386508577
-0.0006649779725007824
0.0061342903822419175
5.8553654976496914e-5
-0.0004285525600791832
-0.00011211974607590806
-2.9395000540228736e-5
2.871453549113461e-5
-1.0428491892118016e-5
1.5963964842109195e-5
-3.663932633525631e-6
9.257641384391083e-6
-1.0561510250958204e-6
6.058279816646751e-6
7.426428825150093e-8
-7.324657017789957e-7
-4.352660166210254e-8
2.1636209165555835e-7
7.597589122374275e-8
-1.6458469769875014e-7
-1.9032547006397006e-7
-4.352660166210254e-8
1.4554953045392263
0.004495981956310544
0.00045307537763107945
5.750190411089209e-5
7.46494108883307e-6
9.390615462535965e-7
1.4436280242155838e-8
-1.2302588548149526e-7
-2.3067049200045814e-7
-8.912903860638743e-8
-4.2924327732316016e-8
-4.298950456715782e-8
-4.2924327732316016e-8
-4.428878426935089e-8
-4.2924327732316016e-8
-4.3402082632075275e-8
-4.2924327732316016e-8
-4.3402082632075275e-8
-4.2924327732316016e-8
-4.3402082632075275e-8
-4.2924327732316016e-8
-4.3402082632075275e-8
-4.2924327732316016e-8
-4.3402082632075275e-8
-4.2924327732316016e-8
-4.3402082632075275e-8
-4.2924327732316016e-8
-4.3402082632075275e-8
-4.2924327732316016e-8
-4.3402082632075275e-8
-4.2924327732316016e-8
-4.3402082632075275e-8
-4.2924327732316016e-8
-4.3402082632075275e-8
-4.2924327732316016e-8
-4.3402082632075275e-8
-4.2924327732316016e-8
1.4555119014792652
0.004495597349235581
0.0004531069065493228
5.749845175247405e-5
7.467400548450728e-6
1.0388248139424821e-6
-4.438028381712005e-8
8.220593326028462e-8
9.735773562001934e-8
4.614403059603666e-8
-1.2204850990595508e-7
4.6326145438936084e-8
4.614403059603666e-8
4.6326145438936084e-8
4.614403059603666e-8
4.8049656007681325e-8
4.614403059603666e-8
4.8049656007681325e-8
4.614403059603666e-8
4.787976981026088e-8
4.614403059603666e-8
4.787976981026088e-8
4.614403059603666e-8
4.787976981026088e-8
4.614403059603666e-8
0.00014107943875078644
-0.0006371125002315855
0.00016849187617677666
-0.0006972324720431859
7.498556970567015e-5
-0.0009235587724291082
3.6008247416486605e-6
-0.0005566032704929272
-3.624171939253873e-5
-8.749316688974838e-7
2.2399293537907578e-6
2.7909465094330605e-7
6.726429126478959e-7
2.1923574056528475e-7
1.582992854700393e-7
6.126101448248788e-8
-3.563883700957811e-7
5.457276592715925e-8
4.4060455581396905e-8
-9.223027537017275e-8
3.419870305274003e-8
2.533689894490369e-8
-1.941686655131719e-8
2.747094901092739e-9
5.88949378228753e-10
1.731365638742794e-9
3.521827069958016e-9
1.3752969094783413e-9
5.88949378228753e-10
-0.001433382530718556
-7.433184593137934e-5
-7.244884679732503e-6
-6.64451655799952e-7
-2.6394348215260564e-7
-3.9029382071413145e-9
4.268375925902067e-9
1.6980937206295154e-9
3.394554564312304e-9
5.88949378228753e-10
