0.9940422753061071
0.9884704936572506
0.9717633593512638
0.959369949749214
0.6430399955877235
0.887740777440589
0.32928487841471743
0.8028151512198082
0.9596934441555656
0.9814262893657544
0.3329148587660126
0.3283630046023906
0.20620435708772483
0.8022540986597468
0.3143979395177169
0.161892977312734
0.1008438902543276
0.07139324693562743
0.06544817113037465
0.04492448745910388
0.9998090316510946
0.026394174495327605
0.9022767908294548
0.021697354990939888
0.1358134179257326
0.01180089897565928
0.01146813553454118
0.00904198156635938
0.006294951279656513
0.004961278029650462
0.003876131029652563
0.002018947014536976
0.0013196184678253564
0.0009724020833596914
0.0007525565919683785
0.0009386999914646199
0.0006801122742690624
0.0006110666702436318
0.0005508692307572005
0.0005098470821709999
0.0005244648063916779
0.0005087762253560557
0.0005112517426493213
0.0005001291439679645
0.0005062792704512153
0.0005080813359531478
0.0005085280180452401
0.0004895235885281624
0.00042930742460023374
0.00039855773794528204
0.00025121426705565497
0.00030295010736480776
0.0002033863005311276
0.00015993497344068963
0.00013136364140853285
0.00012432584424654225
0.00016569602120686255
0.00012219468942004097
0.00012005408048976207
0.00011930236392576621
0.00011744046198280955
0.00011699867429482147
0.00011724147761799086
0.00011666658045633715
0.00011592115627861999
0.0001138300099846612
0.00010718808858622975
0.0001004149659545317
8.991434572797052e-5
8.899929922501215e-5
8.81728968418205e-5
8.776377491309661e-5
8.685140507058708e-5
8.619955485034136e-5
8.672905590689783e-5
9.118478735414826e-5
8.796258760002118e-5
0.00010288637401933975
8.904895973793625e-5
8.828868671578727e-5
8.878736759909689e-5
8.838145334699732e-5
8.864953684895038e-5
8.842068456571539e-5
8.857263125738868e-5
8.843856349854962e-5
8.842737567260617e-5
8.843256316154458e-5
8.843655233414793e-5
8.843325384938483e-5
8.843545206332903e-5
8.843356293630755e-5
8.843482203191311e-5
8.843370458111455e-5
8.84336163089472e-5
8.843367505351196e-5
8.843362749227923e-5
8.843363356469958e-5
8.843365439226147e-5
8.843363596333642e-5
8.843363396870974e-5
8.843363374705371e-5
8.843363395449888e-5
8.843363396598969e-5
8.843363393923331e-5
8.540264072554038e-5
8.501301244057125e-5
8.539872541324378e-5
8.491832646501107e-5
8.624795585976397e-5
8.501031014462868e-5
8.495248566442459e-5
8.499375534798403e-5
8.50002569591779e-5
8.499640133380337e-5
8.499840313036522e-5
8.499960932339956e-5
8.49986353632648e-5
8.499930085026364e-5
8.499873101830424e-5
8.49986723520102e-5
8.4998711154749e-5
8.499868030070745e-5
8.499870083988892e-5
8.499868296685253e-5
8.499868032357805e-5
8.499868213379669e-5
8.499868268274646e-5
8.499868217076711e-5
8.499868123301724e-5
8.499868213474038e-5
8.49986820860571e-5
8.499868196276683e-5
8.499868123301724e-5
8.490566612434636e-5
8.49701604248021e-5
8.499073939216562e-5
8.4996416831018e-5
8.499803139311313e-5
8.499849723447861e-5
8.499862966704352e-5
8.49986677219916e-5
8.499867756039947e-5
8.499868113132081e-5
8.499868076028427e-5
8.494961469301954e-5
8.498539966406149e-5
8.491433850377206e-5
8.496046786965472e-5
8.48763636575045e-5
8.492810973859122e-5
8.48258181152528e-5
8.475684652031745e-5
8.442880524983654e-5
8.458081763224046e-5
8.423837287180325e-5
8.378210867415747e-5
8.24737544335985e-5
8.202018594716254e-5
8.174396529553318e-5
8.150369074078068e-5
8.075717686573114e-5
8.014191798644266e-5
7.973895261659258e-5
7.96985461031241e-5
7.971262275419111e-5
7.972079579121605e-5
7.971311447463325e-5
7.971264536504874e-5
7.97126550605709e-5
7.971286960439805e-5
7.971267168949137e-5
7.97126781566515e-5
7.971267326689624e-5
7.971267325734832e-5
7.971267168949137e-5
7.971267194417653e-5
7.971267168949137e-5
7.971267137352189e-5
7.971267279893723e-5
7.971267137352189e-5
7.971267305229013e-5
7.971267137352189e-5
7.971267330769694e-5
7.971267137352189e-5
7.971267137879545e-5
7.973349187723189e-5
7.97136386170294e-5
7.971272013473918e-5
7.971267358852785e-5
7.971267325601605e-5
7.971267137318883e-5
7.971267137879545e-5
