0.00019935549487237747
0.058907784455646706
4.6842761469823024e-5
0.0004030741431881868
0.45355960480066515
0.21431838878897502
0.09702253173060549
0.07341539141848452
0.08990893537954936
0.07505669446393037
0.07739483921917933
0.08650934206173189
0.08232487440397318
0.07875555026473413
0.07876758161606334
0.07818158178716905
0.07629593736990192
0.0717442191165959
0.06895742647283531
0.04225788051373336
0.0595861082692859
0.051629936001117316
0.02544559814667946
0.04467791488406336
0.04002772445710312
0.03559119196707905
0.037872934851333584
0.04319260479764642
0.03953138626891206
0.03767367900670615
0.029756844966810525
0.01914824284638228
0.027018796623053398
0.024795534229760552
0.02546123088537855
0.022653612895623065
0.01977002505500003
0.020715541542370874
0.01949374429078754
0.020225657862229407
0.017405428023419267
0.017874360387295174
0.017029774831245348
0.014201141714858423
0.013061619560139182
0.013821948184991939
0.01178129681170903
0.013198976803750817
0.013093968942124001
0.011327855915102103
0.01228979137523667
0.011771137282140076
0.012001527436168558
0.012939808608672942
0.012076665326915315
0.01215268307188122
0.012078141093687877
0.011950592937820859
0.012044446475925175
0.011548057551526547
0.011394429719421173
0.011224807143478288
0.011163040282462844
0.011080037425190148
0.011141551300693275
0.010927382324948831
0.01081779283091322
0.010649786402396
0.01042839517821581
0.006669588762993395
0.01016604812506594
0.009899573773768044
0.009903187274594494
0.010288723528194654
0.009873235295229654
0.010151785081807363
0.009907312902704968
0.009888173699589053
0.009900928281553867
0.009890362303228706
0.00989740845791598
0.0098912728105095
0.009890834962193784
0.009891128308331942
0.009890888461809744
0.009891043820368983
0.00989090144149607
0.009890888385139407
0.009890899035902012
0.009890892106151572
0.009890888903129502
0.009890895120424181
0.009890895916568332
0.009890888385139407
0.010103341655162912
0.009918406055424267
0.00989485154065417
0.009891464383413151
0.009890984776736
0.009890909889943678
0.009890889210536047
0.009890895271631561
0.009890895868880478
0.009890897496866669
0.009890891212784525
0.009890889210536047
0.010103342467543186
0.009918411203678645
0.009894847150952568
0.009891471229203419
0.00989097692301455
0.009890904787051902
0.009890897772333651
0.009890898316706753
0.009890897745212013
0.009890898407503346
0.009890889210536047
