2.5007259473418513e-8
1.0798383511911695e-8
2.5071559375193075e-8
5.896107275712211e-8
1.8456540175661607e-5
2.5084093688412584e-7
3.2527416546512366e-5
0.00015915750966144883
0.00011055575917170036
0.00016002724093684687
3.704809524653806e-5
3.35203244146806e-5
1.9180389044668865e-5
3.460773722940375e-5
2.8875076651095502e-5
1.912368837443944e-5
7.67733272066405e-6
7.728456351091875e-6
6.620651785344976e-6
4.090206807047449e-6
3.89165354572861e-8
3.102656256454017e-6
1.1271211438403116e-6
3.0716446659526716e-6
3.4072388336206624e-6
3.329941973128725e-6
3.718112607793147e-6
3.51156582119441e-6
3.4956522960918218e-6
3.2622231258706683e-6
3.1511756223651316e-6
2.8052362066646177e-6
2.773541741280818e-6
2.7599508177936585e-6
2.739676340225933e-6
2.689905490712251e-6
2.7260644347044667e-6
2.730153727302639e-6
2.7324921708256063e-6
2.7373479014074415e-6
2.7328688931346073e-6
2.737556190068012e-6
2.7645982259688054e-6
2.741313835760012e-6
2.7383958317198456e-6
2.7377758272911345e-6
2.7376327672853982e-6
2.738406944848763e-6
2.7382315750980324e-6
2.734518685167792e-6
2.694615923772459e-6
2.641882315210372e-6
2.6683540214354263e-6
2.6487183271590997e-6
2.6247184096718197e-6
2.6113324348119027e-6
2.599090435844787e-6
2.607152054037883e-6
2.6068708874273268e-6
2.6108454257324086e-6
2.608809200532183e-6
2.608730718269448e-6
2.6087808679124583e-6
2.6094193587803283e-6
2.609486038629633e-6
2.6099873738814287e-6
2.6032668436479288e-6
2.5958978420444027e-6
2.577948000563276e-6
2.5770192673753734e-6
2.5762185148762887e-6
2.5758194443458696e-6
2.5749227854319763e-6
2.5742325843936724e-6
2.5744128718109376e-6
2.5776625649543707e-6
2.5755508404669302e-6
2.589134043855983e-6
2.5769431427799766e-6
2.5759884013056207e-6
2.576623230574255e-6
2.576109372724267e-6
2.5764513719063876e-6
2.5761601339893583e-6
2.576355364041535e-6
2.576183351252106e-6
2.5761688791764415e-6
2.576175604742726e-6
2.5761802593854996e-6
2.57617639646884e-6
2.576178830785694e-6
2.5761767940023542e-6
2.5761780754509343e-6
2.5761766847961446e-6
2.5761768626253586e-6
2.5761769383592114e-6
2.5761768772046795e-6
2.576176885173186e-6
2.576176911768611e-6
2.576176887978559e-6
2.5761768855272864e-6
2.5761768852969476e-6
2.576176885473564e-6
2.5761768855123244e-6
2.576176885525118e-6
2.5683739704478637e-6
2.56844868673007e-6
2.5723263629160776e-6
2.570240288645939e-6
2.574555983741447e-6
2.570880342104686e-6
2.5705103701417894e-6
2.5707825661641843e-6
2.5708222227768677e-6
2.5707973047782136e-6
2.570809892753201e-6
2.57081844654743e-6
2.570811382243156e-6
2.570817109727127e-6
2.5708118242895664e-6
2.5708116068953214e-6
2.570812064294414e-6
2.57081155605307e-6
2.5708119804537105e-6
2.5708116327685052e-6
2.5708116392729593e-6
2.5708116277629064e-6
2.5708119159917114e-6
2.570811628526727e-6
2.5708116567730124e-6
2.5708115825280944e-6
2.5708116658002965e-6
2.570811650927157e-6
2.5708116567730124e-6
2.5713515717951e-6
2.570953121714824e-6
2.570850087713571e-6
2.5708225650176975e-6
2.5708145747116353e-6
2.5708119045673647e-6
2.570811696059078e-6
2.5708117105639684e-6
2.5708116743680958e-6
2.5708116707920717e-6
2.570811678477439e-6
2.5716923645826987e-6
2.57098340943285e-6
2.5720897386354697e-6
2.5712403190276847e-6
2.5722350210674962e-6
2.5715005261122965e-6
2.5723675324693584e-6
2.572450842713316e-6
2.571611755849848e-6
2.567191649779574e-6
2.5702360395382542e-6
2.5699865802870383e-6
2.565924405397498e-6
2.5645781927364033e-6
2.563049879684878e-6
2.562178065819475e-6
2.560091779370158e-6
2.558766907776377e-6
2.5580059893460074e-6
2.557883330919677e-6
2.5578551103603783e-6
2.5578265694454127e-6
2.557852843570866e-6
2.5578537797617154e-6
2.5578543691226864e-6
2.5578541378270723e-6
2.55785512469223e-6
2.5578558602902274e-6
2.55785439270056e-6
2.5578543968327798e-6
2.55785512469223e-6
2.557855029744363e-6
2.55785512469223e-6
2.557855034349837e-6
2.557854741296441e-6
2.557855034349837e-6
2.557855363217521e-6
2.557855034349837e-6
2.5578542302666916e-6
2.557855034349837e-6
2.5578550343240873e-6
2.5577448837714543e-6
2.5578489712267975e-6
2.5578542177160215e-6
2.5578541507843182e-6
2.5578543968401523e-6
2.557855034345663e-6
2.5578550343240873e-6
