0.9940422753061071
0.9986521662025365
0.9972220756346984
0.9958996952077692
0.9950384039472128
0.9941173362390165
0.9940738878138757
0.9941015877615589
0.9940777792407368
0.9940745501548358
0.994074209510953
0.9940744364681814
0.9940742445788503
0.9940742162880783
0.9940742128617622
0.9940742146014067
0.9940742154353893
0.9940742147273018
0.9940742146219108
0.9940742146076911
0.9940742146171809
0.9940742146092676
0.9940742146081938
0.9940742146084611
0.9891534849055853
0.9637243692869913
0.856094785628771
0.14048702547863862
0.34747446585482483
0.182765386484184
0.9566835768952284
0.9620597777311379
0.15526995063723992
0.03864056892426693
0.030349838100854176
0.013555203082682377
0.006482270343510899
0.010959717295116578
0.0005665792535458625
0.00742213324707125
0.010205145442148567
0.010650662816904466
0.03313463912688913
0.0002012982759146964
0.01171992796676935
0.0010851162413560989
0.0068399448469882995
0.0019157507907693883
0.002431631300130188
0.0028106268970383708
0.0025399510773348455
0.0027290652583187303
0.002784220727684583
0.0027992298681988603
0.002802309255978519
0.0028036874859018734
0.002804562425845203
0.00280759354935578
0.0028048799570652427
0.002804599788750861
0.0028045807770704645
0.0028045853943121646
0.002804594838311747
0.002804587257770108
0.0028045855694442956
0.0028045857416232334
0.002804585571248519
0.0028045855694442956
0.9996041581346511
0.9885698754963361
0.004241812309080606
0.0029337053126904378
0.0028177876047697503
0.002805953873185718
0.002804727434153609
0.002804600517926803
0.002804587688429838
0.0028045863283282513
0.0028045856413029813
0.0028045860899271746
0.002804585640125312
0.0028045856471669017
0.0028045856413029813
0.0028045856412857173
0.0028045856413029813
0.2178867768270572
0.004896498520292392
0.002980217379479122
0.0028221688530832845
0.002806378151586131
0.0028047688590767117
0.00280460487284917
0.002804588162762023
0.002804586024325928
0.0028045856917595646
0.0028045856414495307
0.002804585661025538
0.0028045856413029813
