1.1380092612715287
-5.583246220507053
-0.47822840846162495
-0.38518465514857925
0.3322318186004045
1.126564164471988
23.12828375231961
32.926070894120215
72.23873584830764
27.819545839175557
-9.216756382625839
0.8720692249320883
0.3499846429791143
-0.4040798275753407
0.022260247952096954
-0.23191808748552584
-0.025416462823924
-0.006479826802074284
0.026314185062980496
0.016598851134885347
-0.011119905157823934
-0.0037900834688816805
0.04647712199683211
0.035806215358716253
-0.010579008093690485
0.053995593821184
-0.008537426723664653
0.01742775472919183
0.008973074040863524
-0.08854339579553816
-0.018549581585425225
-0.012482510900295311
0.026573058534671904
0.011303945307768298
-0.15603655655040058
-0.02022215410631608
-0.0025005862068824703
0.22342216440809282
0.015191649198324835
0.00031871779256295325
-0.06205626667456895
-0.01860087466661168
-0.003181912870540682
0.2502561749534042
0.00855548263284181
0.0007004492375050061
-9.60337494200615e-5
0.09066869200550423
0.007533218840095543
0.006329361444970668
-0.01722110982235234
-0.0009885049604945791
0.043215700540187085
0.0040983923250184125
0.00020443684834381973
-0.0002402082424897957
0.003116896275715578
0.00647760095837697
0.017185253185593333
0.010085703077368146
2.189123693163384
0.04331749588923585
0.011091357769708751
0.00535622575593519
0.009377063617522151
0.0024987856650595585
-0.015571755882361676
-0.0008411752533364008
0.0008679355078683069
5.0614058324080564e-5
-0.0005446148736263978
-4.548085352868981e-5
2.7091117643577977e-6
-2.933412567408591e-5
-2.455388548068189e-6
1.8572701887898202e-7
-1.075794416958003e-6
-7.565242256180997e-8
7.07806707179767e-8
1.000562961889887e-8
-1.7335481203836282e-8
-1.491841227934184e-9
6.2630596614689506e-9
1.000562961889887e-8
-0.030616529714399286
-0.004781190959263196
-0.0007909482949821169
-0.00013194900675767314
-2.1699198371921994e-5
-3.1325879226474435e-6
-8.56855151100836e-7
-1.5565238988551117e-7
-2.886644581356643e-8
-4.4204744008730324e-10
4.303106057002967e-9
1.0096053016801564e-8
-3.089958957594186e-9
1.6662118892011182e-9
1.0096053016801564e-8
1.2586527835068756e-8
4.753414985598661e-9
1.2586527835068756e-8
1.2145055183479526e-8
1.2586527835068756e-8
8.868901782814762e-9
1.2586527835068756e-8
1.2523538771319773e-8
1.2586527835068756e-8
1.2487617709125631e-8
1.2586527835068756e-8
1.2714664189313722e-8
1.2892769102572144e-8
1.2669573125223367e-8
1.2892769102572144e-8
1.2497455502433412e-8
1.2892769102572144e-8
1.2922221833365198e-8
1.2510699273850348e-8
1.2922221833365198e-8
1.2510699273850348e-8
1.2922221833365198e-8
-0.030617045424355744
-0.004781264262788489
-0.0007911016296735005
-0.0001318550592833223
-2.16773877125782e-5
-3.1349463452767787e-6
-8.456393412826073e-7
-1.5837240201719076e-7
-2.520019888213383e-8
-1.1206813420390367e-9
-0.0005565034067918771
-0.0029878007925836555
-0.0051877477005019485
-0.006938970951574949
-0.006821350160886428
-0.0062467507353106315
-0.003995813925128077
-0.001975484890009317
0.0009547854284073765
-0.005094136836216749
-0.005277444944011664
0.0012043389707000432
0.00021015956906104098
-0.00669806436319992
0.005458672318195855
-0.0023682399267693534
0.002158450795246688
4.590502117916325e-5
-0.01574890103289167
-0.0007657474856188617
-2.966483155594675e-5
6.404903011575777e-6
-1.3382221093152214e-5
2.759526040671947e-6
9.648721149750719e-7
-6.164921955598721e-6
1.5003158361110253e-7
-2.082849561326661e-7
6.60677865465317e-8
2.6122942528885685e-8
9.074631135169468e-9
-9.904143518036682e-8
1.1050435891055358e-10
-1.1096683963421447e-8
-2.4702106538550886e-9
-1.589599920062764e-9
-2.662250915977945e-9
1.1050435891055358e-10
-0.028669650273017898
-0.0011925462066071657
-9.820236903416944e-5
-8.556098192386802e-6
-7.436488994898565e-7
-6.576398649901369e-8
-8.070166967031616e-9
-2.580785023255339e-9
-2.4474173344191203e-9
-1.6013961146023778e-9
1.1050435891055358e-10
