1.1380114226888993
-5.583309835477407
-0.47822824622783966
-0.3852170407444682
0.3318593107345826
1.1262743841818812
23.116998450221647
32.93444364708205
72.27154696249227
27.82860524566023
-9.215164618125796
0.8622295845400366
0.35021712143804173
-0.40537180204114565
0.022021270156826894
-0.23206581447955613
-0.02563442330407426
-0.006684139125101407
0.02607874004259061
0.016443474167168806
-0.011280932884665923
-0.004061402050155883
0.04531830847235461
0.03511765646657802
-0.005959256011058442
0.015116443913445797
0.0020346753040823375
0.003984635901045013
-0.010955324149652142
-0.004936776570473676
0.09996036599123108
0.013222684981840035
0.006948227150599585
-0.0017274879148238822
0.009816582883731842
0.011036539390688896
0.004284795497960865
-0.02268262386029163
-0.0036044882174795403
0.005584356791664024
0.002571465692621975
-0.030288318550414407
-0.0022097067939291217
0.06339025213160447
0.002239749516894992
-0.000443793064095823
0.0013321403012507382
-0.0001237463759689355
0.0008430453895230723
9.071398497831999e-6
-7.063871950856134e-5
-8.22346291474968e-6
-1.3099823436754344e-6
5.554817827178755e-6
-3.402600543990179e-7
-1.791887246294561e-7
2.6510079545603025e-6
-1.5394209793356017e-7
-1.6343687400742075e-7
-2.3775281693168065e-7
-1.994239697381189e-7
-1.6343687400742075e-7
0.09184860836901985
0.005595694281974172
0.0006280864863913039
7.443502946779611e-5
8.501906395892405e-6
5.611539095918391e-7
-1.3050693884932389e-7
-2.2157234482620935e-7
-2.0832817855434783e-7
-1.9755103654511408e-7
-1.6343687400742075e-7
