0.863965521283644
0.4114891720704231
0.9995205339147559
0.9996583287521543
0.9672635850736339
0.764782588272042
0.5790945404806565
0.19786418512201137
0.8421490318044536
0.15657996734463608
0.045005393486767686
0.0025805370566251984
0.0004727169818327104
0.00052378965075911
0.0004093240238611795
0.0004372524652293541
0.0004058882162421007
0.00039521949592780103
0.00038396114894012623
0.0003788994952605984
0.0003725478720034703
0.00036104719238660987
0.0003233488628677228
0.0003067629812065209
0.00025369845095446486
0.00025180770597382773
0.0002525609396240025
0.0002488867969330233
0.00023093519782829697
0.00021552056792328855
0.00021786734717188505
0.00020587366098956394
0.00019506102991889707
0.00019099580977266495
0.00017962481979977296
0.00017073264570754976
0.0001510646945816485
0.00014855909503652676
0.00014974942083489928
0.00013832244121669834
0.00012941211164685384
0.00012065699797936258
0.00011540674602994461
0.00013183293122875916
0.00011571092807693972
0.00011550412703553725
0.00011563327994451589
0.00011552525581870476
0.00011559456081972064
0.00011553421578663903
0.00011552862567681954
0.00011553256540491885
0.00011553303179923091
0.00011553402503322596
0.00011553284698656574
0.00011553282197340753
0.00011553372851924593
0.00011553312909678981
0.00011553282052151337
0.00011553285940879565
0.00011553283108262091
0.00011553282052151337
0.00013803795960060095
0.00011592579889568855
0.00011556641840504422
0.00011553724902424456
0.0001155341113395214
0.00011553315734491587
0.00011553284231258232
0.00011553284976306699
0.00011553283453791252
0.00011553283040299789
0.00011553282052151337
