0.9940422753061071
0.988470497364342
0.97176324739224
0.9593701678350682
0.6430139786005385
0.8877376096281985
0.33033418894621186
0.9993679005159233
0.9937915706378218
0.37246730350235474
0.328664119247139
0.9033005927707723
0.38723357072217796
0.3275717735153021
0.5540364003197722
0.23059443846966415
0.7609360669923282
0.5351528568750694
0.1890494846991902
0.21120314508334026
0.08602771430590828
0.06389946963264798
0.04866114466042082
0.004717646550427612
0.17098823960082454
0.0013918179073654224
0.0017110887014766263
0.0011102362083462713
0.0008426027194910479
0.0004823902955698456
0.0002549283424000959
0.0003223847488683651
0.00017066989583403025
0.0001640491613142392
0.00016718520491715294
0.00015492790968535397
0.0001555163288371464
0.00015472982178138528
0.00015486632369499098
0.0001541665311367013
0.00015153195804507025
0.00014304591752106743
0.00014147327992580783
0.00014099198272138347
0.00014090020815538118
0.00014088527472155832
0.00014076374617133514
0.0001418434357022269
0.00014062173229745234
0.00014069314169895542
0.00014007353850137294
0.00013939491010461769
0.00013912337876131886
0.0001387612530468485
0.00013851712843965247
0.0001373709755018715
0.0001353413059210773
0.00013185430704287793
0.0001294949791426081
0.00012901093883188608
0.00012900129492776635
0.000129429020055416
0.00012908036829195613
0.00013092119973834304
0.00012915291829918019
0.00012937237224708298
0.00012917423275643491
0.00012916130093509892
0.00012916746341296026
0.0001291637839618831
0.00012916519135486304
0.00012916695788173227
0.0001291651861535792
0.0001291658588037925
0.00012916564413317788
0.00012916566414783448
0.00012916553958253196
0.0001291653938105819
0.0001291655702319039
0.00012916553599323644
0.0001291653938105819
0.00013372478500150997
0.00012926370479071636
0.00012917075973473136
0.00012916658346562304
0.00012916565024090332
0.00012916556587488914
0.00012916563631359956
0.00012916609084345776
0.00012916538658769294
0.0001291653938105819
0.00012916559501918723
0.0001291653938105819
0.00012916561874914967
0.00012916539397478388
0.00012916555769493243
0.00012916539397478388
0.00012916540253476994
0.00012916539397478388
0.00012916546858643407
0.00012916539397478388
0.00012916569485754703
0.00012916539397478388
0.00012916554549741166
0.00012916539397478388
0.00012916566864645818
0.00012916539397478388
0.0001291656625922455
0.00012916539397478388
0.00012916565613002584
0.00012916539397478388
0.0001291653939246018
0.00012916539373059033
0.0001291653939246018
0.00012916539379698166
0.0001291653939246018
0.00012916539378104996
0.0001291653939246018
0.00012916539376600644
0.0001291653939246018
0.00012916539374197011
0.0001291653939246018
0.00012916539376500724
0.0001291653939246018
0.00012916539376500724
0.0001291653939246018
0.00012916539376500724
0.0001291653939246018
0.00012916539376500724
0.0001291653939246018
0.00012916539376500724
0.0001291653939246018
0.00012916539376500724
0.0001291653939246018
0.00012916539376500724
0.0001291653939246018
0.00013372495857488786
0.00012926370166593815
0.00012917084588492944
0.0001291665818022869
0.00012916570906540414
0.00012916511329919
0.00012916560155057377
0.0001291652686749578
0.0001291655611534992
0.000129165555019628
0.00012916511329919
0.00012916564641185513
0.00012916511329919
0.00012916512290267468
0.000129165545894816
0.00012916512290267468
0.00012916562975606727
0.00012916512290267468
0.00012916511428373578
0.0001291651956730755
0.00012916511428373578
0.00012916511320493207
0.00012600022143649525
0.0001239256954554957
0.00012176749111308949
0.00012166583953038268
0.00012192120682430474
0.00012171687217077398
0.00012205216625682525
0.00012179295775327503
0.00012213974870439737
0.00012188113799582734
0.00012223264562960523
0.000122332726853136
0.0001225118099147937
0.00012233166321129474
0.0001212058931250315
0.00011891366123240044
0.00011579367256825401
0.00011325727409677855
0.00011719855106051558
0.00011284360515073644
0.00011448320110285515
0.00011286855818420927
0.00011284599555483332
0.00011286254904480097
0.0001128646077664941
0.00011286370371438315
0.00011286423650291866
0.00011286511030456081
0.00011286489073786266
0.0001128649425299888
0.00011286419579570328
0.00011286423650291866
0.9914778409876931
0.00012635887794554268
0.00011302219104225575
0.00011287625047673444
0.00011286604193438965
0.00011286482776096118
0.00011286490491291268
0.00011286445586267124
0.00011286427240891905
0.00011286489068979
0.00011286419130440706
0.00011286445586267124
0.00011655657882864157
0.00011278428818412012
0.00011284186140048114
0.0001128612400065343
0.00011286425256618049
0.00011286426998180499
0.00011286485129091695
0.00011286445872737971
0.00011286483580819073
0.00011286488708939224
0.00011286445872737971
0.00011286483398514902
0.00011286445872737971
0.00011286497621165736
0.00011286445872737971
0.0001128641849397205
0.00011286445872737971
0.00011286487737272033
0.00011286445872737971
0.00011286421296474725
0.00011286445872737971
0.00011286494303586192
0.00011286445872737971
0.00011286485593259288
0.00011286445872737971
0.0001128642013786818
0.00011286445872737971
0.0001128648694749268
0.00011286445872737971
0.0014016609216913611
0.00011404677474657898
0.00011254002292493404
0.00011277981175400464
0.00011284540375239294
0.0001128606001710164
0.00011286397024434791
0.00011286474435412419
0.00011286417590217201
0.00011286491019213418
0.00011286484205808023
0.00011286445872737971
