6.345682488289673e-8
1.8785971255316303e-5
1.4909698935053946e-8
1.6431903399191303e-7
0.00015046452428252145
8.357175620979249e-5
3.142035173531947e-5
2.3001326687262073e-5
3.1663381294897374e-5
2.3363116572303554e-5
2.1492226203570866e-5
2.2384896674084776e-5
2.2336167615194644e-5
2.2316303723653088e-5
2.2327481683001257e-5
2.229810533257645e-5
2.2321807464787693e-5
2.2282006602927936e-5
2.2267812967456777e-5
2.2251404368005268e-5
2.2193565317656886e-5
2.214519712621303e-5
2.1809165882543183e-5
2.1697137407660383e-5
2.1254594002533423e-5
2.1211537105302655e-5
2.1238211684123764e-5
2.1318026036360827e-5
2.1170446485752005e-5
2.0990485676635493e-5
2.053632051882663e-5
2.0850446089659724e-5
2.0818122708802893e-5
2.079393661909751e-5
2.06864215696774e-5
2.066164634437857e-5
2.0565394856225086e-5
2.0592819460264506e-5
2.0573110926296273e-5
2.0442376602117836e-5
2.0400172423131824e-5
2.0300335349523275e-5
2.0201404142421208e-5
2.0032676876714523e-5
2.0185412698966836e-5
2.019491197306029e-5
2.0188579029698948e-5
2.0193756535490613e-5
2.0190303636881922e-5
2.019327875088945e-5
2.019356530818411e-5
2.0193341221785258e-5
2.0193316146551973e-5
2.0193292181105863e-5
2.0193312815699235e-5
2.019331204040052e-5
2.0193301754179642e-5
2.019331159770207e-5
2.019331203097712e-5
2.0193312297038925e-5
2.0193312295349304e-5
2.019331203097712e-5
1.9988335008078216e-5
2.017520156124956e-5
2.0191206140734823e-5
2.0193061063771445e-5
2.0193283293893337e-5
2.0193310284826696e-5
2.0193312274609547e-5
2.0193312775623436e-5
2.0193312216904133e-5
2.0193312176264278e-5
2.019331203097712e-5
