0.09706656980117254
-0.3382947108696049
-0.053008588577718396
0.5035263468065376
-0.8447959848369891
-0.0958021577751703
0.0008406157530049921
-0.06373710482179736
-0.009028202776774326
-0.0008606877411089785
1.3091169909484964e-5
-0.0005694132579846343
-7.696384476377141e-5
-4.313747993555257e-6
4.485400129134262e-6
1.7857932369187094e-8
-2.123984629500152e-6
-3.0562737660342016e-7
-3.4965710320982166e-8
1.5119876157784689e-9
-2.2839236545780693e-8
-2.4642434976991744e-9
5.097581759630918e-10
-2.6911616640600865e-10
-0.005460329280934833
-0.32483560587888505
-0.9625743686629953
6.993925513929266
1.8722301299456001
5.527424452757399
-0.012118293415022827
0.04308980240808995
6.116297392841228
-3.171078190448327
8.261283894092177
-0.4325804352277669
1.0499175531023441
0.03231440964916835
-1.9823996544227322
-0.42221214740061497
-0.05961603739261895
-0.005053826209298737
0.1770427986336475
-0.1750799463944333
0.41418630005708856
-0.09855500835568773
0.19565396961536904
-0.048323722114347045
-0.01983172443767776
0.00031682622735514847
-0.014015111785763822
-0.0039732412455913335
-0.0010696094699965113
-0.0002812889816625879
-0.00011972286245259125
-4.719275549742169e-5
-1.4820822994604882e-6
0.00015762417358862097
1.5268156430135474e-5
5.207244519146415e-7
-3.456522411515262e-7
-7.645658675319391e-8
2.444730939608101e-7
-9.896473430699787e-8
-6.228773141299921e-8
-9.52298322794098e-8
-8.481695831839238e-8
-6.228773141299921e-8
-0.07288762843877183
-0.010393033547727892
0.07388307796867871
0.006852838981527227
0.000702996415159902
7.272469883187163e-5
7.48461917770125e-6
5.628936360773884e-7
4.15160438831115e-8
-6.926799908312725e-8
-5.777699625675087e-8
-1.2529638471668607e-7
-1.6981378728517927e-7
-6.374729973630686e-8
-5.777699625675087e-8
-5.7946629881868024e-8
-5.777699625675087e-8
7.8960493223610415
0.09639152459587895
0.008396423630608014
0.0008438786229495257
8.595250620359939e-5
8.530001465891856e-6
6.7920776853621e-7
-1.104691628919483e-8
-5.471381688123551e-8
-6.016973003780315e-8
-8.939899023278041e-8
-1.6305379660554068e-7
-5.777699625675087e-8
