-0.5993478725423648
-0.814789496582854
-1.4224934017723636
1.8568460867498675
-0.3349928520147001
0.7255682825841634
-0.11593875980444779
0.13932203168997717
0.21851561323406926
-0.0614442502645885
2.490210007880897
-1.024986354421967
1.9613014485815066
0.1444470230568589
-0.0201585496675397
0.7745089764483836
0.20999718178215937
0.12864948766911063
-0.3990630908406087
-1.9668331868938405
-9.283403847474348
0.06894350573092778
-1.3189864997706084
-6.955955827888959
-2.2062386652806008
4.777570386365789
-0.0698140035980459
0.3643942895058491
0.0976078568534058
-0.3169278165562424
-0.1309025091661865
0.37958477644655225
0.06456895688595747
0.012286664401800826
-0.23888404336314567
-0.08173150572874212
-0.03427583688157974
0.06524573444563583
0.0020503973787862595
-0.01273907822370749
-0.0018999874836078355
-0.00045795872002862863
0.013500064645600645
0.009100309619866406
0.0005215950065588331
-0.01153115249504376
-0.0014917570186411607
-3.7364114229412276e-5
-0.00022285520288955321
0.00030511794049581413
0.00016681558804014182
-0.002190902638256301
-0.002074911631076372
-0.0018144064161116713
-0.001278403344197844
0.0010851921545576096
-0.00012968412489802107
0.0056936752962202086
0.0008845652369155011
0.0001102021497397505
0.0004861534090734637
0.0007698472759972764
0.0007470211420096788
0.00040324490522027415
-0.0003964458877304642
5.98829383289819e-5
-0.0029556079417946413
-0.00043390283929686167
-4.517441713258508e-5
5.058745142830381e-6
-2.1415614903839927e-5
-1.3769332826369918e-6
1.5446658344734041e-6
-2.1823643302421546e-8
1.1455629211337674e-6
8.780037589552516e-8
1.2384960163653088e-7
-2.956473248892274e-7
-3.931943387848909e-8
5.15083793766551e-8
-3.931943387848909e-8
-0.00011004569490586252
-0.00041688902141172096
-0.0004803254641913912
-0.00045072310026866413
-0.0002458903544349965
0.00044363468902368754
0.000538541583515471
0.0005955955301987907
0.000623813468613808
0.0008775617247133845
0.0011235193756169326
0.0013021790196757863
0.0011549861337816578
0.0006767050163504132
4.33661691831296e-5
-0.0006791702154894691
-2.1616160223945935e-5
1.290166640046744e-5
-1.012385416374583e-5
4.972643687181488e-6
-4.863676594613675e-6
2.104473233710391e-6
-2.703671321344601e-6
9.448055504636486e-7
-1.2714611593979228e-6
4.0658603786771105e-7
-8.264703014163381e-7
2.945601624039518e-7
-5.2593452782258e-7
8.395517372982221e-8
1.5134971217635367e-7
8.25884903587828e-8
1.520643379017944e-7
1.3921330202632814e-7
8.25884903587828e-8
-0.0017436251566333519
-0.00016765658006023942
-1.699241754612745e-5
-1.4663131343897606e-6
-1.2667168156272795e-7
4.8189841075264663e-8
-1.239943171906069e-7
-2.4413027604330804e-8
1.4512538676375152e-7
5.650101012828126e-8
4.8189841075264663e-8
3.035886040841533e-8
3.184877629807021e-8
2.270349374456534e-8
4.985694675017001e-8
2.270349374456534e-8
3.849660944548768e-8
2.270349374456534e-8
-0.007323901467465268
-0.000608133706293727
-5.9531701925054034e-5
-5.718219517246039e-6
-5.982771354817841e-7
2.058683767983637e-7
