0.863965521283644
0.4084438493685229
0.9995205320448732
0.9993976776093083
0.9888913894332775
0.9183612180992072
0.5836275719888491
0.2866676425398885
0.7140953519331434
0.2218039743229691
0.04980749006793317
0.7766067945524264
0.18293013565071847
0.007324099538817186
0.12440433254311373
0.004535654458360128
0.0019355654726757043
0.0035644960452647645
0.0013332320131211883
0.03834219398302008
0.0024769333273392813
0.0069347771325643515
0.19399549022193818
0.005942655716656864
0.005329844680851625
0.008962919637783617
0.004881954249497111
0.011970900430352482
0.0004965379031203199
0.0003529462279328044
0.001718794292561887
0.03544102733018095
0.002241203393933189
0.0028191101973029653
0.000979083546188586
0.0014342548994379367
0.0013328854509438992
0.0004206639373778298
0.0012042163300887698
0.0005024961126469663
0.001950035155993568
0.0007171166170070187
0.0006334605801944226
0.0005625120762007829
0.0014904849547091592
0.0004474144403562308
0.0032464827249595873
0.0007452923712550907
0.0005342161911976451
0.0011232821397837434
0.0005970655675793246
0.0009149337345640829
0.0006419721516875976
0.0012620210671738241
0.0005344278417600545
0.0006442861917420606
0.000510791012761691
0.0006172125568061904
0.0005215082753649014
0.0007448366338957402
0.0008163304615235178
0.0009080741877212084
0.0009362756526217209
0.0010380152615381277
0.0009336510257210717
0.0010505431727946268
0.0010764155992308844
0.0010109740597805672
0.0009226134324852309
0.053932345737746634
0.0009283617229801644
0.0010184951257075081
0.0007803259251542016
0.0014395672720145525
0.00042203453182820816
0.00031443742990022727
0.0003959046979460368
0.00041005137129823677
0.00040047799248743576
0.0004083682905043351
0.00040306469271012
0.0004076746889605243
0.00040800963508130783
0.00040778461579416003
0.00040797073257531347
0.00040784904458612825
0.0004079537517046039
0.00040796371720241975
0.0004079603763618711
0.0004079624115442826
0.00040796353301186805
0.00040796413623639394
0.0004079641083716834
0.00040796371720241975
0.0002962575514058874
0.00038082401741862393
0.00040377566390747965
0.0004073453496558632
0.0004078722241774857
0.00040795012156924493
0.0004079603175669577
0.00040795867526716156
0.00040796103849172205
0.00040796216180827294
0.00040796212438654056
0.0004079603175669577
0.0002962563623336578
0.00038082049804832874
0.00040377422450899036
0.0004073441671629263
0.00040787205261649806
0.0004079489463482133
0.0004079582673043314
0.0004079610535230871
0.0004079621008968304
0.0004079621082041518
0.0004079603175669577
