0.09706656980117254
0.11638339055500352
-1.1763361210830878
-4.136095039494468
-19.85540796571747
-10.440572480171957
23.016195591182022
0.0266379596188296
0.11355686386720089
23.802162503355873
23.50146329342813
-0.44523174206488725
23.19683226267482
23.81496512506632
5.399414370295037
26.613026884001194
-13.51080102448747
-5.793146096301961
28.08924847196751
15.251119571983672
27.196752267933373
22.185323779203276
20.78009662986289
5.030188549999712
-24.229533247511853
0.7623416619811969
-3.0991713993149617
-0.3796952074867021
-0.032217439638200424
1.1128979015220228
0.5914419826668512
-1.1717790408594793
-0.019119060519180286
0.22272642806973594
0.02933129693245609
0.0017957380772984824
-0.045433717271043096
-0.005734344864561463
-0.00011222984756437518
0.0005950588289833065
0.0005787197101517934
0.002623057545300746
0.00350047590312196
0.003508929058879656
0.00284537230336388
-0.0014055234442383567
0.0008502768576069181
-0.01534501525341017
-0.0017293085536975806
-0.00011167994591478377
0.0002282730839348173
-0.00048520944551112626
-0.0007432663259885211
-0.0011017518649415602
-0.0010968034676316777
-0.001008699194749253
-0.0020267287656740482
-0.005846617197565059
-0.008517973654188053
-0.007990974212640724
-0.006079682162435534
0.0003170556445316717
-0.0035483798687867287
0.016669382107498777
-0.0003314653648703511
0.0037420141222707197
0.00020357536347998654
-9.915659610563081e-5
3.3712017195209346e-5
-4.111982466794405e-5
-5.069404664635486e-6
2.110987601459075e-5
-1.9176045901745786e-6
5.8030149310588224e-6
2.5852727491746266e-7
-7.223092205335529e-7
-3.145038884141183e-7
-4.506864716064101e-7
-2.646796830202654e-7
-6.507952980765933e-7
-4.506864716064101e-7
0.04582102790566894
0.0053708249633760505
0.000708746476623426
9.515627744529369e-5
1.220327635692993e-5
1.5521799180436198e-6
3.8012512970190324e-7
5.449371323184103e-7
-9.104037674748556e-7
-4.506864716064101e-7
-1.492920068964539e-7
-4.506864716064101e-7
-2.970977376706284e-8
-4.497335059362152e-7
-6.4539303190714e-8
-4.497335059362152e-7
-9.12332998866017e-7
-4.497335059362152e-7
-2.3976724904355153e-7
-4.497335059362152e-7
5.402281587734195e-7
-4.497335059362152e-7
-4.352060608527935e-9
-4.497335059362152e-7
2.519169100598727e-7
-4.497335059362152e-7
1.795736731876208e-7
-4.497335059362152e-7
7.329864916017317e-8
-4.497335059362152e-7
-4.493910724857819e-7
-4.5526501692072915e-7
-4.493910724857819e-7
-4.517143401142643e-7
-4.493910724857819e-7
-4.547461412498278e-7
-4.493910724857819e-7
-4.5486846992132007e-7
-4.493910724857819e-7
-4.5515863063491426e-7
-4.493910724857819e-7
-4.5492682244453107e-7
-4.493910724857819e-7
-4.5492682244453107e-7
-4.493910724857819e-7
-4.5492682244453107e-7
-4.493910724857819e-7
-4.5492682244453107e-7
-4.493910724857819e-7
-4.5492682244453107e-7
-4.493910724857819e-7
-4.5492682244453107e-7
-4.493910724857819e-7
-4.5492682244453107e-7
-4.493910724857819e-7
0.04582181696693869
0.005370720714033982
0.0007095113122242679
9.503678125473131e-5
1.2625482275741607e-5
5.677909999836718e-7
5.747433171871366e-7
1.2438112114870192e-7
1.13543402602814e-6
1.4327544759026438e-6
5.677909999836718e-7
1.809570963765403e-6
5.677909999836718e-7
5.006349430762728e-7
1.4024747810419684e-6
5.006349430762728e-7
1.5734684468265489e-6
5.006349430762728e-7
3.956672389755444e-7
9.534071963881606e-7
3.956672389755444e-7
3.852564999822104e-7
-0.0023592643323006655
-0.005821236897805088
-0.010197709980860337
-0.010215843802076142
-0.009456806273040849
-0.010051808910731846
-0.009035512172498806
-0.009800916494209737
-0.008730722437895647
-0.009506500891834413
-0.008388328599014738
-0.007992005826238905
-0.006797743116894232
-0.005967164969977427
-0.006203470188416402
-0.008243835485618033
-0.010448810215915295
-0.007940427705600453
0.02668667211749078
-0.0020993566711228983
0.015180836446026027
0.000149914411624645
-0.0010877341590224054
-9.585771112199373e-5
1.4634920768862878e-5
-4.41844003403489e-5
-8.791459519925152e-7
8.809318948692794e-6
2.043221686076498e-6
1.3286296324891554e-6
-1.0131508273295699e-6
-8.791459519925152e-7
0.2655054059528027
0.05074644143954439
0.0036595024746841525
0.00045270993501259006
6.015781635525608e-5
8.238565598043428e-6
2.1259158788830264e-6
-8.678902203638386e-8
-7.160137906047527e-7
6.366237095282138e-7
-9.869085162389427e-7
-8.678902203638386e-8
0.03039019275269074
0.003074734668962277
0.000464321383755943
7.49748708637576e-5
1.2606072530597365e-5
1.130205145790753e-6
1.6556311091246483e-6
-5.779165126134578e-8
1.078349507092075e-6
1.2602511771302521e-6
-5.779165126134578e-8
1.6805074115184728e-6
-5.779165126134578e-8
1.7557277882543172e-6
-5.779165126134578e-8
-9.944144701535666e-7
-5.779165126134578e-8
1.2213072990945775e-6
-5.779165126134578e-8
-8.962742362665027e-7
-5.779165126134578e-8
1.6323334979528016e-6
-5.779165126134578e-8
1.119079893974751e-6
-5.779165126134578e-8
-9.39922202209552e-7
-5.779165126134578e-8
1.1651783703830753e-6
-5.779165126134578e-8
0.29134361378899837
0.018735218752337763
0.002666938879946739
0.0005457299081579063
0.0001201348149637109
2.7289555165541484e-5
6.629149399317272e-6
2.071075264396052e-6
-9.464781099431273e-7
1.5320192213471896e-6
1.1980703662745715e-6
-5.779165126134578e-8
