0.863965521283644
0.4114880426672728
0.9995205339151711
0.9996583948725635
0.9673054902905109
0.7648296603001634
0.5791480823171371
0.19777417039821205
0.8422344069420502
0.15650552242235105
0.04495891180917744
0.002572678613290913
0.0004719673573738703
0.000522958626466119
0.0004089939982822033
0.0004369967214264969
0.00040557280598640943
0.0003949889028838083
0.00038372271866116137
0.00037873049958336846
0.00037253239928997095
0.0003612167726863569
0.0003244260790144504
0.0003090116892282557
0.0002558821696214686
0.00045278536239834466
0.0002533142675925637
0.0002494828708420327
0.0002436540586473468
0.00023480594740465932
0.00023290610203685613
0.00022227433359683912
0.000196820344345483
0.00019365275314625618
0.00019776491425926856
0.0001901727092668004
0.00017999383982902906
0.00022538315364550865
0.00017687689963402642
0.00017170506542896202
0.00015910829335163967
0.00016511385710415993
0.00015566558835966582
0.00023207661408269908
0.00015476047127005454
0.0001551603900901144
0.00015079868330025725
0.00016829369962384488
0.00014353277694068023
0.0001351669376600806
0.00011620721039251602
0.00011188504248849096
0.00011865354219858792
0.0001117436562825258
0.00011182276109955591
0.0001080427846723575
9.717659964314507e-5
9.293988712938406e-5
8.504678460663495e-5
8.730340373797052e-5
0.0013203516022007866
0.0002139045612524204
8.515932372638035e-5
8.901805052707878e-5
8.385733480525959e-5
8.423263597945319e-5
8.615961307834041e-5
8.428082857808716e-5
8.424109918242495e-5
8.425615789381391e-5
8.427156002782654e-5
8.425851326177014e-5
8.42573562715998e-5
8.425795730598873e-5
8.425717955717893e-5
8.42572563312105e-5
8.425724524374623e-5
8.425725395583283e-5
8.425724954175262e-5
8.425724557120651e-5
8.425725969885e-5
8.425725453692356e-5
8.425724852845207e-5
8.425724557120651e-5
8.697445215410937e-5
8.417237759072993e-5
8.423105716354184e-5
8.425262192091054e-5
8.425644129433918e-5
8.425687477042754e-5
8.425718954224726e-5
8.425723664262641e-5
8.425724863470041e-5
8.425724904642662e-5
8.425724843486027e-5
8.425724536831325e-5
8.425725585647914e-5
8.425725215188695e-5
8.425724536831325e-5
8.425724339267138e-5
8.425724960359204e-5
8.425724339267138e-5
8.42572437825817e-5
8.425724339267138e-5
8.42572463198854e-5
8.425724339267138e-5
8.425724346222685e-5
8.425724339267138e-5
8.425724348859465e-5
8.425724339267138e-5
8.425724332289386e-5
8.425724315719307e-5
8.425724334037987e-5
8.425724315719307e-5
8.425724348154473e-5
8.425724315719307e-5
8.425724314753413e-5
8.425724347871366e-5
8.425724314753413e-5
8.425724347871366e-5
8.425724314753413e-5
8.697465133938875e-5
8.417236744756584e-5
8.423126144752047e-5
8.425263020006568e-5
8.425644486231842e-5
8.425686882423955e-5
8.425717929361198e-5
8.425723282673436e-5
8.425724282845604e-5
8.425724490784825e-5
8.182488567820556e-5
7.863302180383114e-5
7.670513891638864e-5
7.510866093168866e-5
7.481181764856792e-5
7.397152673793705e-5
7.293259150564779e-5
7.15622935882898e-5
6.824344001671312e-5
6.189614543333777e-5
5.5949648718467415e-5
5.211013436745571e-5
5.049550720359619e-5
4.7721807779954606e-5
4.389392074016785e-5
4.3353503491716516e-5
4.225863559237375e-5
4.2191737006702645e-5
4.514549181144911e-5
4.2258340018197504e-5
4.2197209274341674e-5
4.219458102527884e-5
4.219602702931757e-5
4.219485336420803e-5
4.2194986352384056e-5
4.219549932149569e-5
4.219504513958139e-5
4.2195062511796166e-5
4.219504203467617e-5
4.219504487540382e-5
4.219504619279446e-5
4.2195054233529206e-5
4.219504695618381e-5
4.219504753721903e-5
4.219504700991861e-5
4.219504691899134e-5
4.219504694391585e-5
4.219504695618381e-5
4.8805148142316845e-5
4.230453783443666e-5
4.220278670963307e-5
4.2195707973369245e-5
4.219510688441286e-5
4.2195052130600263e-5
4.2195047489645976e-5
4.219504691754805e-5
4.2195046879078824e-5
4.219504696578724e-5
4.219504695618381e-5
