0.9968176926098868
0.9968181155482417
0.9968178010388568
0.9968177371277965
0.9968188980441701
0.9968179861189689
0.9968178052142854
0.9968191327903912
0.9968790617389003
0.9968248973202908
0.9968231621946332
0.9968199169440151
0.9968183806228699
0.996821102243881
0.9968228154153234
0.9968212926135183
0.9968225972860054
0.9968222021753873
0.9968224393027544
0.996822198628306
0.9968224040528318
0.9968224338360632
0.9968224380260681
0.9968224352829516
0.9968224376292096
0.9968224379494661
0.9968224380250164
0.9968224379917265
0.9968224380244045
0.9968224380245684
0.9968224380249491
0.996822438025019
0.9968224380250189
0.9968224380250102
0.9968224380250108
0.9968224380250164
0.9968224380250178
0.9968224380250218
0.9968224380250079
0.9968224380250084
0.9968224380250218
0.9968223904900099
0.9968224259442545
0.9968224349557715
0.9968224372447817
0.9968224377634132
0.996822437951903
0.9968224380124112
0.9968224379852181
0.9968223649767394
0.9968224063874637
0.9968223967374981
0.9968223826383238
0.9968223450221968
0.9968222401833062
0.9968219683163294
0.9968224942403071
0.9968219686064992
0.9968219658902407
0.9968219651474539
0.9968219657406637
0.9968219658498686
0.9968219658433826
0.9968219658692256
0.9968219658597438
0.9968219658611381
0.9968219658583006
0.9968219658606048
0.9968219658610852
0.9968219658610886
0.9968219658610825
0.9968219658611381
0.9968220765381464
0.9968219708734466
0.9968219661937915
0.9968219659079667
0.996821965849913
0.9968219658468787
0.9968219658636195
0.99682196584968
0.9968219658605949
0.9968219658594696
0.9968219658594684
0.9968219303405779
0.9968219045317811
0.9968218665518133
0.9968218979374318
0.9968218769443971
0.9968218950200641
0.9968218969625277
0.9968218956910565
0.9968218953742464
0.9968218951345758
0.9968218952725262
0.9968218951731813
0.9968218952606779
0.9968218951867681
0.9968218952412998
0.9968218952250555
0.9968218952417213
0.9968218952467425
0.9968218952412904
0.9968218952500126
0.9968218952496085
0.9968218952454158
0.9968218952373328
0.9968218952412904
0.9968214173641524
0.996821882562755
0.9968218937273235
0.9968218950419013
0.9968218952061684
0.9968218952384018
0.9968218952446162
0.996821895236348
0.996821895244074
0.9968218952477335
0.9968218952412904
0.9968218952412904
0.9968218952412904
0.9968218952412903
0.9968218952412904
0.9968218952412905
0.9968218952412904
0.9968218952412905
0.9968218952412904
0.9968218952412905
0.9968218952412904
0.9968218952412905
0.9968218952412904
0.9968218952412905
0.9968218952412904
0.9968218952412905
0.9968218952412904
0.9968218952412905
0.9968218952412904
0.9968218952412905
0.9968218952412904
0.9968218952412905
0.9968218952412904
0.9968218952412905
0.9968218952412904
0.9968218952412905
0.9968218952412904
0.9968214173624982
0.996821882569596
0.996821893726366
0.9968218950430701
0.996821895205951
0.9968218952393646
0.9968218952410437
0.9968218952334885
0.9968218952415235
0.9968218952421837
0.9968218952454952
0.9968218952421835
0.9968218952421837
0.9968218952421835
0.9968218952421837
0.9968218952421833
0.9968218952421837
0.9968218952421833
0.9968218952421837
0.9968218952421837
0.9968218952421837
0.9968218952421837
0.9968218952421837
0.9968218952421837
0.9968218952421837
0.9968218965929118
0.996821910807618
0.9968219006542766
0.9968219092248507
0.9968219018747247
0.9968219093302018
0.9968219024612113
0.9968219067044285
0.9968219027685032
0.9968219025048849
0.9968219024804271
0.9968219024926624
0.9968219024930274
0.9968219024901098
0.9968219024869346
0.9968219024872995
0.9968219024955529
0.9968219024916809
0.9968219024886783
0.9968219024893832
0.9968219024882613
0.9968219024871351
0.9968219024872724
0.9968219024865763
0.9968219024864873
0.9968219024864934
0.9968219024865838
0.9968219024864893
0.9968219024864873
0.9968219109450877
0.9968219029494736
0.9968219025392016
0.9968219024896642
0.9968219024905131
0.9968219024841457
0.9968219024865849
0.9968219024864875
0.9968219024865849
0.9968219024864873
