1.1448011491701702
-5.774708667829585
-0.4778021914832881
-0.47262841937866745
0.5122202766566177
-2.7345963946795213
11.839217245066724
39.7035279023982
84.01322867882423
35.10215270420736
36.268962179358056
-216.81288065733875
6.0872013497401785
6.396750944783762
-49.44472059773549
-1.3493553336581419
-1.0193039350773547
3.0074841419659437
1.858269691204718
-4.2008484248752795
-1.3499544585814873
1.8481322512202152
-19.48943190713664
-1.8018937085393576
-8.763027200401645
-13.404010065607425
-10.782855718517022
13.438428795168656
-3.1567293515392123
0.3695922839529419
-1.990622706043252
-21.106539399663074
-3.1284662956405267
-5.179458422599483
-2.6400281848234384
1.5442170096683476
-3.4261260319394373
-0.5834149677814714
2.5662555833531697
0.592099549804562
-1.246520570003863
-0.8816236412990645
-0.965395783525893
-0.9516991351229273
5.432169070863042
0.782525676186826
-4.118882611107656
-0.04665022461300389
0.11622335295538051
-4.238669351156955
-0.9764749930338988
-1.467674903918896
-0.7416982145341491
1.384403836239796
-0.2968072475164005
0.6571592723394735
-0.03841752855650947
0.5146081082015987
0.09684606699008119
-0.22012683408688763
-0.3181289352596873
-0.39082868771988977
-0.26425734788318006
1.1338424719049047
0.06524481598452757
-0.14682596245944304
-0.15186169357513146
-0.011597772547828138
0.2609472053121575
-22.17356761204262
0.011861702889720624
-0.508552300049109
-0.3514685589464246
-0.4503171331448325
-0.07300647940546066
0.9660239788151889
0.06689129649667448
-0.011162759217914561
0.04098738315041142
-0.0021875618748729096
0.026631143304764918
0.0015321526457144413
-0.00026226450417166943
0.0009305908833346689
-5.3830154096076385e-5
0.0006061479704169815
3.216516331403e-5
-1.896687269040864e-5
3.7387953016577858e-6
-1.2720442348553938e-5
-1.8194890636857717e-5
-1.73016721488559e-5
-1.8201511641700484e-5
-1.896687269040864e-5
1.2477173747574346
0.17819346226552538
0.025982262759800277
0.0037924891114269506
0.0005443147106966494
6.502790681369233e-5
-7.819140414136001e-6
-7.805368470365134e-7
-5.013148212152501e-6
-3.990001966731922e-6
-3.9996115114673756e-6
-7.819140414136001e-6
1.247729598706111
0.17819864509300204
0.025991464832516045
0.003804941871921155
0.0005530347093863567
7.764734830921076e-5
3.1601845493113418e-6
-4.59105189779119e-6
-3.903843347627872e-6
-3.769183951604372e-6
-7.819140414136001e-6
