1.582123668650813e-7
1.654164381655228e-7
2.179410739512437e-7
8.016885905581979e-7
4.021534890431312e-7
5.22044682779374e-7
4.249128261321275e-7
0.0020521945544798087
0.0007815800505038429
9.37369280917871e-5
2.7942291092308228e-5
7.888831899760182e-6
8.665486570936902e-7
4.538882186848857e-7
4.3555532884499357e-7
5.563819027261038e-7
4.685935857963973e-7
5.431104582670834e-7
1.0590284958873764e-6
5.698994257742271e-6
7.252614939962749e-5
1.8125859077605406e-5
2.3355700606375075e-5
3.932903454172349e-5
2.5782078346393844e-5
1.2281209581894645e-5
1.9752808315056866e-5
1.5030735667575113e-5
1.2210475449385503e-5
1.0407983036697654e-5
9.665774573558786e-6
7.771583118936984e-6
8.759224678454771e-6
8.137836595691669e-6
7.422233598906262e-6
7.56421547672137e-6
7.336460029332484e-6
7.524497465616949e-6
7.3637459766144955e-6
7.348784889894735e-6
7.359517409481764e-6
7.348069193050932e-6
7.365151962562388e-6
7.28695753480146e-6
7.202404085521544e-6
7.14290788796524e-6
7.19038441552005e-6
7.198983065041624e-6
7.184871285158528e-6
7.195092966379591e-6
7.186266390640621e-6
7.120062770910648e-6
7.112404603369996e-6
7.097675728451238e-6
7.085723232875055e-6
7.062397723847733e-6
7.073090190142916e-6
7.0493174116051036e-6
7.067094780910908e-6
7.071601028285721e-6
7.060663843840714e-6
7.060781650601589e-6
7.067083587968936e-6
7.083347431854729e-6
7.100086462999422e-6
7.0902817202694694e-6
7.1292452995894845e-6
7.095855600509644e-6
7.091442590649328e-6
7.090888307933248e-6
7.091179856296391e-6
7.09094643118989e-6
7.090927807496157e-6
7.090942403593925e-6
7.090919324766881e-6
7.090943621125643e-6
7.090938154082158e-6
7.090936661416792e-6
7.090938494391536e-6
7.090936736871192e-6
7.090938494391536e-6
7.085192296759236e-6
7.068850361423035e-6
7.060548660414983e-6
7.046894203277965e-6
7.036265972955227e-6
7.023441177326107e-6
7.033515405118797e-6
7.056358492263295e-6
7.059448949296807e-6
7.066440667701998e-6
7.0619725034844726e-6
7.047547641165532e-6
7.031805694283216e-6
7.017338016754998e-6
7.010005680274829e-6
7.008605624085791e-6
7.009830517291753e-6
7.009921682666481e-6
7.00986479397871e-6
7.0099011918851005e-6
7.009881292524729e-6
7.009889450600507e-6
7.009876877176e-6
7.009890572451816e-6
7.009886690115957e-6
7.009895766976748e-6
7.009885915155133e-6
7.009893950866552e-6
7.009887637056834e-6
7.00989638053413e-6
7.009889127497417e-6
7.009891137416558e-6
7.009885247369861e-6
7.009890077484468e-6
7.009891137416558e-6
7.011049345364943e-6
7.009779430168939e-6
7.009878051487083e-6
7.009876823439037e-6
7.009895222480009e-6
7.00989229712734e-6
7.009890077978864e-6
7.0098895686193825e-6
7.009886057237225e-6
7.00989237046451e-6
7.00989229712734e-6
7.0098928852246195e-6
7.0098877574730975e-6
7.009894014841853e-6
7.009889759825808e-6
7.009894014841853e-6
7.009890030705047e-6
7.009894014841853e-6
7.059969908192187e-6
7.010022923160334e-6
7.0098661502306266e-6
7.0098900257489424e-6
7.009893327682322e-6
7.009893656912888e-6
